3438
174 189
372 386
475 569
760 775
849 894
1086 1102
1308 1360
1514 1543
1627 1673
1806 1960
2173 2197
2310 2373
2441 2556
2643 2719
2990 2996
3094 3194
3283 3321
3501 3511
3767 3787
3856 3891
4004 4064
4239 4355
4449 4460
4613 4786
4960 4997
5005 5131
5306 5315
5524 5524
5764 5774
5870 5878
6077 6146
6248 6328
6419 6598
6677 6696
6837 6999
7055 7153
7387 7396
7431 7556
7695 7695
7985 7990
8111 8162
8369 8375
8530 8556
8620 8638
8951 8983
9125 9142
9203 9319
9532 9545
9780 9796
9878 9906
48 53
366 397
405 528
686 753
825 988
1056 1110
1261 1377
1552 1599
1715 1797
1838 1885
2019 2072
2279 2309
2492 2568
2681 2764
2963 2982
3154 3157
3356 3359
3416 3473
3601 3608
3863 3930
4083 4120
4282 4300
4528 4557
4721 4797
4879 4961
5071 5141
5346 5348
5539 5559
5776 5787
5984 5986
6027 6158
6326 6330
6539 6563
6617 6655
6996 6998
7140 7174
7224 7245
7460 7578
7641 7704
7824 7902
8017 8069
8294 8310
8533 8561
8735 8781
8813 8948
9033 9137
9341 9381
9409 9417
9743 9763
9866 9950
115 160
248 248
533 591
619 690
816 989
1031 1148
1282 1352
1476 1516
1621 1636
1914 1932
2132 2166
2253 2358
2576 2589
2701 2793
2937 2970
3121 3149
3303 3306
3569 3590
3794 3794
3984 3997
4162 4162
4320 4370
4527 4548
4746 4779
4905 4940
5121 5183
5339 5391
5576 5597
5775 5778
5981 5991
6049 6079
6247 6316
6515 6556
6762 6764
6873 6876
7147 7179
7387 7392
7512 7534
7678 7685
7926 7941
8193 8196
8210 8341
8551 8559
8727 8766
8897 8948
9142 9170
9362 9366
9497 9539
9730 9781
9945 9960
27 115
346 372
446 452
606 734
908 944
1086 1139
1298 1327
1455 1487
1708 1756
1824 1900
2006 2025
2281 2285
2483 2536
2728 2779
2948 2986
3136 3163
3390 3391
3451 3484
3745 3748
3912 3972
4058 4165
4254 4396
4585 4591
4632 4675
4869 4975
5054 5195
5260 5354
5546 5593
5718 5734
5887 5992
6018 6177
6380 6391
6522 6534
6628 6761
6979 6998
7139 7168
7359 7370
7579 7588
7774 7783
7811 7819
8048 8098
8392 8396
8589 8590
8673 8792
8846 8999
9161 9197
9337 9350
9471 9593
9663 9740
9812 9982
146 191
352 390
504 527
655 755
959 972
1194 1198
1305 1321
1572 1572
1683 1712
1970 1987
2096 2123
2388 2397
2518 2526
2684 2754
2836 2891
3008 3144
3213 3263
3567 3577
3681 3782
3941 3978
4137 4186
4383 4393
4486 4535
4610 4698
4968 4988
5014 5102
5215 5386
5486 5517
5703 5758
5826 5908
6160 6187
6278 6308
6499 6507
6777 6779
6922 6979
7009 7059
7283 7377
7516 7551
7607 7699
7875 7927
8099 8150
8290 8319
8470 8474
8739 8787
8907 8931
9069 9130
9348 9381
9492 9579
9625 9755
9907 9989
163 171
201 355
475 513
725 780
971 986
1032 1122
1325 1381
1434 1475
1699 1734
1866 1948
2028 2042
2245 2280
2486 2496
2705 2774
2986 2995
3112 3147
3274 3297
3452 3517
3774 3781
3893 3919
4157 4181
4208 4245
4507 4571
4658 4695
4805 4994
5193 5193
5318 5392
5462 5500
5647 5700
5905 5913
6113 6131
6388 6393
6488 6532
6701 6797
6930 6963
7042 7085
7394 7397
7488 7576
7604 7793
7988 7993
8099 8141
8361 8395
8487 8536
8702 8797
8999 8999
9197 9198
9271 9274
9485 9525
9657 9785
9834 9890
93 190
214 229
595 596
796 797
919 938
1172 1188
1373 1384
1545 1595
1693 1765
1934 1956
2032 2135
2302 2391
2536 2536
2782 2798
2817 2982
3129 3169
3287 3290
3457 3520
3735 3768
3996 3997
4128 4181
4387 4389
4590 4591
4623 4674
4977 4985
5152 5166
5310 5398
5479 5545
5644 5752
5964 5967
6029 6148
6390 6394
6587 6596
6710 6755
6913 6954
7141 7170
7273 7390
7559 7581
7737 7750
7979 7990
8068 8171
8214 8315
8513 8518
8626 8662
8935 8952
9133 9188
9382 9395
9415 9472
9746 9760
9967 9983
69 102
388 395
543 594
664 695
843 920
1028 1074
1327 1344
1409 1478
1777 1781
1847 1852
2050 2165
2332 2374
2469 2558
2718 2737
2868 2880
3113 3118
3362 3369
3440 3452
3648 3710
3958 3982
4178 4185
4270 4332
4435 4597
4633 4789
4923 4966
5073 5124
5271 5284
5551 5576
5789 5792
5848 5904
6097 6124
6351 6392
6513 6587
6640 6754
6993 6994
7017 7198
7393 7393
7416 7503
7666 7689
7922 7926
8039 8134
8319 8368
8451 8467
8705 8742
8876 8985
9006 9184
9328 9393
9418 9578
9628 9722
9998 9998
47 185
395 397
449 547
639 680
803 819
1012 1135
1365 1379
1503 1531
1769 1782
1821 1889
2080 2125
2319 2388
2552 2586
2757 2778
2867 2936
3123 3178
3207 3397
3422 3470
3735 3756
3871 3935
4166 4166
4232 4295
4518 4589
4745 4778
4939 4991
5123 5135
5322 5390
5567 5578
5676 5713
5817 5889
6104 6111
6259 6310
6470 6484
6657 6693
6831 6894
7084 7092
7264 7364
7491 7498
7629 7641
7848 7885
8087 8127
8378 8388
8527 8534
8698 8767
8822 8959
9131 9199
9262 9337
9496 9542
9700 9760
9869 9989
193 193
300 322
523 552
766 780
891 929
1117 1159
1288 1345
1502 1520
1763 1789
1802 1957
2011 2104
2277 2312
2575 2590
2776 2785
2862 2876
3189 3190
3315 3319
3580 3580
3651 3663
3884 3898
4144 4158
4222 4329
4487 4495
4650 4668
4928 4931
5085 5107
5240 5265
5568 5592
5778 5779
5900 5967
6044 6050
6357 6374
6492 6527
6653 6733
6998 6999
7177 7197
7298 7368
7538 7558
7794 7797
7845 7951
8160 8168
8381 8392
8403 8445
8753 8792
8897 8904
9187 9188
9294 9392
9505 9596
9602 9619
9866 9927
106 142
305 398
546 587
738 776
899 914
1141 1192
1255 1280
1507 1593
1727 1749
1998 1999
2005 2135
2326 2356
2524 2561
2653 2710
2975 2988
3024 3188
3373 3388
3573 3574
3727 3752
3942 3952
4159 4190
4273 4394
4557 4568
4695 4735
4815 4996
5159 5171
5214 5239
5485 5583
5715 5716
5995 5997
6015 6174
6392 6398
6405 6591
6728 6789
6964 6969
7062 7177
7345 7349
7481 7548
7714 7736
7897 7981
8149 8175
8291 8332
8581 8587
8716 8799
8966 8978
9045 9160
9398 9398
9511 9517
9753 9789
9878 9979
147 159
203 264
585 595
665 679
921 933
1069 1071
1322 1380
1507 1557
1699 1775
1830 1834
2192 2198
2316 2376
2417 2596
2607 2713
2841 2971
3150 3173
3205 3257
3523 3528
3646 3775
3928 3941
4091 4162
4253 4340
4593 4596
4770 4786
4959 4992
5133 5195
5293 5345
5583 5585
5790 5795
5866 5962
6126 6160
6260 6334
6470 6478
6669 6711
6976 6994
7114 7116
7281 7371
7543 7597
7612 7703
7901 7948
8051 8180
8219 8356
8469 8469
8771 8772
8966 8991
9059 9175
9395 9398
9408 9456
9663 9768
9883 9979
188 189
243 394
463 490
602 628
816 841
1048 1107
1299 1373
1496 1542
1699 1723
1943 1980
2166 2185
2293 2314
2594 2594
2793 2797
2942 2977
3078 3162
3382 3384
3476 3595
3797 3799
3958 3980
4029 4111
4211 4296
4403 4458
4649 4750
4884 4978
5167 5173
5328 5393
5409 5599
5756 5778
5929 5958
6003 6095
6355 6379
6504 6539
6701 6738
6833 6839
7049 7079
7209 7314
7485 7569
7636 7695
7914 7959
8157 8182
8383 8397
8435 8587
8742 8742
8980 8994
9177 9179
9379 9399
9576 9595
9644 9669
9891 9981
161 189
254 366
561 570
704 758
923 985
1183 1191
1208 1281
1478 1595
1744 1763
1868 1995
2074 2149
2293 2325
2538 2556
2601 2665
2844 2933
3007 3160
3238 3373
3487 3495
3797 3797
3986 3993
4139 4190
4225 4377
4404 4570
4719 4742
4854 4874
5028 5061
5341 5388
5504 5570
5637 5687
5932 5994
6105 6140
6306 6382
6515 6585
6648 6752
6904 6983
7110 7145
7241 7311
7439 7520
7662 7764
7953 7969
8011 8191
8212 8328
8428 8493
8698 8738
8920 8968
9194 9197
9372 9378
9510 9592
9742 9786
9836 9944
110 128
233 301
548 553
609 614
963 989
1192 1196
1239 1243
1413 1536
1624 1743
1989 1994
2045 2080
2350 2376
2445 2469
2767 2796
2928 2943
3090 3102
3263 3284
3470 3475
3732 3779
3978 3999
4082 4199
4298 4386
4435 4451
4683 4777
4998 4998
5165 5197
5278 5391
5597 5599
5617 5676
5992 5998
6053 6100
6350 6390
6558 6571
6711 6738
6917 6968
7171 7175
7208 7253
7574 7584
7770 7771
7912 7984
8082 8175
8316 8330
8405 8584
8628 8774
8972 8990
9168 9170
9370 9399
9481 9538
9774 9789
9832 9951
21 134
340 354
540 570
665 784
969 998
1168 1171
1309 1362
1530 1595
1685 1706
1813 1983
2019 2026
2338 2381
2450 2502
2793 2795
2981 2999
3028 3184
3346 3390
3466 3571
3637 3665
3991 3995
4037 4122
4296 4349
4579 4583
4647 4784
4830 4861
5126 5135
5248 5326
5479 5563
5793 5793
5835 5995
6158 6179
6379 6383
6417 6432
6657 6717
6939 6970
7187 7191
7397 7398
7527 7570
7658 7698
7848 7940
8020 8124
8225 8313
8433 8517
8629 8720
8990 8998
9062 9105
9342 9397
9563 9579
9758 9780
9964 9978
32 150
227 308
420 472
710 725
943 953
1196 1197
1277 1384
1598 1599
1616 1730
1991 1996
2037 2183
2293 2380
2408 2550
2606 2641
2954 2968
3138 3142
3376 3379
3483 3516
3635 3682
3806 3858
4156 4180
4275 4357
4422 4582
4794 4799
4848 4890
5134 5186
5265 5329
5469 5573
5728 5791
5933 5968
6023 6109
6280 6321
6561 6594
6619 6772
6925 6966
7058 7135
7326 7366
7414 7474
7723 7740
7854 7968
8166 8186
8349 8353
8503 8508
8714 8799
8927 8966
9053 9193
9230 9260
9554 9599
9776 9782
9978 9979
79 169
251 285
414 438
791 791
963 979
1065 1086
1333 1345
1527 1547
1624 1796
1831 1924
2018 2101
2289 2354
2427 2557
2681 2688
2818 2909
3125 3163
3227 3306
3413 3453
3791 3799
3815 3853
4186 4191
4277 4342
4587 4594
4609 4667
4887 4982
5010 5068
5252 5294
5466 5586
5794 5794
5833 5926
6160 6176
6321 6390
6532 6570
6622 6699
6885 6941
7150 7175
7298 7332
7406 7423
7602 7795
7980 7996
8161 8165
8271 8287
8416 8563
8768 8769
8904 8965
9112 9127
9360 9361
9511 9582
9687 9750
9914 9932
152 185
366 378
462 534
602 699
910 973
1136 1199
1206 1216
1433 1536
1746 1757
1891 1945
2036 2125
2289 2361
2408 2544
2704 2789
2946 2949
3113 3190
3270 3276
3525 3547
3651 3769
3877 3992
4016 4121
4351 4364
4533 4596
4623 4653
4891 4997
5152 5196
5296 5318
5468 5552
5694 5772
5823 5830
6017 6119
6314 6348
6581 6585
6704 6733
6911 6975
7066 7106
7209 7319
7499 7525
7679 7701
7959 7974
8004 8030
8248 8299
8412 8416
8744 8780
8983 8996
9158 9164
9243 9378
9476 9547
9774 9798
9923 9933
118 165
325 381
549 549
690 759
926 965
1106 1171
1250 1398
1523 1559
1626 1756
1886 1930
2149 2193
2292 2336
2492 2597
2718 2763
2944 2985
3008 3015
3225 3324
3437 3445
3642 3661
3911 3977
4093 4162
4276 4392
4425 4588
4794 4799
4973 4977
5124 5152
5249 5322
5558 5571
5749 5777
5878 5928
6041 6124
6366 6379
6461 6479
6621 6623
6957 6991
7108 7112
7382 7391
7477 7576
7758 7778
7875 7889
8017 8070
8278 8354
8452 8470
8705 8792
8844 8885
9179 9191
9281 9391
9562 9567
9613 9704
9847 9848
7 146
357 375
587 599
753 775
878 956
1137 1171
1341 1351
1433 1471
1732 1760
1822 1912
2190 2193
2346 2357
2523 2598
2688 2731
2898 2903
3032 3093
3360 3398
3537 3597
3728 3793
3977 3985
4161 4191
4202 4305
4577 4586
4695 4781
4900 4928
5050 5077
5286 5337
5491 5537
5620 5764
5934 5982
6094 6161
6311 6329
6443 6551
6651 6776
6979 6998
7090 7169
7219 7324
7407 7447
7767 7767
7952 7987
8004 8083
8362 8371
8412 8573
8657 8748
8846 8994
9020 9044
9202 9284
9505 9522
9612 9651
9962 9994
182 190
212 301
517 540
717 767
897 923
1111 1162
1303 1383
1498 1516
1741 1771
1939 1999
2097 2187
2303 2392
2499 2582
2742 2747
2813 2838
3120 3168
3344 3384
3429 3480
3722 3767
3984 3998
4023 4197
4314 4365
4501 4537
4667 4673
4921 4946
5062 5094
5255 5397
5563 5589
5793 5796
5909 5953
6097 6116
6280 6317
6573 6586
6795 6797
6904 6956
7172 7178
7381 7399
7487 7597
7644 7694
7969 7982
8116 8141
8393 8398
8454 8555
8623 8718
8991 8997
9180 9190
9225 9356
9453 9566
9721 9797
9808 9905
109 130
339 383
437 499
732 764
807 807
1079 1138
1272 1294
1592 1594
1730 1783
1993 1998
2140 2163
2386 2388
2585 2592
2788 2799
2842 2967
3113 3136
3232 3246
3450 3568
3605 3695
3915 3918
4064 4112
4328 4328
4564 4597
4671 4769
4837 4936
5061 5110
5384 5394
5447 5544
5764 5765
5977 5978
6019 6085
6224 6384
6542 6565
6621 6780
6847 6946
7113 7165
7279 7306
7539 7564
7695 7720
7963 7970
8054 8138
8255 8298
8475 8580
8622 8794
8945 8998
9088 9173
9312 9319
9517 9523
9614 9722
9878 9924
173 184
390 391
422 585
648 776
873 899
1125 1183
1355 1362
1487 1554
1687 1739
1900 1999
2011 2042
2247 2291
2440 2503
2739 2791
2918 2973
3059 3192
3213 3213
3415 3489
3791 3794
3983 3984
4080 4144
4351 4385
4562 4589
4685 4754
4944 4992
5162 5170
5331 5380
5559 5577
5730 5782
5836 5858
6070 6089
6342 6388
6479 6587
6715 6750
6851 6866
7199 7199
7322 7397
7434 7483
7701 7731
7984 7990
8163 8184
8303 8333
8490 8584
8733 8735
8903 8913
9108 9140
9234 9285
9583 9585
9692 9780
9995 9996
164 178
395 399
556 582
712 776
892 903
1192 1196
1334 1342
1526 1550
1695 1761
1918 1975
2108 2115
2372 2376
2450 2532
2631 2686
2872 2972
3165 3194
3290 3315
3521 3596
3782 3784
3830 3953
4130 4143
4351 4353
4575 4586
4660 4697
4874 4894
5092 5138
5222 5392
5471 5485
5636 5740
5900 5922
6189 6197
6387 6397
6572 6598
6679 6745
6847 6922
7074 7097
7277 7304
7528 7532
7739 7742
7995 7995
8001 8015
8343 8375
8402 8420
8606 8764
8873 8979
9061 9134
9308 9319
9475 9504
9777 9783
9808 9988
105 164
232 268
469 530
637 763
979 989
1037 1146
1210 1302
1594 1598
1787 1789
1958 1975
2094 2102
2228 2340
2557 2590
2760 2776
2953 2974
3113 3185
3291 3291
3453 3474
3757 3782
3883 3949
4077 4086
4216 4229
4454 4584
4610 4640
4965 4975
5164 5188
5371 5371
5492 5575
5741 5747
5909 5915
6049 6149
6298 6398
6583 6583
6621 6757
6859 6930
7104 7123
7248 7279
7511 7590
7737 7771
7911 7969
8005 8172
8352 8371
8430 8591
8729 8775
8980 8992
9009 9172
9380 9385
9566 9587
9780 9786
9816 9895
85 95
324 357
579 595
791 795
997 998
1018 1174
1365 1381
1488 1564
1655 1780
1979 1980
2068 2085
2357 2376
2587 2589
2642 2683
2906 2955
3106 3160
3201 3393
3569 3584
3702 3757
3889 3982
4027 4082
4343 4370
4425 4475
4693 4776
4977 4982
5178 5195
5282 5349
5552 5578
5630 5692
5931 5961
6121 6179
6266 6393
6439 6574
6660 6682
6956 6978
7196 7197
7372 7373
7508 7565
7760 7781
7842 7994
8160 8193
8301 8311
8477 8479
8632 8665
8808 8982
9157 9198
9316 9326
9525 9594
9775 9785
9831 9841
114 135
235 312
470 520
624 738
824 855
1148 1168
1270 1282
1435 1587
1719 1734
1913 1950
2040 2111
2367 2394
2534 2541
2666 2740
2916 2921
3120 3177
3336 3365
3443 3546
3767 3767
3828 3964
4137 4141
4256 4297
4453 4555
4717 4725
4928 4996
5058 5141
5322 5398
5501 5559
5627 5734
5938 5981
6071 6160
6368 6394
6577 6583
6723 6725
6811 6820
7144 7179
7223 7282
7478 7539
7651 7656
7862 7884
8090 8150
8373 8390
8466 8523
8604 8641
8890 8945
9071 9175
9343 9370
9599 9599
9624 9706
9926 9943
135 159
373 376
500 536
660 717
821 980
1018 1095
1342 1370
1541 1596
1610 1693
1957 1993
2181 2196
2220 2387
2426 2452
2601 2617
2876 2989
3123 3135
3312 3345
3503 3516
3602 3662
3910 3953
4084 4176
4280 4313
4580 4587
4619 4693
4811 4861
5105 5126
5207 5319
5542 5550
5728 5765
5932 5991
6147 6166
6363 6365
6476 6542
6602 6780
6807 6975
7119 7172
7214 7345
7576 7577
7709 7769
7925 7963
8070 8162
8257 8361
8529 8584
8786 8796
8843 8954
9034 9097
9252 9382
9563 9577
9659 9741
9896 9940
187 190
327 349
487 518
692 715
801 802
1197 1197
1289 1314
1510 1514
1702 1721
1895 1942
2109 2189
2296 2397
2443 2561
2668 2767
2958 2990
3148 3180
3397 3397
3442 3505
3662 3675
3903 3974
4116 4184
4247 4296
4551 4587
4763 4767
4931 4995
5159 5198
5309 5377
5479 5558
5694 5724
5848 5868
6137 6177
6381 6396
6490 6538
6715 6736
6853 6951
7107 7166
7322 7378
7468 7469
7601 7674
7918 7995
8032 8125
8334 8353
8445 8445
8714 8780
8904 8996
9075 9143
9312 9388
9549 9595
9727 9755
9980 9986
150 195
280 334
517 520
770 772
863 912
1075 1177
1220 1301
1496 1552
1610 1678
1830 1968
2167 2191
2217 2307
2516 2595
2638 2778
2852 2982
3094 3141
3380 3389
3404 3590
3736 3792
3995 3998
4154 4176
4375 4387
4599 4599
4679 4685
4916 4952
5005 5191
5261 5275
5507 5598
5628 5660
5910 5973
6081 6176
6335 6380
6587 6598
6789 6796
6901 6971
7059 7186
7347 7380
7557 7582
7639 7740
7858 7967
8053 8066
8281 8307
8540 8586
8639 8652
8898 8985
9074 9103
9332 9387
9577 9595
9667 9745
9942 9948
197 198
315 332
524 590
688 746
998 999
1179 1185
1332 1399
1573 1597
1731 1779
1832 1861
2088 2095
2362 2378
2511 2566
2732 2772
2964 2978
3046 3147
3289 3302
3550 3554
3612 3720
3817 3936
4089 4176
4230 4303
4463 4485
4711 4790
4877 4902
5185 5199
5234 5355
5493 5521
5705 5734
5968 5989
6165 6178
6347 6357
6595 6599
6712 6758
6846 6985
7161 7181
7389 7390
7495 7526
7622 7752
7904 7936
8057 8079
8248 8396
8443 8539
8731 8747
8979 8984
9090 9133
9204 9328
9449 9464
9773 9791
9877 9973
161 178
280 378
410 431
669 708
883 913
1072 1115
1354 1392
1412 1543
1691 1752
1937 1953
2040 2169
2353 2370
2557 2571
2744 2780
2967 2976
3070 3158
3358 3385
3460 3578
3634 3698
3936 3985
4084 4156
4301 4369
4540 4543
4714 4723
4854 4889
5093 5189
5384 5396
5564 5584
5723 5728
5886 5929
6021 6043
6319 6391
6452 6480
6733 6779
6815 6869
7001 7096
7211 7359
7582 7590
7650 7708
7996 7998
8167 8170
8260 8338
8426 8513
8601 8631
8931 8933
9061 9080
9269 9398
9491 9572
9609 9760
9899 9995
176 196
383 399
465 501
763 795
846 917
1057 1135
1357 1393
1548 1561
1751 1756
1806 1986
2012 2193
2371 2398
2407 2442
2769 2797
2865 2963
3023 3040
3352 3391
3586 3598
3775 3797
3971 3988
4031 4092
4343 4345
4439 4517
4622 4725
4825 4976
5189 5195
5220 5344
5403 5541
5666 5680
5852 5951
6062 6145
6263 6295
6598 6598
6667 6757
6940 6999
7081 7172
7373 7393
7587 7598
7624 7692
7932 7979
8107 8121
8385 8388
8578 8590
8799 8799
8913 8972
9085 9181
9359 9397
9594 9596
9793 9794
9895 9957
165 198
330 395
502 591
769 786
990 993
1049 1163
1394 1395
1512 1581
1718 1788
1931 1998
2012 2102
2327 2347
2507 2575
2752 2763
2818 2821
3131 3141
3241 3242
3454 3558
3629 3745
3829 3875
4081 4170
4276 4298
4545 4547
4700 4777
4861 4945
5077 5164
5236 5343
5457 5491
5663 5777
5803 5906
6148 6169
6233 6311
6410 6476
6752 6757
6890 6971
7086 7177
7237 7288
7421 7579
7706 7795
7941 7959
8173 8199
8367 8371
8498 8562
8680 8768
8816 8836
9043 9091
9206 9238
9529 9543
9715 9766
9965 9976
177 181
262 378
487 521
757 790
861 954
1081 1156
1335 1337
1515 1533
1777 1787
1903 1940
2160 2187
2339 2383
2447 2503
2654 2738
2851 2902
3085 3106
3342 3344
3517 3531
3609 3622
3898 3957
4016 4106
4211 4370
4486 4569
4638 4795
4940 4979
5185 5197
5352 5358
5542 5579
5719 5739
5921 5943
6156 6193
6373 6375
6421 6472
6765 6781
6849 6998
7088 7133
7280 7396
7496 7577
7661 7662
7938 7992
8170 8174
8243 8270
8444 8453
8618 8733
8885 8911
9047 9059
9229 9347
9551 9562
9611 9776
9818 9911
37 101
236 303
418 446
748 756
803 927
1087 1164
1367 1374
1427 1496
1715 1772
1832 1841
2038 2077
2288 2360
2575 2590
2789 2798
2968 2984
3072 3078
3270 3380
3503 3518
3639 3778
3991 3997
4146 4188
4228 4351
4525 4557
4698 4720
4868 4947
5047 5095
5397 5399
5533 5545
5708 5708
5947 5957
6085 6147
6357 6396
6447 6577
6788 6794
6900 6984
7138 7159
7368 7374
7573 7573
7750 7762
7976 7982
8024 8154
8297 8379
8417 8592
8611 8619
8906 8964
9030 9103
9246 9333
9434 9492
9713 9774
9990 9991
116 139
373 390
570 587
780 797
911 942
1031 1096
1213 1396
1515 1590
1755 1785
1833 1926
2161 2199
2261 2308
2416 2552
2795 2798
2823 2993
3114 3140
3215 3344
3479 3502
3621 3715
3852 3876
4077 4181
4341 4396
4417 4588
4718 4726
4991 4996
5165 5171
5397 5399
5473 5543
5733 5784
5806 5856
6019 6184
6397 6398
6533 6578
6653 6764
6896 6901
7063 7173
7312 7333
7408 7453
7784 7798
7915 7988
8053 8085
8233 8353
8522 8580
8691 8710
8914 8914
9182 9197
9301 9383
9539 9591
9781 9794
9896 9952
121 127
247 397
497 583
797 799
895 994
1057 1104
1382 1388
1594 1599
1636 1642
1805 1986
2133 2135
2342 2362
2575 2584
2795 2795
2905 2930
3167 3194
3342 3378
3481 3580
3678 3698
3990 3994
4040 4108
4285 4382
4451 4481
4754 4761
4875 4943
5154 5158
5323 5399
5416 5472
5778 5798
5951 5987
6111 6195
6318 6384
6536 6538
6795 6799
6845 6929
7068 7136
7391 7393
7544 7566
7622 7657
7802 7819
8189 8189
8202 8256
8576 8595
8695 8778
8985 8995
9009 9160
9317 9322
9451 9486
9650 9721
9835 9981
90 171
249 309
500 574
683 715
972 998
1038 1154
1322 1347
1426 1438
1639 1720
1991 1999
2004 2172
2216 2340
2492 2566
2755 2770
2845 2881
3144 3194
3273 3275
3580 3584
3709 3739
3804 3891
4044 4146
4245 4282
4452 4561
4721 4734
4888 4970
5098 5154
5371 5383
5553 5580
5734 5753
5932 5947
6054 6073
6294 6356
6454 6507
6601 6651
6815 6854
7165 7197
7347 7375
7450 7468
7614 7672
7981 7984
8127 8168
8366 8367
8465 8466
8662 8761
8841 8937
9048 9188
9301 9383
9455 9587
9753 9768
9999 9999
3 172
384 384
556 595
610 732
948 990
1153 1184
1317 1350
1581 1585
1789 1789
1820 1827
2001 2155
2272 2361
2542 2599
2758 2796
2917 2945
3178 3187
3280 3307
3417 3560
3673 3732
3920 3928
4156 4190
4355 4360
4469 4553
4746 4771
4811 4860
5012 5060
5383 5385
5550 5564
5708 5730
5859 5914
6149 6177
6256 6348
6481 6542
6630 6631
6926 6980
7118 7127
7318 7384
7518 7572
7630 7798
7882 7903
8125 8154
8387 8387
8519 8552
8760 8782
8871 8967
9199 9199
9270 9386
9491 9535
9704 9750
9996 9997
183 196
373 376
487 491
625 752
809 865
1047 1124
1321 1359
1577 1596
1680 1685
1902 1902
2071 2153
2396 2396
2507 2546
2792 2794
2899 2969
3031 3152
3300 3389
3567 3572
3601 3674
3810 3928
4019 4139
4224 4381
4489 4595
4640 4672
4962 4976
5014 5191
5233 5314
5519 5549
5770 5783
5907 5968
6100 6128
6367 6380
6589 6590
6690 6752
6803 6874
7033 7146
7316 7341
7466 7468
7770 7787
7810 7820
8118 8190
8238 8390
8552 8570
8690 8796
8857 8868
9017 9117
9361 9398
9462 9485
9764 9793
9938 9996
130 174
356 363
426 426
607 702
923 937
1183 1196
1298 1393
1431 1444
1691 1718
1817 1830
2139 2188
2325 2353
2594 2594
2735 2771
2864 2876
3174 3196
3266 3311
3581 3585
3772 3789
3884 3989
4135 4180
4225 4225
4432 4496
4723 4728
4909 4922
5089 5100
5278 5282
5566 5579
5741 5758
5993 5995
6096 6108
6241 6385
6407 6542
6635 6646
6846 6856
7044 7148
7327 7359
7500 7525
7762 7782
7852 7928
8012 8120
8231 8304
8575 8580
8747 8783
8817 8929
9082 9097
9241 9391
9588 9590
9771 9794
9933 9949
1 80
260 383
511 570
607 712
917 932
1002 1055
1378 1390
1479 1576
1733 1790
1920 1944
2008 2151
2263 2391
2574 2576
2638 2678
2856 2974
3053 3143
3241 3371
3472 3593
3717 3748
3953 3960
4100 4195
4223 4226
4402 4513
4610 4793
4953 4963
5126 5170
5295 5354
5467 5533
5794 5799
5988 5995
6160 6197
6293 6317
6510 6559
6677 6681
6827 6884
7034 7085
7255 7311
7539 7562
7759 7793
7816 7929
8186 8197
8304 8338
8488 8513
8720 8776
8828 8830
9093 9121
9223 9275
9467 9563
9777 9795
9945 9996
26 166
210 328
588 599
602 705
805 891
1042 1085
1206 1282
1596 1596
1785 1785
1949 1999
2113 2168
2398 2399
2523 2595
2783 2795
2821 2849
3125 3194
3258 3334
3580 3588
3620 3658
3905 3949
4057 4098
4264 4362
4501 4591
4766 4775
4828 4924
5119 5189
5321 5386
5550 5588
5634 5756
5984 5987
6139 6161
6316 6319
6444 6595
6725 6787
6841 6871
7004 7084
7373 7374
7430 7512
7691 7754
7856 7980
8027 8188
8343 8393
8594 8599
8782 8785
8868 8980
9190 9191
9361 9399
9411 9459
9792 9797
9801 9959
147 171
387 388
556 562
755 777
892 955
1145 1189
1230 1380
1539 1550
1753 1797
1878 1899
2157 2175
2240 2273
2463 2549
2603 2754
2952 2997
3140 3157
3375 3396
3598 3599
3631 3706
3829 3977
4194 4199
4204 4337
4596 4599
4696 4719
4980 4985
5178 5197
5289 5307
5514 5548
5644 5759
5860 5949
6145 6149
6230 6332
6406 6561
6606 6741
6810 6951
7198 7199
7387 7388
7489 7513
7683 7683
7816 7847
8171 8182
8266 8364
8433 8573
8630 8786
8967 8984
9005 9189
9329 9338
9585 9587
9796 9799
9951 9967
28 97
324 387
548 590
618 695
998 998
1078 1131
1201 1263
1574 1578
1613 1697
1918 1967
2126 2167
2356 2373
2464 2570
2645 2675
2913 2998
3022 3050
3321 3373
3472 3525
3630 3693
3912 3942
4030 4169
4368 4394
4594 4596
4637 4739
4985 4985
5051 5160
5381 5385
5492 5501
5747 5781
5907 5951
6013 6033
6363 6384
6590 6598
6667 6668
6856 6904
7072 7082
7398 7398
7511 7573
7651 7714
7808 7985
8027 8032
8267 8307
8468 8591
8620 8626
8951 8994
9044 9123
9232 9359
9547 9549
9752 9796
9995 9998
13 137
241 351
592 597
615 780
965 974
1062 1077
1283 1287
1424 1469
1634 1773
1919 1973
2199 2199
2282 2294
2433 2492
2776 2797
2953 2956
3117 3197
3386 3390
3576 3594
3612 3732
3918 3945
4178 4183
4352 4357
4469 4547
4690 4709
4931 4999
5106 5138
5337 5377
5455 5485
5603 5642
5925 5998
6134 6183
6350 6380
6593 6596
6672 6716
6950 6991
7166 7174
7393 7394
7493 7527
7692 7720
7911 7935
8073 8137
8285 8387
8502 8562
8680 8680
8966 8968
9178 9178
9216 9221
9570 9598
9619 9699
9908 9984
197 198
380 382
541 583
623 728
924 936
1007 1178
1330 1368
1401 1536
1781 1797
1950 1989
2132 2163
2309 2316
2461 2501
2701 2778
2969 2975
3153 3193
3279 3321
3473 3510
3680 3770
3877 3963
4106 4111
4233 4317
4570 4573
4631 4757
4844 4971
5033 5123
5387 5388
5564 5574
5743 5745
5878 5993
6149 6152
6312 6314
6541 6582
6781 6785
6900 6945
7123 7159
7299 7371
7595 7596
7747 7779
7991 7996
8065 8086
8374 8381
8509 8574
8796 8798
8938 8985
9081 9093
9311 9382
9468 9591
9662 9696
9888 9942
113 196
323 399
498 581
609 660
843 945
1145 1166
1201 1260
1506 1518
1624 1759
1940 1999
2077 2101
2249 2256
2549 2581
2708 2786
2809 2841
3188 3195
3269 3383
3536 3536
3718 3731
3813 3889
4145 4169
4256 4346
4538 4550
4739 4751
4948 4968
5003 5107
5306 5308
5549 5566
5715 5770
5981 5997
6184 6195
6368 6397
6434 6556
6647 6738
6861 6875
7157 7196
7313 7373
7427 7450
7648 7685
7806 7950
8157 8188
8218 8258
8503 8531
8766 8781
8983 8987
9038 9080
9232 9305
9410 9575
9764 9777
9916 9947
169 169
257 280
418 568
613 673
913 958
1083 1172
1376 1390
1489 1524
1637 1711
1967 1988
2197 2199
2241 2321
2594 2597
2732 2749
2861 2878
3153 3184
3233 3233
3562 3576
3761 3790
3957 3972
4126 4175
4325 4325
4462 4559
4770 4794
4837 4925
5054 5086
5219 5284
5447 5454
5742 5762
5934 5997
6053 6147
6291 6326
6585 6590
6777 6796
6956 6983
7185 7185
7355 7398
7476 7489
7689 7758
7980 7991
8151 8154
8207 8386
8448 8595
8777 8799
8835 8968
9125 9166
9347 9381
9517 9573
9732 9750
9973 9993
129 160
238 361
461 584
680 779
818 948
1054 1162
1245 1350
1402 1450
1714 1796
1935 1982
2045 2140
2259 2329
2599 2599
2630 2764
2874 2898
3100 3136
3282 3350
3591 3591
3791 3794
3821 3925
4016 4168
4267 4273
4402 4522
4626 4798
4843 4848
5191 5192
5239 5263
5575 5584
5713 5733
5939 5948
6124 6182
6204 6237
6460 6574
6651 6798
6817 6837
7171 7171
7215 7375
7437 7535
7777 7787
7807 7956
8197 8197
8282 8351
8474 8570
8696 8762
8984 8995
9172 9182
9363 9390
9409 9551
9636 9658
9820 9974
126 169
313 382
504 581
797 797
826 977
1132 1165
1209 1244
1589 1593
1658 1688
1938 1982
2031 2112
2261 2394
2590 2596
2686 2738
2803 2855
3063 3097
3288 3320
3495 3518
3699 3777
3901 3948
4103 4123
4250 4373
4512 4553
4643 4725
4804 4831
5172 5180
5224 5225
5428 5443
5685 5692
5997 5997
6004 6162
6220 6276
6438 6487
6742 6772
6959 6988
7010 7058
7358 7366
7494 7585
7758 7789
7934 7969
8103 8117
8321 8369
8450 8487
8717 8786
8938 8963
9069 9190
9266 9324
9555 9591
9787 9797
9865 9957
61 167
248 322
436 447
625 691
949 967
1091 1193
1236 1346
1545 1580
1687 1745
1893 1968
2082 2156
2340 2379
2462 2523
2664 2797
2968 2982
3008 3009
3331 3333
3428 3565
3775 3782
3999 3999
4122 4136
4385 4387
4527 4557
4770 4770
4854 4968
5079 5180
5340 5347
5567 5599
5738 5790
5816 5831
6053 6167
6218 6277
6408 6561
6654 6782
6892 6979
7169 7178
7371 7384
7476 7481
7755 7775
7903 7957
8189 8196
8272 8330
8563 8585
8716 8744
8901 8976
9126 9170
9343 9374
9546 9558
9764 9798
9869 9992
38 87
287 386
537 594
672 738
881 947
1087 1145
1393 1395
1506 1561
1752 1782
1873 1965
2109 2138
2284 2386
2590 2595
2741 2795
2807 2904
3155 3156
3254 3306
3418 3529
3691 3794
3809 3852
4118 4158
4240 4348
4411 4567
4656 4701
4976 4985
5158 5161
5205 5288
5433 5591
5610 5781
5806 5927
6110 6114
6398 6398
6408 6465
6696 6713
6943 6964
7180 7189
7285 7394
7541 7571
7657 7719
7855 7920
8039 8142
8308 8367
8445 8510
8743 8779
8848 8937
9084 9122
9283 9293
9580 9580
9667 9710
9874 9992
5 138
295 348
461 508
722 755
947 996
1165 1176
1315 1364
1556 1574
1788 1789
1916 1947
2094 2108
2225 2274
2574 2581
2795 2798
2973 2986
3167 3191
3241 3292
3520 3539
3670 3779
3841 3921
4045 4097
4368 4388
4535 4556
4742 4793
4910 4971
5174 5174
5201 5298
5458 5496
5738 5765
5888 5938
6004 6191
6272 6333
6548 6573
6668 6733
6801 6849
7132 7199
7223 7382
7486 7519
7692 7782
7884 7997
8082 8118
8295 8324
8497 8559
8619 8726
8949 8988
9164 9165
9300 9363
9409 9484
9697 9751
9879 9948
57 157
225 258
597 597
680 748
839 964
1085 1191
1311 1352
1505 1574
1646 1780
1982 1994
2118 2127
2283 2327
2422 2438
2790 2792
2827 2903
3182 3184
3232 3311
3559 3581
3717 3767
3814 3924
4112 4196
4328 4392
4566 4596
4634 4662
4988 4991
5027 5166
5242 5341
5547 5576
5737 5749
5897 5934
6061 6147
6261 6261
6492 6577
6679 6698
6876 6915
7023 7174
7205 7359
7457 7584
7618 7745
7992 7993
8063 8105
8205 8249
8531 8592
8616 8799
8836 8951
9037 9107
9257 9288
9496 9514
9621 9724
9912 9983
132 181
369 390
441 446
784 796
951 990
1046 1181
1299 1339
1551 1576
1764 1796
1954 1995
2072 2119
2274 2284
2483 2570
2754 2768
2826 2907
3091 3104
3331 3354
3499 3528
3750 3751
3808 3950
4094 4138
4296 4321
4487 4518
4748 4757
4905 4983
5003 5013
5280 5344
5493 5570
5684 5717
5856 5865
6152 6160
6312 6313
6452 6473
6753 6764
6938 6952
7122 7133
7366 7392
7549 7554
7746 7779
7989 7995
8053 8162
8285 8303
8556 8566
8604 8737
8915 8924
9133 9145
9246 9352
9540 9563
9742 9782
9877 9912
13 94
374 380
546 570
716 754
908 919
1180 1187
1303 1392
1425 1524
1615 1656
1974 1979
2017 2127
2272 2352
2487 2508
2727 2756
2821 2950
3127 3152
3257 3368
3418 3438
3630 3662
3849 3969
4037 4064
4306 4349
4469 4478
4798 4799
4994 4998
5079 5188
5214 5329
5494 5500
5665 5704
5842 5896
6173 6179
6370 6370
6500 6582
6686 6691
6995 6998
7125 7140
7368 7382
7538 7550
7714 7759
7975 7993
8004 8038
8361 8375
8534 8594
8719 8761
8870 8963
9110 9189
9307 9383
9438 9588
9614 9788
9944 9947
55 191
271 271
579 588
719 741
812 862
1002 1162
1291 1378
1532 1567
1680 1762
1954 1975
2037 2148
2230 2351
2517 2595
2706 2789
2951 2985
3073 3110
3394 3398
3408 3440
3682 3685
3834 3848
4176 4182
4346 4368
4476 4569
4720 4744
4827 4927
5173 5183
5235 5349
5518 5594
5620 5778
5890 5936
6030 6070
6262 6340
6568 6573
6724 6783
6906 6973
7031 7049
7385 7392
7457 7537
7790 7793
7850 7866
8109 8183
8244 8383
8549 8565
8646 8712
8881 8986
9023 9180
9329 9370
9565 9566
9680 9706
9909 9956
84 176
302 319
431 448
644 749
875 966
1182 1187
1332 1339
1583 1596
1669 1739
1972 1982
2184 2189
2380 2392
2507 2555
2744 2786
2884 2965
3169 3183
3284 3387
3413 3532
3653 3788
3993 3995
4144 4145
4345 4396
4543 4567
4778 4782
4922 4968
5077 5149
5347 5347
5564 5597
5615 5725
5922 5984
6165 6177
6338 6376
6569 6591
6614 6722
6847 6889
7101 7142
7346 7360
7461 7484
7612 7628
7870 7988
8014 8040
8203 8368
8411 8420
8741 8757
8981 8996
9011 9095
9391 9395
9573 9594
9720 9762
9819 9969
190 194
389 397
512 521
669 729
972 990
1067 1113
1218 1319
1484 1541
1799 1799
1853 1955
2041 2069
2370 2372
2581 2582
2604 2649
2871 2904
3114 3165
3372 3392
3503 3524
3692 3745
3805 3973
4186 4198
4390 4399
4470 4521
4731 4782
4968 4989
5112 5115
5238 5264
5578 5598
5602 5793
5837 5906
6189 6196
6257 6330
6597 6599
6788 6794
6986 6999
7177 7186
7357 7382
7435 7584
7717 7748
7972 7993
8169 8174
8251 8360
8431 8468
8621 8632
8957 8970
9088 9088
9275 9394
9476 9559
9766 9783
9897 9965
1 98
322 372
553 553
747 790
833 959
1198 1199
1262 1267
1517 1553
1691 1766
1922 1956
2079 2132
2389 2393
2487 2591
2634 2651
2910 2953
3141 3198
3359 3376
3407 3447
3603 3698
3898 3955
4088 4112
4338 4370
4576 4583
4700 4772
4906 4928
5034 5066
5202 5330
5488 5552
5606 5632
5978 5993
6148 6168
6207 6398
6576 6590
6797 6797
6801 6910
7058 7099
7233 7241
7412 7521
7651 7675
7886 7985
8062 8190
8203 8292
8544 8567
8777 8780
8942 8950
9078 9172
9286 9346
9412 9599
9740 9790
9939 9987
74 105
299 392
519 534
785 794
991 991
1052 1181
1361 1375
1497 1593
1660 1789
1806 1957
2172 2181
2267 2311
2578 2588
2694 2697
2811 2881
3154 3160
3256 3331
3481 3485
3674 3771
3979 3984
4170 4187
4306 4334
4419 4566
4627 4689
4915 4923
5186 5195
5257 5263
5524 5548
5667 5754
5916 5969
6053 6053
6338 6359
6548 6561
6640 6798
6980 6980
7197 7199
7212 7271
7470 7512
7687 7793
7896 7905
8165 8189
8220 8276
8533 8589
8798 8799
8988 8997
9083 9103
9238 9356
9505 9559
9770 9775
9914 9943
73 91
382 383
437 539
627 781
846 890
1052 1125
1240 1392
1494 1576
1641 1787
1973 1988
2015 2107
2351 2399
2437 2450
2730 2739
2843 2850
3105 3131
3398 3398
3570 3578
3674 3796
3806 3849
4191 4197
4396 4399
4406 4465
4701 4781
4817 4939
5059 5187
5242 5277
5439 5452
5613 5619
5979 5983
6151 6185
6274 6286
6573 6581
6650 6736
6919 6966
7104 7118
7219 7384
7570 7574
7623 7774
7929 7937
8157 8157
8304 8368
8595 8596
8732 8770
8957 8961
9126 9175
9251 9255
9454 9502
9740 9789
9837 9869
167 177
351 395
551 560
655 796
927 993
1091 1130
1315 1325
1568 1575
1707 1729
1955 1989
2130 2147
2231 2307
2542 2556
2725 2756
2901 2905
3113 3167
3327 3362
3545 3569
3629 3772
3920 3974
4156 4195
4334 4354
4492 4568
4604 4687
4828 4906
5065 5093
5287 5355
5504 5550
5652 5703
5924 5969
6175 6190
6259 6278
6495 6537
6676 6757
6813 6986
7133 7148
7316 7378
7403 7526
7635 7745
7814 7921
8160 8163
8386 8390
8548 8566
8602 8717
8858 8880
9163 9163
9307 9372
9540 9549
9645 9770
9812 9841
152 197
312 328
431 585
695 704
852 919
1175 1182
1363 1374
1468 1497
1618 1770
1924 1968
2113 2157
2326 2343
2540 2579
2613 2669
2836 2869
3167 3183
3246 3320
3460 3494
3738 3781
3841 3929
4027 4033
4311 4322
4436 4496
4640 4685
4999 4999
5115 5157
5223 5285
5472 5529
5646 5703
5880 5995
6122 6124
6300 6390
6519 6565
6613 6785
6894 6976
7133 7194
7364 7367
7535 7544
7601 7730
7869 7922
8133 8143
8292 8331
8479 8598
8660 8763
8954 8986
9051 9131
9354 9397
9530 9541
9701 9772
9837 9875
186 192
379 382
420 577
745 756
971 999
1021 1172
1375 1381
1468 1559
1652 1792
1891 1997
2176 2190
2358 2358
2424 2474
2622 2626
2854 2854
3013 3027
3207 3263
3529 3592
3780 3787
3866 3877
4091 4096
4233 4298
4535 4591
4762 4778
4873 4953
5159 5160
5313 5384
5491 5538
5743 5764
5890 5972
6043 6146
6230 6240
6586 6598
6664 6734
6803 6981
7065 7188
7311 7369
7596 7598
7620 7702
7904 7957
8023 8190
8368 8385
8597 8599
8691 8716
8913 8958
9110 9186
9372 9372
9429 9463
9686 9780
9928 9973
117 196
295 320
504 578
716 726
986 989
1083 1144
1335 1350
1497 1545
1645 1788
1906 1960
2019 2109
2209 2374
2580 2593
2701 2716
2987 2988
3057 3070
3286 3358
3570 3599
3778 3798
3961 3995
4069 4133
4320 4356
4560 4596
4707 4763
4893 4988
5022 5065
5328 5370
5444 5536
5672 5747
5975 5990
6191 6199
6279 6335
6548 6578
6762 6762
6987 6991
7096 7170
7205 7288
7479 7534
7697 7721
7854 7911
8060 8137
8322 8369
8597 8597
8691 8713
8910 8953
9073 9174
9245 9300
9566 9587
9748 9779
9930 9964
