6268
65 203
342 354
759 773
1127 1137
1210 1358
1639 1653
1927 1972
2100 2224
2511 2514
2637 2774
2871 2909
3207 3419
3628 3681
3713 3886
3997 4215
4537 4549
4727 4791
4927 5084
5257 5360
5613 5674
5783 5963
6132 6151
6515 6529
6835 6838
6982 7056
7221 7330
7552 7583
7789 7965
8066 8264
8374 8495
8609 8677
9045 9062
9176 9402
9608 9651
9854 9892
119 235
341 369
793 796
1018 1076
1350 1404
1696 1702
1797 1969
2041 2054
2349 2379
2828 2838
2868 3129
3248 3265
3478 3651
3968 3978
4040 4096
4300 4357
4712 4713
4960 5020
5295 5331
5532 5575
5899 5919
6246 6252
6435 6491
6574 6594
7093 7118
7149 7212
7608 7690
7975 7979
8165 8216
8376 8542
8683 8714
8892 9068
9156 9161
9476 9655
9941 9953
23 270
327 548
813 820
922 1006
1350 1391
1622 1688
1862 1907
2124 2233
2347 2540
2619 2682
2872 3049
3383 3403
3624 3674
3903 3959
4032 4258
4540 4547
4803 4820
4925 5074
5163 5171
5662 5699
5809 5963
6138 6252
6395 6432
6586 6630
6850 7006
7227 7319
7418 7561
7705 7882
8147 8180
8516 8524
8820 8823
8856 8951
9364 9375
9469 9680
9779 9853
15 155
512 551
617 677
979 1031
1243 1403
1705 1709
1839 1863
2092 2250
2286 2429
2613 2733
2876 2949
3355 3378
3688 3695
3753 3782
4165 4232
4336 4365
4810 4839
5016 5020
5217 5374
5623 5680
5907 5977
6072 6210
6299 6404
6823 6824
6885 6913
7365 7399
7425 7532
7704 7963
8168 8232
8302 8443
8814 8827
8929 9103
9363 9403
9687 9689
9780 9864
18 190
561 566
601 717
1118 1132
1323 1389
1680 1680
1919 1933
2078 2262
2377 2532
2838 2839
3076 3082
3384 3391
3699 3700
3795 3853
4144 4257
4321 4502
4771 4784
4993 5128
5407 5409
5440 5565
5808 5825
6016 6247
6283 6456
6665 6712
6946 7072
7255 7268
7602 7610
7738 7893
8171 8248
8354 8482
8820 8829
8845 8984
9182 9310
9481 9666
9737 9960
83 109
344 477
701 755
1009 1072
1292 1294
1681 1699
1828 1972
2040 2079
2303 2310
2691 2769
3034 3080
3186 3203
3609 3651
3849 3920
4033 4168
4491 4529
4815 4835
4927 5008
5408 5409
5619 5682
5917 5932
6242 6263
6504 6542
6767 6799
6968 7053
7207 7326
7517 7669
7895 7913
7983 8036
8312 8545
8571 8782
8976 9059
9383 9386
9474 9673
9739 9824
19 135
397 424
843 846
1086 1128
1351 1390
1472 1573
1765 1798
2105 2205
2328 2344
2788 2838
2895 2918
3299 3328
3489 3621
3729 3886
4036 4153
4539 4541
4648 4789
5080 5097
5143 5295
5677 5684
5952 5968
6073 6076
6341 6356
6807 6814
6856 6902
7235 7257
7662 7678
7763 7801
8062 8185
8487 8522
8622 8708
8849 9077
9181 9268
9432 9564
9962 9968
234 238
311 481
831 838
994 1053
1388 1420
1707 1708
1856 1917
2254 2258
2287 2493
2589 2783
3117 3122
3350 3397
3688 3689
3855 3924
4221 4264
4385 4401
4583 4618
5126 5129
5278 5409
5439 5471
5869 5955
6230 6252
6327 6397
6729 6824
6978 7068
7229 7394
7530 7645
7766 7905
8128 8143
8415 8527
8784 8804
8888 8918
9271 9377
9615 9685
9840 9950
233 279
514 514
689 763
955 1130
1355 1408
1629 1661
1900 1937
2118 2262
2516 2536
2587 2813
3038 3038
3300 3387
3651 3674
3920 3946
4196 4226
4543 4556
4665 4777
5022 5066
5163 5304
5663 5679
5764 5895
6200 6219
6534 6550
6837 6839
7089 7114
7184 7391
7480 7596
7840 7973
8156 8170
8422 8436
8677 8692
8968 9026
9155 9214
9460 9639
9915 9934
155 283
329 374
576 610
1073 1128
1373 1412
1690 1707
1749 1879
2152 2260
2512 2559
2827 2830
3078 3129
3210 3354
3522 3660
3740 3939
4125 4251
4383 4449
4713 4844
5028 5051
5245 5310
5461 5541
5730 5848
6022 6123
6539 6547
6791 6807
6922 6976
7189 7387
7566 7689
7924 7926
8094 8164
8393 8539
8642 8731
8964 8977
9257 9283
9497 9643
9904 9949
189 259
318 352
826 835
1017 1062
1239 1294
1664 1699
1914 1986
2155 2248
2422 2425
2736 2777
2884 2962
3251 3341
3554 3577
3807 3921
4193 4215
4411 4537
4844 4844
4942 5008
5163 5263
5432 5604
5888 5967
6032 6269
6436 6465
6785 6816
6962 7111
7170 7217
7593 7608
7831 7889
8001 8085
8347 8360
8748 8753
8886 8961
9376 9389
9667 9669
9972 9974
167 260
287 317
703 853
1076 1087
1213 1398
1482 1528
1855 1977
2116 2177
2362 2462
2761 2783
2957 3127
3171 3380
3545 3700
3708 3841
4238 4247
4392 4490
4770 4825
5023 5040
5354 5380
5453 5492
5785 5875
6138 6253
6494 6521
6776 6780
6981 7012
7384 7398
7567 7583
7885 7960
8136 8192
8304 8544
8616 8795
8891 9011
9273 9394
9418 9434
9968 9968
124 248
360 556
683 767
1105 1126
1300 1368
1596 1600
1744 1919
2063 2277
2531 2558
2647 2684
3052 3122
3221 3225
3444 3540
3915 3947
4230 4260
4376 4536
4828 4844
4922 4968
5147 5214
5617 5663
5975 5977
6081 6148
6553 6554
6771 6814
6938 7063
7277 7287
7536 7656
7973 7974
8262 8262
8413 8514
8776 8794
8869 9112
9153 9289
9605 9687
9836 9947
211 237
409 436
755 823
990 996
1144 1277
1615 1669
1726 1829
2019 2213
2322 2405
2781 2834
2887 2895
3149 3222
3445 3466
3759 3972
4250 4274
4462 4511
4730 4745
5091 5124
5270 5350
5447 5582
5732 5935
6127 6209
6468 6501
6613 6682
7046 7077
7205 7269
7504 7553
7838 7903
8122 8145
8411 8514
8637 8675
9086 9094
9162 9301
9536 9677
9948 9954
261 275
432 467
761 763
1058 1123
1160 1276
1594 1660
1951 1976
2048 2116
2495 2540
2788 2819
3035 3052
3407 3407
3605 3682
3797 3976
4097 4106
4303 4539
4728 4790
4866 4985
5393 5411
5521 5542
5722 5915
6176 6214
6309 6516
6824 6830
6855 7078
7235 7389
7465 7516
7815 7845
8018 8139
8536 8542
8668 8678
8993 9051
9258 9265
9685 9689
9824 9835
168 240
472 491
641 680
1127 1128
1377 1394
1588 1615
1865 1969
2103 2105
2558 2564
2726 2838
2991 3081
3179 3179
3666 3704
3850 3936
4085 4268
4366 4553
4709 4779
4959 4983
5154 5186
5639 5675
5964 5983
6052 6134
6519 6548
6572 6769
7069 7071
7209 7290
7443 7691
7902 7937
8130 8177
8387 8438
8585 8673
8928 9036
9221 9366
9499 9587
9702 9749
162 195
342 507
612 713
1025 1098
1256 1401
1622 1622
1790 1885
2279 2279
2345 2437
2627 2832
2866 3029
3182 3328
3470 3621
3961 3976
4164 4257
4551 4554
4778 4804
5036 5127
5283 5332
5654 5656
5878 5909
6210 6242
6413 6515
6807 6824
6942 6952
7394 7403
7552 7562
7852 7899
8014 8131
8289 8503
8585 8804
8956 9017
9321 9403
9632 9647
9756 9937
204 212
295 540
775 802
928 1089
1242 1376
1512 1690
1974 1974
2239 2271
2429 2487
2770 2774
2963 3050
3333 3378
3588 3611
3723 3741
4099 4255
4320 4482
4687 4806
4896 4912
5380 5411
5499 5519
5912 5950
6153 6263
6345 6440
6574 6820
6914 6943
7199 7361
7466 7518
7881 7922
8178 8236
8325 8500
8610 8656
9111 9119
9199 9259
9673 9683
9841 9954
123 204
351 356
653 734
1086 1110
1284 1381
1565 1672
1901 1951
2066 2198
2550 2564
2795 2829
3014 3022
3168 3243
3661 3679
3829 3988
4263 4271
4311 4393
4583 4708
4867 4987
5326 5372
5565 5578
5972 5984
5989 6220
6388 6394
6653 6692
6896 7019
7284 7325
7541 7684
7749 7843
8093 8190
8427 8505
8577 8618
8969 9064
9378 9404
9608 9668
9845 9845
210 237
453 492
669 747
1093 1131
1257 1371
1653 1670
1840 1972
2151 2243
2288 2353
2608 2675
3041 3074
3289 3409
3497 3519
3784 3887
4115 4125
4468 4503
4738 4795
5011 5049
5299 5387
5583 5646
5787 5955
6000 6198
6430 6491
6594 6667
7122 7124
7226 7262
7630 7642
7717 7841
8081 8247
8286 8452
8556 8581
9016 9117
9399 9400
9680 9685
9828 9861
114 246
469 497
608 742
906 1071
1412 1418
1477 1496
1881 1949
2267 2267
2353 2519
2706 2768
3020 3026
3412 3415
3623 3684
3788 3818
4048 4212
4369 4475
4574 4618
4952 5014
5154 5270
5577 5666
5956 5971
6138 6233
6275 6452
6836 6839
7085 7086
7226 7401
7485 7500
7736 7976
8023 8129
8318 8519
8831 8833
9063 9103
9187 9401
9543 9689
9957 9964
18 51
436 539
803 814
982 1067
1149 1358
1502 1589
1791 1803
2057 2157
2371 2558
2817 2846
2879 3030
3282 3377
3693 3703
3927 3975
4206 4222
4542 4558
4591 4797
5038 5109
5358 5409
5450 5537
5865 5925
6046 6209
6286 6526
6709 6765
6952 6973
7395 7401
7470 7568
7703 7732
8021 8227
8433 8441
8748 8827
9043 9081
9314 9346
9638 9639
9838 9844
211 281
561 569
640 744
1098 1099
1176 1389
1626 1628
1856 1945
2110 2164
2495 2522
2766 2792
2992 3127
3322 3334
3525 3689
3888 3976
4049 4103
4543 4559
4701 4818
4956 5015
5380 5381
5614 5661
5815 5924
6017 6231
6490 6511
6643 6805
6936 7041
7267 7408
7502 7644
7890 7921
8092 8098
8312 8509
8660 8707
9061 9075
9330 9374
9572 9678
9886 9897
74 150
435 566
749 846
952 1056
1351 1358
1454 1461
1958 1981
2113 2165
2371 2391
2657 2729
2904 3059
3217 3361
3584 3674
3986 3986
4154 4205
4360 4515
4844 4844
4966 5013
5414 5414
5486 5660
5845 5875
6234 6242
6311 6466
6816 6824
6952 7034
7311 7396
7693 7693
7753 7835
8042 8128
8508 8546
8681 8731
9116 9116
9302 9307
9450 9570
9861 9958
183 250
509 531
703 750
1130 1131
1171 1292
1551 1614
1827 1843
2236 2237
2305 2513
2643 2805
3120 3122
3140 3238
3617 3659
3732 3892
4240 4263
4477 4485
4670 4706
4850 4885
5173 5196
5486 5698
5846 5920
6166 6171
6502 6525
6705 6801
6965 7066
7211 7258
7598 7694
7896 7925
8214 8233
8526 8548
8743 8782
9019 9093
9390 9395
9591 9613
9705 9860
196 218
418 517
729 773
888 1026
1378 1378
1683 1690
1861 1912
2253 2255
2284 2505
2627 2670
2999 3029
3203 3385
3448 3551
3749 3881
4095 4156
4384 4526
4624 4732
5040 5043
5289 5395
5556 5644
5709 5812
6194 6261
6408 6529
6817 6821
6860 6895
7367 7379
7459 7489
7736 7792
8056 8151
8541 8546
8555 8588
8853 8878
9389 9397
9465 9511
9791 9938
108 114
439 446
602 688
974 1052
1195 1388
1432 1442
1874 1953
2263 2265
2393 2514
2826 2848
2907 3093
3199 3302
3445 3656
3850 3958
4136 4238
4340 4433
4678 4785
4986 5000
5150 5297
5643 5678
5810 5949
6241 6254
6291 6318
6575 6631
6870 6996
7390 7400
7491 7559
7849 7852
7986 8216
8398 8468
8829 8831
8844 8906
9395 9404
9574 9671
9780 9897
176 232
390 561
782 810
903 954
1199 1349
1462 1534
1711 1845
2089 2269
2454 2518
2613 2726
3077 3115
3235 3298
3648 3670
3824 3984
4262 4262
4421 4423
4829 4837
4892 4924
5344 5363
5605 5685
5860 5904
6217 6241
6293 6293
6577 6683
6902 7025
7252 7404
7600 7659
7745 7766
8010 8028
8380 8437
8641 8727
8941 9119
9122 9161
9437 9517
9735 9764
83 105
541 561
773 808
959 1030
1370 1422
1431 1608
1834 1861
2253 2257
2425 2458
2754 2781
2855 3113
3401 3412
3615 3668
3965 3968
4186 4219
4311 4330
4665 4682
5009 5047
5384 5384
5550 5643
5982 5982
6021 6210
6527 6542
6601 6666
6905 6954
7240 7341
7445 7473
7741 7843
8103 8140
8475 8511
8723 8724
9001 9088
9352 9383
9410 9676
9710 9908
199 278
298 298
659 693
904 940
1399 1419
1478 1575
1772 1798
2002 2132
2520 2531
2798 2837
3008 3127
3375 3398
3534 3688
3730 3848
3999 4094
4533 4539
4594 4620
5114 5118
5184 5222
5639 5697
5828 5878
6075 6209
6354 6480
6773 6820
7074 7106
7185 7326
7518 7678
7704 7717
8138 8164
8447 8450
8585 8613
8932 9057
9324 9396
9575 9628
9706 9725
260 281
346 382
718 820
981 988
1174 1182
1588 1700
1808 1894
2075 2129
2406 2543
2606 2745
2955 3104
3180 3223
3586 3692
3812 3849
4050 4063
4360 4442
4833 4843
5016 5095
5180 5404
5687 5695
5780 5817
6075 6174
6435 6539
6686 6794
6848 7018
7305 7373
7489 7549
7956 7976
8028 8076
8515 8541
8771 8776
9057 9076
9219 9297
9531 9661
9963 9965
97 116
337 338
593 648
1092 1113
1331 1334
1456 1531
1919 1942
2026 2072
2437 2558
2594 2626
2936 2987
3196 3316
3571 3610
3758 3980
4012 4069
4293 4310
4695 4765
4920 4936
5145 5414
5684 5699
5964 5978
6039 6176
6461 6542
6760 6794
7007 7055
7148 7396
7448 7479
7859 7962
8189 8235
8458 8528
8795 8798
9088 9107
9128 9400
9672 9684
9754 9840
16 73
450 526
770 816
937 938
1269 1408
1576 1662
1747 1767
2114 2143
2458 2546
2581 2618
2889 2896
3257 3316
3462 3471
3754 3945
4229 4274
4461 4538
4643 4841
4875 4992
5162 5344
5489 5500
5885 5891
6059 6191
6361 6480
6839 6839
7100 7104
7346 7370
7693 7694
7755 7858
8224 8255
8547 8547
8705 8744
9101 9104
9391 9393
9441 9573
9782 9964
248 272
473 561
628 746
1095 1138
1375 1418
1623 1690
1897 1993
2272 2276
2395 2434
2818 2846
2993 3130
3174 3392
3515 3544
3854 3858
4180 4256
4550 4555
4647 4673
4917 4928
5194 5387
5514 5611
5760 5834
6172 6181
6449 6468
6689 6796
7117 7121
7405 7405
7646 7653
7740 7959
8126 8127
8394 8470
8732 8804
8838 9062
9206 9277
9656 9679
9828 9832
63 220
471 566
733 819
895 1011
1151 1194
1439 1571
1852 1923
2010 2060
2462 2558
2608 2653
2946 2950
3374 3389
3535 3553
3773 3867
4094 4181
4474 4489
4727 4839
4999 5085
5380 5406
5691 5695
5947 5962
6027 6075
6540 6553
6820 6837
6901 7004
7354 7386
7635 7671
7768 7904
8203 8209
8316 8358
8733 8769
8934 8994
9155 9349
9672 9683
9783 9894
207 222
450 470
727 819
1111 1132
1376 1408
1660 1696
1930 1990
2200 2229
2423 2467
2617 2623
3098 3128
3163 3410
3421 3655
3881 3909
4096 4190
4353 4473
4574 4680
4856 4893
5366 5390
5477 5621
5753 5946
6067 6178
6523 6532
6645 6777
6947 7057
7407 7409
7538 7602
7831 7957
8020 8021
8301 8347
8806 8813
9045 9098
9232 9257
9502 9606
9919 9942
238 247
366 460
784 797
1123 1127
1209 1301
1650 1707
1778 1942
2107 2254
2301 2384
2656 2807
3056 3112
3400 3403
3605 3678
3860 3963
4180 4246
4464 4540
4564 4701
4910 5103
5175 5400
5500 5586
5944 5955
6242 6251
6381 6444
6606 6663
7021 7110
7355 7366
7622 7651
7774 7920
8132 8206
8294 8327
8652 8809
8854 9006
9186 9335
9580 9634
9894 9911
27 60
412 442
598 694
1137 1139
1410 1410
1441 1617
1722 1902
2139 2146
2438 2544
2605 2654
2882 2957
3246 3357
3435 3466
3788 3932
4187 4193
4406 4443
4640 4732
5085 5118
5300 5343
5635 5637
5798 5862
6109 6239
6338 6504
6635 6713
7041 7107
7240 7351
7490 7618
7925 7978
8016 8231
8276 8286
8737 8801
9062 9117
9156 9291
9518 9627
9867 9913
176 230
432 551
838 850
1108 1136
1246 1335
1624 1697
1749 1980
2070 2207
2418 2422
2728 2789
3049 3123
3153 3170
3664 3690
3787 3822
4080 4105
4370 4413
4760 4838
4925 5072
5142 5193
5566 5616
5721 5984
5986 6214
6446 6476
6806 6836
7098 7108
7142 7406
7426 7549
7934 7978
8214 8233
8417 8540
8709 8724
8935 8982
9347 9355
9519 9675
9691 9891
22 26
500 554
814 829
1018 1063
1217 1343
1625 1686
1985 1989
2215 2230
2550 2555
2830 2848
2992 3069
3401 3419
3645 3687
3805 3824
4207 4238
4314 4406
4561 4802
4886 4899
5180 5270
5580 5666
5828 5901
6251 6265
6385 6441
6613 6811
6852 6984
7201 7201
7664 7673
7818 7834
8142 8145
8546 8548
8827 8832
9070 9109
9297 9388
9601 9659
9797 9915
71 136
465 499
831 833
975 978
1334 1405
1481 1659
1722 1853
2130 2200
2434 2544
2736 2840
2991 3035
3308 3350
3670 3682
3807 3808
4212 4265
4327 4506
4620 4692
4920 4966
5256 5296
5530 5607
5790 5865
6188 6190
6337 6498
6718 6742
6995 7109
7221 7328
7460 7620
7887 7916
8012 8135
8390 8452
8622 8746
8841 9016
9161 9347
9471 9621
9791 9947
226 272
483 523
771 811
1113 1125
1203 1234
1574 1697
1982 1983
2010 2256
2324 2442
2819 2835
3090 3100
3408 3419
3469 3608
3874 3912
4134 4196
4315 4432
4741 4762
4875 5095
5339 5404
5458 5555
5968 5982
6186 6259
6445 6478
6746 6804
6858 7012
7382 7391
7502 7647
7866 7934
8101 8147
8326 8350
8603 8830
9003 9033
9327 9341
9476 9528
9753 9853
187 226
380 432
663 828
993 1067
1415 1422
1510 1569
1880 1881
2229 2265
2300 2531
2679 2718
2995 3100
3411 3412
3662 3684
3801 3957
3995 4117
4400 4407
4811 4817
4884 4940
5340 5366
5619 5631
5960 5968
6215 6251
6365 6552
6756 6767
7029 7110
7264 7332
7484 7628
7730 7793
8047 8054
8382 8527
8728 8728
9072 9112
9260 9395
9586 9605
9960 9968
136 203
510 542
631 661
992 1078
1301 1388
1690 1704
1947 1970
2153 2243
2372 2564
2791 2806
3115 3117
3304 3362
3591 3642
3888 3931
4215 4263
4351 4472
4693 4774
4929 5124
5203 5380
5540 5543
5880 5932
6231 6266
6310 6371
6715 6732
6952 7121
7373 7383
7443 7656
7897 7976
8157 8218
8405 8476
8774 8819
9037 9081
9216 9357
9667 9681
9777 9921
88 90
391 505
681 777
891 1051
1334 1364
1696 1709
1881 1909
2101 2258
2490 2541
2843 2843
3071 3096
3359 3375
3594 3696
3988 3989
4139 4237
4412 4419
4675 4782
4892 5123
5310 5378
5688 5688
5911 5980
6023 6067
6323 6344
6725 6812
7069 7070
7281 7326
7681 7683
7870 7960
8211 8261
8460 8512
8705 8802
8897 8949
9298 9390
9426 9435
9749 9924
168 232
292 520
770 815
1113 1115
1251 1282
1496 1602
1795 1962
2142 2226
2491 2497
2848 2848
3104 3130
3156 3374
3442 3698
3931 3977
4141 4164
4283 4426
4779 4816
5053 5129
5266 5344
5435 5548
5773 5955
6140 6189
6545 6553
6822 6838
6941 7106
7342 7373
7413 7513
7713 7953
8100 8225
8450 8525
8563 8648
8979 8993
9334 9376
9523 9532
9882 9962
89 219
326 411
573 694
1060 1091
1404 1421
1640 1689
1859 1984
2219 2220
2382 2406
2812 2846
2890 3097
3328 3376
3586 3699
3763 3784
4160 4203
4475 4506
4681 4815
5014 5072
5280 5338
5529 5656
5840 5840
6009 6140
6304 6523
6694 6757
6891 7009
7246 7320
7616 7649
7908 7922
8093 8162
8304 8452
8633 8652
9022 9089
9132 9322
9428 9602
9916 9931
34 239
361 525
761 805
929 932
1160 1419
1590 1683
1832 1970
2037 2045
2402 2467
2836 2841
2893 2935
3211 3281
3495 3583
3955 3986
4062 4231
4496 4513
4760 4799
5064 5077
5356 5414
5528 5601
5949 5972
6032 6114
6395 6412
6836 6838
6884 7018
7386 7403
7690 7694
7970 7970
8095 8257
8373 8477
8631 8824
8885 8926
9177 9357
9484 9534
9703 9878
229 267
524 530
725 765
976 1137
1220 1292
1643 1645
1918 1940
2075 2274
2360 2385
2828 2846
2870 3016
3197 3368
3682 3698
3908 3945
4016 4021
4346 4362
4665 4811
5007 5084
5200 5247
5459 5504
5885 5955
6172 6181
6548 6549
6821 6838
6884 7031
7245 7307
7508 7514
7735 7854
8086 8258
8386 8498
8646 8766
9077 9089
9258 9273
9621 9673
9698 9730
186 201
363 491
803 846
901 948
1177 1338
1500 1629
1774 1861
2095 2243
2443 2528
2659 2753
2894 3101
3277 3314
3432 3606
3707 3891
4045 4069
4446 4534
4702 4785
4981 5067
5161 5168
5609 5625
5960 5975
6091 6131
6440 6459
6639 6721
6951 7021
7193 7216
7466 7506
7817 7919
8133 8188
8357 8481
8615 8823
8836 9117
9188 9314
9437 9506
9878 9917
55 139
478 512
732 790
1089 1099
1254 1327
1630 1638
1988 1992
2061 2278
2538 2562
2806 2841
3082 3084
3256 3312
3605 3684
3979 3989
4217 4232
4317 4323
4770 4807
4942 5057
5270 5380
5506 5662
5770 5873
6251 6267
6396 6400
6838 6839
6860 7113
7390 7408
7605 7609
7762 7854
8029 8226
8443 8487
8647 8799
8848 8910
9133 9384
9554 9578
9735 9939
268 284
344 454
642 714
891 931
1167 1217
1652 1699
1807 1817
2044 2062
2483 2492
2737 2812
2940 2970
3410 3417
3700 3703
3932 3989
4197 4259
4535 4551
4745 4782
4877 4927
5363 5386
5651 5672
5724 5809
6120 6179
6307 6383
6615 6753
7023 7034
7303 7355
7673 7678
7771 7822
8212 8233
8531 8535
8624 8642
9072 9075
9294 9364
9623 9668
9834 9900
239 282
516 558
736 844
899 1015
1271 1274
1569 1671
1849 1875
2036 2195
2475 2540
2833 2844
3047 3106
3287 3300
3654 3675
3828 3872
4023 4110
4280 4503
4832 4840
5118 5124
5379 5406
5524 5546
5789 5821
6038 6231
6536 6547
6648 6657
7042 7117
7178 7194
7538 7592
7732 7821
8123 8167
8404 8407
8784 8808
8894 8956
9129 9141
9641 9657
9862 9939
21 245
311 477
772 783
1092 1138
1287 1368
1517 1533
1981 1994
2258 2262
2388 2509
2649 2771
3012 3095
3371 3388
3550 3630
3768 3925
4039 4148
4435 4545
4805 4834
5092 5113
5262 5362
5524 5569
5951 5960
6251 6259
6373 6513
6639 6784
6959 6996
7299 7402
7480 7491
7928 7934
8060 8199
8392 8425
8828 8831
9100 9106
9391 9403
9416 9570
9795 9909
102 179
477 569
643 688
1061 1086
1233 1252
1581 1659
1782 1949
2131 2248
2519 2553
2599 2611
3059 3132
3356 3398
3612 3684
3782 3802
4170 4191
4428 4438
4690 4706
4922 5007
5326 5351
5444 5515
5908 5964
6083 6126
6370 6455
6781 6829
6947 6948
7376 7408
7640 7687
7816 7822
8059 8092
8384 8490
8784 8809
8909 9076
9302 9337
9489 9589
9898 9971
105 208
309 536
667 780
980 1012
1211 1414
1698 1705
1920 1937
2239 2266
2464 2527
2710 2832
2990 3092
3414 3419
3553 3662
3826 3873
4079 4202
4475 4524
4675 4691
5093 5126
5133 5289
5501 5506
5967 5972
6014 6061
6520 6551
6712 6804
6917 7102
7405 7409
7637 7685
7918 7963
8259 8264
8490 8535
8745 8809
8895 9028
9189 9319
9631 9679
9940 9970
94 209
531 541
814 830
932 1069
1248 1268
1543 1689
1845 1888
2149 2253
2385 2427
2667 2686
2990 3012
3138 3341
3444 3492
3937 3942
4248 4258
4495 4552
4794 4803
4929 4932
5227 5293
5663 5692
5725 5849
6209 6259
6485 6487
6789 6838
7097 7101
7242 7274
7425 7560
7907 7960
8178 8251
8469 8547
8646 8656
8953 8966
9288 9338
9517 9606
9836 9957
153 197
431 491
832 841
1075 1138
1260 1340
1597 1610
1820 1838
2262 2267
2366 2429
2609 2665
2895 3016
3219 3374
3606 3606
3814 3965
4045 4048
4488 4557
4669 4746
5086 5118
5272 5336
5547 5669
5810 5907
6164 6181
6311 6422
6598 6816
7124 7124
7282 7382
7512 7681
7880 7892
8029 8036
8442 8488
8583 8588
8968 9089
9284 9300
9472 9643
9911 9916
114 210
497 519
677 806
938 959
1383 1393
1509 1651
1913 1956
2001 2018
2541 2558
2734 2793
3063 3120
3251 3297
3544 3556
3815 3824
4005 4137
4344 4505
4816 4831
4850 5051
5223 5353
5634 5697
5750 5891
6104 6108
6400 6546
6624 6637
7007 7107
7283 7384
7637 7679
7947 7970
8191 8254
8277 8286
8700 8833
9019 9075
9385 9399
9508 9671
9866 9968
193 281
541 569
670 680
1129 1134
1229 1419
1627 1703
1766 1780
2050 2273
2390 2442
2762 2808
2877 2921
3169 3356
3619 3693
3759 3785
4119 4175
4453 4548
4604 4793
4961 4983
5178 5406
5617 5694
5937 5977
6080 6163
6329 6335
6696 6780
7015 7121
7244 7281
7589 7606
7739 7779
8260 8261
8404 8532
8832 8834
8937 8999
9145 9398
9495 9683
9942 9962
4 92
466 559
658 775
951 951
1244 1270
1700 1705
1808 1838
2210 2225
2453 2559
2767 2786
2920 2925
3393 3401
3677 3698
3934 3958
4116 4253
4478 4533
4610 4732
5022 5054
5236 5265
5668 5670
5910 5968
6237 6258
6284 6388
6670 6698
7122 7123
7355 7371
7617 7664
7808 7838
8052 8066
8301 8390
8649 8694
8904 8922
9317 9394
9572 9593
9917 9937
213 220
329 329
796 827
914 1040
1239 1393
1699 1699
1872 1984
2015 2134
2432 2551
2789 2828
2978 3105
3180 3250
3449 3636
3731 3974
4214 4228
4379 4488
4729 4749
5005 5096
5273 5341
5500 5613
5771 5785
6075 6152
6318 6413
6669 6673
7035 7099
7381 7394
7525 7682
7773 7778
8084 8196
8503 8511
8588 8643
8976 9091
9258 9326
9458 9505
9694 9844
41 173
340 448
625 651
912 953
1402 1407
1614 1708
1747 1874
2210 2236
2401 2434
2674 2765
3112 3122
3387 3394
3542 3612
3910 3967
4160 4187
4438 4532
4568 4687
4900 4979
5389 5397
5502 5550
5850 5887
6009 6025
6415 6461
6561 6736
6854 7097
7351 7371
7586 7598
7832 7946
8131 8260
8431 8524
8666 8834
8855 8996
9142 9184
9562 9618
9701 9862
10 215
324 491
645 811
1022 1126
1147 1283
1638 1689
1711 1877
1998 2100
2417 2491
2671 2744
3005 3020
3296 3390
3670 3676
3963 3989
4231 4235
4525 4538
4640 4678
5036 5047
5315 5354
5478 5543
5978 5979
6070 6142
6287 6459
6823 6837
7072 7108
7228 7327
7415 7498
7732 7880
8034 8242
8499 8503
8622 8699
8911 9042
9225 9295
9653 9653
9694 9946
58 193
286 499
749 812
1130 1138
1227 1335
1486 1609
1798 1876
2189 2266
2539 2543
2617 2726
3033 3101
3169 3413
3525 3531
3716 3978
4236 4247
4287 4320
4663 4728
5039 5066
5278 5311
5417 5484
5916 5978
6227 6256
6316 6480
6615 6771
7084 7107
7190 7353
7547 7672
7717 7822
8144 8264
8489 8527
8744 8777
8890 8963
9377 9400
9477 9532
9840 9856
81 104
486 501
673 683
990 1119
1368 1396
1608 1708
1784 1854
2083 2154
2478 2509
2620 2796
2869 2983
3373 3377
3700 3700
3746 3872
4207 4270
4352 4430
4631 4756
4958 5060
5183 5185
5531 5602
5870 5936
6253 6254
6531 6544
6830 6839
7045 7062
7355 7390
7612 7678
7782 7951
8072 8226
8457 8517
8638 8813
8892 9001
9149 9227
9484 9523
9739 9792
271 272
305 555
830 834
948 1039
1421 1422
1515 1558
1891 1899
2102 2273
2431 2470
2695 2783
2934 2934
3361 3386
3477 3639
3861 3872
4261 4263
4460 4507
4759 4794
4884 5096
5319 5346
5475 5526
5918 5928
6134 6244
6371 6393
6818 6830
6919 6954
7293 7312
7428 7505
7950 7969
8015 8243
8514 8543
8569 8786
8895 8991
9344 9356
9637 9663
9741 9895
1 282
426 566
691 691
959 970
1188 1363
1599 1676
1903 1940
2272 2277
2448 2517
2586 2638
2904 2975
3198 3245
3661 3677
3918 3929
4088 4205
4317 4443
4696 4789
4956 5116
5220 5269
5473 5690
5760 5973
5990 6230
6333 6405
6678 6716
7037 7069
7129 7219
7624 7676
7791 7940
8234 8262
8481 8533
8779 8834
9035 9068
9237 9277
9510 9587
9954 9955
236 246
344 416
809 812
1081 1126
1159 1272
1541 1611
1761 1947
2160 2219
2294 2346
2709 2714
3054 3080
3309 3385
3574 3630
3774 3788
4112 4120
4464 4475
4797 4811
5046 5104
5395 5396
5695 5698
5791 5835
6005 6122
6308 6317
6665 6763
6929 7124
7358 7398
7628 7668
7845 7943
8012 8101
8421 8499
8801 8822
8859 9035
9334 9379
9529 9585
9954 9960
42 142
382 400
671 698
1055 1094
1277 1339
1614 1631
1940 1963
2191 2217
2479 2526
2599 2725
3083 3083
3307 3390
3536 3645
3820 3866
4168 4187
4309 4441
4730 4821
4950 5016
5328 5388
5620 5691
5827 5964
6205 6246
6531 6540
6801 6832
6897 7079
7262 7380
7656 7665
7830 7839
8182 8195
8438 8544
8781 8809
8961 9023
9346 9370
9608 9668
9896 9921
252 275
544 557
705 719
919 929
1251 1407
1698 1708
1754 1879
2234 2271
2332 2373
2839 2846
3081 3092
3343 3394
3489 3577
3771 3924
4017 4274
4501 4522
4625 4823
4978 5099
5286 5389
5563 5667
5732 5797
6101 6256
6321 6333
6785 6811
6993 7000
7227 7297
7547 7617
7765 7845
8235 8257
8273 8442
8598 8772
8977 9017
9390 9404
9543 9606
9720 9822
107 153
338 453
824 832
874 896
1363 1398
1543 1701
1942 1951
2130 2234
2328 2409
2813 2833
2882 3012
3159 3294
3463 3559
3722 3822
4033 4211
4414 4485
4657 4738
5118 5124
5203 5391
5600 5660
5756 5776
6066 6238
6426 6529
6774 6832
6967 7093
7277 7352
7418 7440
7762 7866
8011 8198
8426 8433
8738 8755
9043 9072
9305 9364
9615 9650
9869 9960
259 262
449 477
616 780
956 1127
1316 1391
1576 1663
1751 1948
2219 2259
2416 2549
2732 2821
3129 3131
3229 3258
3650 3661
3806 3968
4065 4212
4510 4535
4834 4835
4935 4986
5180 5287
5479 5637
5975 5979
6232 6259
6543 6545
6665 6773
6982 7068
7280 7401
7413 7596
7777 7869
8014 8220
8309 8546
8723 8790
9034 9041
9392 9399
9487 9515
9827 9933
95 254
470 490
653 831
1003 1137
1262 1339
1609 1689
1935 1982
2271 2276
2476 2561
2674 2724
3122 3125
3167 3197
3679 3685
3738 3857
4237 4253
4505 4535
4730 4835
5123 5123
5394 5414
5528 5617
5720 5918
6229 6230
6390 6447
6593 6634
7050 7060
7302 7306
7673 7679
7935 7946
8083 8232
8381 8419
8669 8686
9074 9116
9391 9396
9525 9640
9940 9974
32 157
414 507
664 852
1024 1066
1230 1246
1695 1696
1929 1976
2167 2272
2552 2556
2849 2849
3056 3071
3136 3397
3693 3693
3710 3986
4204 4228
4511 4519
4679 4695
4943 5032
5404 5404
5656 5675
5934 5972
6207 6242
6434 6453
6675 6726
7007 7007
7149 7152
7676 7686
7907 7931
8206 8251
8329 8535
8674 8725
9018 9099
9360 9385
9578 9680
9743 9842
273 274
365 543
773 801
985 1076
1244 1250
1674 1676
1973 1987
2175 2179
2296 2352
2807 2848
2939 3007
3224 3229
3546 3679
3753 3959
4224 4255
4461 4535
4576 4745
4958 5127
5174 5195
5533 5655
5754 5908
6046 6144
6358 6472
6648 6697
6982 7047
7362 7407
7418 7468
7944 7960
8239 8255
8527 8528
8638 8654
8960 9022
9168 9357
9584 9632
9815 9936
157 229
457 464
680 696
974 1119
1214 1313
1472 1530
1901 1968
2146 2246
2488 2535
2805 2822
2921 2941
3349 3399
3551 3641
3859 3896
4220 4224
4328 4480
4599 4748
5058 5071
5309 5357
5464 5495
5868 5880
6165 6210
6488 6536
6807 6830
7035 7085
7178 7389
7659 7668
7757 7766
8216 8231
8345 8354
8801 8801
9020 9111
9161 9375
9420 9446
9729 9790
98 196
297 338
611 854
1123 1135
1179 1293
1702 1705
1909 1945
2128 2237
2421 2437
2810 2848
2874 3007
3261 3410
3539 3555
3712 3929
4202 4230
4512 4556
4586 4839
4888 5026
5162 5277
5626 5650
5918 5976
6098 6166
6511 6514
6582 6699
6906 7018
7350 7389
7580 7690
7742 7788
8162 8234
8428 8472
8820 8823
8896 9059
9288 9333
9524 9647
9775 9945
42 89
412 530
734 757
873 1098
1209 1286
1694 1701
1856 1922
2174 2276
2397 2448
2749 2759
2913 3051
3382 3411
3591 3633
3964 3989
4110 4193
4349 4413
4601 4643
5025 5045
5143 5282
5662 5689
5892 5901
6242 6252
6295 6317
6582 6734
6905 7067
7371 7396
7445 7516
7953 7972
7990 8076
8453 8549
8735 8793
9020 9110
9290 9359
9499 9582
9696 9970
137 251
438 473
594 694
1019 1112
1173 1179
1655 1698
1743 1849
2081 2251
2380 2439
2764 2846
3062 3133
3268 3318
3526 3572
3896 3956
4238 4238
4298 4450
4704 4775
5102 5110
5351 5406
5695 5699
5739 5918
6211 6254
6525 6526
6761 6811
6945 7035
7157 7368
7575 7685
7814 7849
8014 8203
8352 8458
8810 8820
8924 8952
9347 9383
9675 9682
9869 9944
81 157
515 533
788 814
1031 1035
1300 1313
1540 1688
1966 1967
2194 2248
2446 2479
2648 2833
2960 2977
3269 3383
3432 3647
3955 3979
4176 4236
4374 4402
4613 4704
4890 4996
5239 5381
5638 5644
5869 5958
6169 6176
6354 6368
6648 6681
7101 7105
7215 7405
7536 7591
7888 7913
8255 8264
8331 8358
8575 8784
8993 9035
9159 9293
9413 9607
9942 9960
193 194
482 510
756 854
1050 1101
1413 1415
1651 1698
1912 1938
2067 2129
2334 2489
2769 2778
2895 3126
3408 3415
3546 3605
3871 3925
4198 4227
4530 4538
4762 4835
4972 5008
5195 5235
5511 5695
5941 5952
6170 6252
6287 6460
6724 6740
7063 7084
7186 7358
7671 7683
7698 7901
8236 8244
8462 8469
8608 8665
8922 9088
9233 9335
9554 9673
9888 9974
280 284
403 497
694 790
1131 1134
1386 1416
1617 1634
1808 1989
2117 2249
2522 2563
2737 2846
3089 3093
3240 3310
3650 3675
3827 3983
4137 4206
4350 4506
4792 4830
4963 5033
5292 5399
5585 5691
5977 5980
6120 6149
6543 6551
6676 6810
7087 7118
7195 7400
7523 7633
7849 7880
8153 8201
8442 8481
8653 8818
8874 8939
9126 9354
9629 9686
9805 9959
238 260
412 509
610 756
1095 1107
1407 1423
1526 1567
1751 1753
2071 2175
2432 2435
2578 2672
2856 2931
3415 3418
3512 3554
3934 3951
4033 4050
4332 4392
4724 4814
4953 5047
5387 5399
5667 5679
5759 5841
6170 6187
6474 6541
6706 6736
6879 7044
7186 7404
7678 7684
7738 7817
8102 8210
8395 8466
8672 8783
8837 8960
9262 9282
9542 9667
9821 9928
156 281
401 407
618 680
1094 1120
1326 1370
1500 1689
1993 1994
2069 2230
2322 2373
2613 2694
3010 3032
3366 3391
3596 3608
3986 3986
4033 4100
4483 4508
4806 4840
5015 5080
5144 5261
5504 5516
5947 5954
6223 6254
6403 6480
6821 6828
7108 7109
7371 7395
7622 7639
7727 7882
8114 8218
8545 8547
8622 8719
8959 9024
9121 9153
9576 9624
9726 9825
185 258
379 506
837 851
929 1033
1347 1364
1635 1660
1857 1958
2170 2272
2315 2426
2732 2777
2855 2931
3169 3259
3658 3677
3900 3947
4001 4181
4502 4555
4662 4732
4985 5066
5400 5412
5578 5644
5739 5835
6122 6204
6379 6469
6829 6833
6960 7074
7171 7339
7491 7663
7843 7888
7990 8206
8344 8473
8700 8777
9119 9119
9395 9396
9411 9480
9751 9937
211 218
423 432
786 809
1030 1071
1275 1403
1690 1700
1868 1948
2016 2277
2293 2532
2738 2752
3096 3126
3391 3418
3527 3656
3823 3983
4167 4169
4493 4559
4571 4602
5122 5124
5303 5331
5441 5474
5736 5820
6096 6156
6528 6542
6615 6620
7094 7116
7233 7280
7690 7690
7939 7949
8071 8158
8400 8529
8631 8657
8848 8983
9145 9377
9561 9610
9817 9867
19 190
290 428
685 808
988 1040
1342 1401
1561 1618
1825 1960
1998 2027
2311 2376
2734 2786
2870 2907
3145 3298
3617 3674
3907 3912
4000 4163
4457 4494
4654 4745
5046 5077
5265 5381
5575 5629
5820 5983
6230 6230
6483 6517
6609 6771
6998 7085
7181 7207
7680 7682
7949 7963
8126 8133
8375 8438
8648 8801
8838 9103
9177 9386
9587 9668
9901 9910
40 271
434 499
795 809
891 919
1292 1405
1619 1629
1951 1954
2103 2240
2411 2507
2628 2739
2855 3068
3149 3267
3519 3544
3733 3843
4055 4155
4506 4509
4729 4781
4974 5048
5254 5347
5584 5601
5900 5951
6112 6156
6441 6466
6618 6626
7023 7038
7183 7331
7568 7689
7848 7905
8068 8202
8468 8535
8715 8721
9058 9079
9254 9365
9459 9583
9918 9974
110 263
337 515
669 811
886 954
1328 1346
1684 1690
1877 1984
2250 2253
2315 2485
2653 2844
3075 3132
3176 3413
3622 3675
3802 3918
4068 4070
4550 4551
4771 4787
5088 5129
5159 5228
5421 5483
5753 5853
6060 6088
6377 6453
6771 6790
7084 7107
7181 7279
7477 7506
7797 7930
8066 8243
8344 8407
8685 8721
9115 9117
9317 9322
9463 9570
9791 9879
233 261
552 556
616 790
1078 1090
1145 1177
1577 1644
1843 1900
2117 2121
2441 2526
2723 2793
2915 2964
3198 3268
3533 3645
3849 3902
4080 4206
4395 4549
4713 4806
5061 5106
5146 5267
5657 5681
5709 5984
6168 6199
6435 6474
6720 6828
7087 7114
7291 7396
7660 7670
7918 7919
8237 8260
8528 8546
8653 8671
8908 9052
9286 9333
9456 9607
9774 9910
175 279
414 542
596 617
893 1051
1399 1416
1688 1702
1806 1935
2264 2278
2416 2422
2786 2845
3087 3096
3217 3419
3504 3538
3884 3959
4252 4253
4347 4456
4577 4696
5031 5109
5141 5315
5563 5622
5773 5775
6007 6083
6392 6496
6792 6801
7095 7115
7242 7306
7630 7692
7735 7875
8011 8184
8363 8444
8688 8831
8960 9072
9309 9365
9612 9656
9798 9879
164 176
339 365
849 851
1063 1129
1274 1354
1490 1670
1743 1899
2203 2235
2460 2559
2604 2709
2894 2899
3349 3393
3518 3588
3857 3910
4127 4216
4442 4445
4637 4639
4925 4939
5284 5326
5473 5502
5975 5982
6145 6153
6398 6447
6787 6794
7016 7079
7389 7397
7441 7616
7772 7885
8108 8143
8340 8540
8596 8686
9095 9103
9347 9357
9569 9573
9786 9797
213 276
482 503
803 852
1064 1117
1389 1413
1446 1550
1762 1794
2062 2217
2304 2424
2658 2836
3120 3126
3208 3332
3677 3692
3853 3989
4234 4238
4514 4536
4592 4723
4966 4973
5199 5228
5527 5640
5887 5944
6022 6122
6327 6413
6818 6827
7003 7013
7358 7386
7418 7665
7867 7977
8160 8219
8498 8526
8801 8816
9087 9111
9146 9249
9407 9678
9737 9885
207 221
383 501
753 851
911 1084
1230 1251
1584 1592
1939 1991
2001 2070
2485 2486
2718 2748
2990 3118
3333 3342
3570 3662
3973 3974
4145 4213
4516 4516
4621 4756
5069 5077
5144 5341
5506 5633
5749 5788
6102 6173
6546 6549
6625 6660
7039 7103
7373 7404
7427 7528
7904 7930
8098 8135
8296 8308
8615 8749
8954 9014
9181 9259
9576 9629
9932 9957
150 273
403 484
736 811
1010 1077
1273 1374
1461 1582
1712 1864
2148 2254
2288 2338
2629 2680
2881 3083
3142 3382
3533 3636
3934 3981
4232 4266
4313 4460
4753 4768
5065 5080
5314 5353
5589 5695
5825 5960
6133 6192
6530 6554
6694 6780
7073 7088
7318 7383
7426 7694
7841 7871
7990 8216
8453 8459
8594 8712
9032 9076
9183 9229
9593 9675
9929 9967
24 238
511 524
672 683
937 1042
1373 1404
1540 1575
1764 1836
2014 2244
2287 2318
2652 2694
3012 3029
3203 3367
3606 3620
3958 3974
4271 4274
4301 4426
4645 4796
4970 5097
5379 5409
5422 5588
5938 5954
5986 6071
6302 6404
6666 6715
7010 7031
7220 7359
7560 7644
7845 7921
8046 8129
8345 8402
8675 8688
9052 9054
9209 9331
9598 9685
9763 9807
216 240
451 491
754 800
1105 1137
1328 1387
1596 1623
1851 1924
2190 2191
2464 2475
2786 2825
2875 3027
3351 3370
3672 3674
3934 3969
4044 4273
4532 4549
4677 4699
4894 5089
5281 5376
5697 5698
5934 5943
6193 6252
6313 6524
6826 6834
7043 7064
7390 7406
7511 7593
7753 7975
8007 8147
8298 8459
8660 8781
9008 9045
9158 9294
9687 9688
9905 9965
106 253
417 532
823 828
869 1011
1226 1340
1668 1679
1816 1849
2034 2208
2373 2513
2778 2819
2896 3083
3363 3394
3434 3565
3856 3876
4148 4270
4419 4419
4650 4709
5098 5110
5206 5282
5418 5698
5855 5982
6145 6230
6465 6530
6805 6827
6946 7119
7393 7406
7692 7693
7761 7933
8067 8158
8453 8471
8796 8802
8966 9019
9364 9387
9489 9626
9831 9844
207 255
560 563
672 724
921 1005
1166 1267
1707 1708
1830 1969
2144 2207
2451 2539
2624 2847
2905 3117
3176 3381
3693 3698
3744 3780
4242 4244
4365 4396
4631 4725
4930 4967
5304 5333
5608 5691
5793 5881
5999 6221
6496 6529
6832 6835
7036 7045
7251 7367
7412 7423
7907 7928
8032 8145
8268 8368
8745 8815
8892 8937
9144 9151
9428 9439
9972 9972
68 97
333 480
732 835
1102 1109
1405 1423
1673 1681
1860 1968
2031 2259
2376 2430
2592 2818
3121 3130
3326 3392
3472 3670
3726 3848
4265 4273
4527 4558
4638 4816
4863 4957
5378 5380
5591 5654
5816 5835
6020 6195
6458 6479
6657 6710
6990 7048
7358 7369
7518 7656
7710 7912
8002 8044
8446 8460
8833 8834
8880 9118
9350 9359
9436 9505
9972 9973
124 213
418 491
688 723
1055 1081
1313 1383
1442 1662
1852 1861
2122 2167
2333 2520
2831 2839
2988 3002
3255 3408
3643 3664
3735 3813
4160 4237
4378 4451
4743 4764
4986 5116
5149 5352
5528 5654
5941 5959
6034 6223
6318 6351
6742 6797
6928 6970
7363 7390
7473 7549
7865 7933
8179 8255
8333 8356
8798 8809
8839 9049
9159 9229
9457 9462
9936 9957
111 166
437 550
707 755
1021 1024
1376 1390
1465 1506
1961 1961
2130 2183
2417 2426
2724 2751
3112 3126
3230 3378
3566 3702
3750 3900
4087 4177
4323 4323
4656 4686
5082 5105
5199 5318
5486 5642
5702 5944
6012 6129
6521 6545
6838 6838
6963 7009
7152 7245
7622 7676
7888 7961
8196 8227
8488 8523
8615 8774
8878 8879
9299 9380
9488 9524
9755 9815
39 271
562 565
733 839
975 1105
1245 1395
1513 1586
1940 1953
2136 2253
2515 2555
2691 2692
3076 3124
3419 3419
3626 3665
3833 3855
4130 4236
4536 4537
4799 4827
4947 5059
5277 5405
5472 5477
5814 5877
6082 6162
6383 6455
6596 6673
7005 7063
7149 7209
7565 7664
7850 7915
8237 8248
8318 8336
8831 8832
9117 9117
9382 9390
9460 9472
9871 9871
73 283
348 394
757 852
1089 1124
1400 1420
1506 1521
1829 1898
2227 2234
2291 2331
2845 2846
2977 3026
3181 3326
3608 3662
3972 3979
4143 4271
4529 4535
4624 4638
4905 4994
5370 5391
5676 5692
5838 5911
6214 6226
6432 6516
6730 6836
7102 7108
7240 7298
7502 7529
7721 7917
8116 8244
8468 8502
8619 8828
9015 9019
9373 9384
9537 9609
9697 9831
184 216
508 550
704 721
907 1119
1291 1413
1702 1704
1948 1960
2108 2196
2301 2398
2700 2768
2880 2944
3307 3395
3685 3691
3749 3880
4040 4194
4377 4492
4780 4843
4949 5037
5263 5352
5666 5689
5781 5845
6116 6210
6440 6511
6643 6837
6968 7003
7375 7397
7635 7678
7906 7954
8177 8236
8412 8546
8719 8801
9076 9090
9268 9389
9492 9549
9898 9913
37 50
558 560
588 826
1030 1035
1337 1415
1513 1566
1747 1944
2072 2104
2482 2554
2575 2664
3069 3121
3382 3384
3532 3591
3790 3927
4167 4169
4460 4482
4703 4790
4976 5011
5261 5366
5433 5486
5809 5825
6186 6260
6460 6484
6761 6813
6933 6979
7221 7298
7656 7685
7697 7854
8218 8258
8419 8519
8750 8794
8899 9033
9364 9384
9640 9689
9962 9971
223 246
510 515
726 790
959 1064
1385 1416
1668 1698
1924 1994
2051 2278
2429 2552
2591 2817
2862 3013
3240 3248
3547 3643
3888 3950
4085 4169
4383 4392
4763 4805
4973 5068
5334 5383
5587 5685
5808 5932
6068 6156
6312 6530
6580 6621
7018 7078
7339 7401
7411 7626
7929 7972
7993 8136
8375 8451
8569 8607
8931 9031
9229 9356
9516 9583
9764 9878
91 253
530 555
728 853
1005 1021
1282 1336
1542 1598
1806 1812
2125 2131
2447 2480
2671 2793
3006 3128
3179 3333
3571 3664
3811 3985
4075 4199
4455 4471
4561 4602
5061 5088
5222 5352
5491 5532
5918 5980
6248 6264
6431 6522
6650 6746
7031 7039
7337 7340
7660 7681
7865 7916
8003 8168
8381 8470
8604 8762
8877 9039
9329 9366
9626 9689
9973 9973
81 284
338 437
590 718
995 1118
1178 1225
1616 1672
1965 1987
2059 2078
2366 2466
2687 2760
3031 3038
3218 3330
3477 3701
3710 3908
4017 4135
4433 4553
4762 4776
4988 5053
5267 5323
5519 5647
5753 5836
6023 6044
6358 6518
6808 6822
6947 7121
7386 7398
7534 7659
7757 7778
8065 8138
8421 8496
8589 8606
9042 9072
9372 9404
9508 9652
9763 9918
272 276
368 372
842 849
1055 1093
1339 1387
1575 1679
1837 1879
2032 2154
2329 2353
2668 2830
2942 3074
3391 3412
3704 3704
3792 3980
4152 4169
4380 4482
4802 4808
4894 5086
5373 5383
5687 5695
5770 5786
6253 6253
6277 6429
6597 6611
7017 7052
7375 7398
7458 7619
7819 7909
8046 8235
8276 8421
8793 8827
9096 9112
9215 9396
9539 9629
9825 9922
57 271
423 539
847 850
859 904
1413 1416
1494 1660
1930 1979
2195 2277
2420 2530
2841 2846
3047 3050
3326 3418
3457 3466
3761 3913
4009 4118
4372 4373
4790 4821
4937 4951
5146 5357
5452 5653
5948 5976
6112 6267
6481 6488
6829 6829
7008 7116
7203 7226
7629 7672
7973 7974
8103 8220
8390 8523
8783 8793
8862 8996
9167 9338
9655 9677
9807 9919
41 68
446 488
628 842
953 1006
1262 1291
1605 1666
1934 1957
2060 2167
2360 2405
2726 2845
3015 3036
3297 3381
3511 3576
3964 3971
4164 4220
4318 4476
4618 4707
5010 5057
5237 5324
5552 5587
5832 5971
5995 6203
6514 6527
6746 6793
7072 7073
7227 7398
7590 7683
7942 7954
8008 8249
8412 8426
8610 8786
9071 9098
9225 9383
9430 9613
9911 9940
237 269
379 461
819 842
912 1061
1306 1412
1694 1696
1990 1990
2203 2211
2316 2337
2746 2802
3107 3121
3308 3414
3483 3677
3821 3964
4117 4234
4497 4529
4816 4839
4851 5087
5368 5401
5576 5621
5838 5907
6109 6247
6487 6513
6687 6696
7071 7078
7129 7306
7466 7557
7736 7836
8146 8168
8442 8483
8623 8697
8929 9006
9341 9370
9676 9684
9709 9933
195 247
302 479
609 622
1125 1129
1152 1355
1658 1661
1945 1950
2045 2127
2410 2478
2721 2805
3131 3131
3262 3370
3422 3698
3925 3969
4253 4260
4294 4378
4623 4836
5051 5057
5207 5365
5665 5670
5920 5930
6076 6258
6528 6531
6722 6790
6927 7120
7144 7254
7601 7640
7866 7891
8252 8255
8326 8548
8738 8749
9015 9020
9402 9403
9651 9660
9742 9861
187 265
309 310
813 830
1036 1098
1307 1309
1583 1689
1892 1896
2214 2261
2539 2551
2699 2846
2993 3091
3337 3348
3546 3686
3904 3984
4188 4204
4371 4477
4632 4775
5068 5079
5411 5414
5687 5697
5901 5983
6110 6211
6410 6444
6700 6717
7079 7086
7256 7353
7555 7659
7804 7816
8256 8256
8495 8536
8733 8801
9021 9072
9205 9208
9605 9671
9829 9862
124 191
478 544
725 818
970 1062
1278 1344
1703 1708
1824 1891
2189 2206
2309 2400
2665 2701
3063 3093
3272 3284
3591 3682
3960 3972
4112 4170
4393 4509
4782 4812
4923 5006
5243 5268
5671 5680
5706 5714
6108 6111
6312 6338
6716 6728
6998 7103
7135 7243
7610 7683
7948 7959
8243 8256
8494 8538
8689 8767
8889 8996
9281 9398
9549 9675
9730 9808
37 153
552 556
827 828
872 1107
1394 1402
1548 1599
1887 1887
2132 2186
2471 2494
2696 2734
3083 3124
3374 3379
3483 3659
3948 3949
4152 4218
4402 4415
4716 4808
4885 4917
5270 5320
5447 5539
5740 5954
6219 6253
6280 6397
6637 6662
6979 7061
7300 7328
7456 7541
7871 7952
8147 8216
8379 8535
8559 8749
9102 9113
9403 9404
9456 9624
9919 9949
274 279
509 542
663 718
1111 1132
1175 1373
1503 1581
1943 1971
2097 2177
2356 2378
2663 2834
2989 3053
3225 3356
3522 3634
3734 3969
3996 4261
4357 4507
4806 4821
4983 4994
5217 5267
5546 5691
5708 5864
6123 6265
6388 6455
6734 6782
7071 7106
7216 7306
7619 7636
7795 7972
8226 8257
8548 8548
8832 8833
9098 9102
9171 9244
9421 9592
9754 9920
8 82
397 461
742 772
966 1076
1240 1312
1597 1653
1986 1986
2021 2210
2382 2526
2637 2640
3109 3111
3328 3364
3539 3653
3820 3934
4273 4274
4404 4555
4611 4687
5051 5070
5356 5408
5443 5592
5708 5801
6180 6195
6386 6444
6664 6762
6978 6994
7310 7333
7557 7591
7696 7934
8235 8238
8287 8505
8783 8796
8892 8952
9307 9398
9444 9583
9930 9957
51 147
364 411
662 753
933 1121
1411 1422
1689 1705
1888 1973
2119 2143
2414 2539
2628 2779
2882 2994
3178 3354
3476 3581
3946 3975
4009 4176
4281 4413
4602 4602
4902 5122
5208 5388
5480 5674
5983 5984
6062 6111
6518 6553
6575 6672
6910 7046
7292 7297
7531 7645
7807 7933
8184 8263
8317 8448
8772 8818
9004 9039
9169 9201
9564 9597
9881 9900
246 261
434 515
759 773
1001 1059
1355 1420
1645 1664
1882 1966
2049 2220
2433 2513
2724 2751
2932 2934
3156 3237
3686 3688
3750 3926
4266 4274
4413 4476
4613 4829
5049 5120
5151 5276
5592 5617
5715 5915
6247 6263
6454 6516
6672 6741
7013 7086
7354 7377
7549 7665
7918 7941
8152 8194
8306 8361
8735 8754
9027 9104
9282 9381
9512 9655
9876 9889
274 275
303 438
747 762
875 995
1161 1350
1504 1577
1735 1808
2118 2150
2474 2520
2634 2683
2875 2912
3382 3407
3567 3640
3943 3974
4090 4165
4381 4455
4640 4809
4893 4998
5340 5404
5542 5586
5844 5936
6235 6262
6383 6450
6714 6724
6982 6987
7154 7299
7637 7691
7906 7920
8186 8197
8539 8546
8749 8761
8849 8975
9369 9369
9672 9674
9966 9973
4 118
552 560
768 849
973 1028
1186 1219
1488 1521
1854 1927
2203 2235
2499 2553
2748 2839
2943 3125
3194 3240
3687 3688
3831 3900
4179 4222
4425 4477
4682 4711
5035 5061
5379 5395
5693 5696
5876 5884
6127 6152
6346 6384
6751 6769
6899 7018
7261 7409
7604 7628
7797 7900
8117 8147
8548 8549
8794 8812
8857 9103
9273 9376
9486 9680
9931 9940
198 236
554 567
733 780
1089 1109
1318 1384
1511 1689
1933 1970
2078 2269
2540 2540
2801 2818
2993 3008
3300 3326
3562 3656
3905 3988
4063 4260
4525 4527
4673 4756
4935 4991
5270 5358
5535 5560
5890 5975
6081 6240
6513 6516
6688 6760
7063 7089
7310 7365
7552 7566
7945 7967
8191 8210
8291 8404
8725 8802
8874 8924
9151 9275
9506 9620
9935 9942
73 257
431 484
836 847
1044 1048
1380 1394
1518 1619
1872 1933
2197 2272
2424 2487
2728 2736
3070 3128
3412 3412
3572 3599
3793 3975
4202 4269
4535 4546
4635 4754
5020 5086
5237 5340
5662 5675
5938 5972
6223 6231
6476 6479
6816 6839
7063 7077
7330 7407
7457 7497
7838 7897
8037 8078
8322 8410
8761 8761
9015 9106
9360 9368
9640 9689
9945 9958
171 249
291 546
692 771
909 981
1324 1417
1678 1708
1837 1868
2000 2151
2524 2564
2846 2849
2886 3074
3287 3356
3590 3620
3855 3967
4014 4049
4383 4394
4830 4843
5019 5052
5347 5377
5507 5612
5843 5861
6087 6131
6387 6535
6741 6835
6973 7044
7380 7384
7554 7651
7835 7847
8143 8183
8448 8528
8641 8789
8891 8950
9364 9384
9548 9654
9959 9960
182 266
498 533
585 605
945 1130
1243 1353
1619 1625
1750 1758
2194 2212
2429 2453
2826 2843
2974 3039
3277 3314
3595 3696
3751 3944
4018 4212
4525 4552
4594 4727
5058 5102
5287 5393
5609 5613
5968 5968
6261 6269
6444 6478
6715 6828
6891 6949
7354 7359
7433 7481
7838 7858
8091 8185
8410 8501
8759 8759
9102 9114
9299 9343
9649 9677
9905 9949
35 188
329 417
584 814
1050 1137
1292 1332
1644 1644
1799 1969
2132 2176
2477 2507
2807 2815
2982 3119
3254 3317
3666 3673
3798 3985
4124 4186
4391 4506
4599 4712
4885 4904
5271 5413
5480 5531
5806 5964
6153 6231
6411 6550
6718 6738
6904 7030
7394 7398
7691 7691
7743 7766
8242 8250
8397 8536
8633 8661
8900 9059
9268 9273
9675 9680
9943 9968
126 279
497 516
717 775
1026 1085
1423 1423
1647 1677
1728 1987
2137 2165
2375 2524
2818 2838
2985 3025
3350 3378
3645 3677
3793 3873
4162 4219
4348 4402
4704 4712
4978 5127
5268 5324
5443 5645
5900 5963
6224 6260
6323 6488
6739 6815
7038 7072
7303 7404
7453 7578
7743 7975
8116 8195
8537 8542
8672 8677
9056 9072
9129 9268
9532 9612
9917 9935
166 270
400 519
576 780
1124 1125
1406 1419
1677 1709
1835 1915
2090 2230
2306 2418
2608 2805
3029 3104
3392 3396
3656 3701
3896 3983
4166 4271
4380 4456
4746 4791
5029 5072
5332 5407
5600 5624
5866 5873
6224 6227
6466 6554
6767 6768
7109 7110
7322 7383
7472 7487
7750 7800
8106 8238
8376 8388
8639 8753
9046 9084
9298 9363
9613 9625
9768 9803
146 165
489 509
853 854
1083 1127
1285 1358
1567 1603
1810 1973
2113 2123
2454 2502
2687 2806
3099 3101
3403 3403
3599 3658
3732 3939
4084 4173
4442 4472
4766 4827
4921 5018
5308 5411
5626 5693
5962 5977
6004 6060
6382 6496
6785 6817
6943 7053
7231 7243
7538 7608
7819 7884
8197 8214
8428 8517
8742 8746
8935 9032
9345 9350
9455 9546
9949 9957
118 214
543 552
737 839
973 1058
1198 1269
1646 1685
1879 1990
2089 2170
2499 2500
2577 2840
3063 3104
3194 3354
3637 3638
3888 3968
4129 4173
4506 4539
4788 4829
4892 5013
5171 5201
5648 5678
5753 5970
6214 6252
6527 6531
6784 6807
6928 7094
7317 7408
7597 7632
7972 7974
8138 8183
8431 8480
8586 8679
8980 9043
9335 9345
9518 9639
9812 9838
244 272
384 483
579 625
1026 1119
1142 1176
1506 1664
1728 1898
2141 2154
2348 2453
2697 2739
2863 2908
3335 3407
3633 3639
3825 3983
4127 4153
4536 4548
4639 4778
5072 5111
5260 5363
5662 5665
5752 5971
6127 6154
6282 6415
6615 6827
6927 6933
7149 7367
7482 7543
7699 7749
8259 8261
8322 8460
8579 8782
9011 9073
9158 9308
9408 9487
9909 9950
270 279
491 553
739 800
972 1130
1403 1422
1682 1701
1972 1973
2076 2273
2398 2563
2758 2817
2960 2981
3399 3405
3649 3676
3874 3962
4185 4210
4466 4482
4569 4712
4857 5050
5413 5413
5476 5550
5984 5984
6199 6199
6322 6364
6713 6728
7073 7082
7184 7339
7665 7684
7883 7944
8185 8224
8527 8538
8715 8825
8879 9117
9183 9399
9523 9551
9772 9811
2 26
486 498
755 758
1125 1132
1375 1376
1596 1643
1852 1867
2128 2193
2443 2527
2785 2809
2910 3064
3283 3402
3685 3692
3720 3750
4136 4215
4361 4389
4715 4769
4898 5128
5407 5408
5687 5693
5896 5936
6010 6075
6456 6489
6694 6754
6995 7106
7228 7249
7566 7682
7743 7899
8138 8208
8443 8444
8631 8672
8878 9069
9181 9398
9409 9515
9735 9778
47 203
361 392
783 848
944 1013
1300 1386
1671 1696
1887 1959
2203 2262
2440 2445
2619 2829
2935 3034
3266 3306
3634 3686
3780 3873
4263 4265
4391 4428
4743 4773
4997 5064
5351 5366
5636 5663
5884 5935
6228 6266
6412 6549
6786 6790
7076 7088
7253 7285
7546 7590
7738 7973
8031 8060
8503 8533
8686 8740
8920 9089
9278 9352
9510 9637
9836 9872
200 272
373 381
780 791
1091 1131
1151 1321
1696 1705
1750 1789
2131 2204
2380 2521
2834 2847
2909 3020
3139 3367
3530 3583
3759 3875
4204 4223
4343 4508
4822 4843
4857 5008
5342 5382
5655 5682
5711 5913
6038 6253
6410 6439
6597 6784
6945 7014
7345 7347
7615 7679
7864 7870
8041 8079
8444 8542
8556 8603
9046 9050
9190 9275
9437 9622
9903 9916
71 118
426 533
620 728
858 1108
1225 1244
1498 1674
1972 1973
2152 2208
2380 2517
2598 2717
3129 3133
3364 3385
3647 3665
3727 3747
4143 4257
4416 4430
4598 4698
4945 5065
5251 5385
5596 5653
5973 5980
6061 6244
6427 6504
6836 6839
6988 7049
7275 7367
7529 7673
7710 7884
8205 8210
8293 8356
8641 8645
9061 9081
9169 9216
9492 9583
9940 9943
262 272
406 446
804 846
1059 1075
1372 1385
1473 1534
1934 1985
2108 2176
2300 2392
2613 2683
2865 3054
3272 3355
3531 3562
3975 3988
4270 4270
4467 4511
4758 4776
5081 5085
5149 5178
5416 5697
5890 5909
6095 6240
6319 6535
6756 6826
7088 7117
7217 7324
7691 7692
7937 7965
8040 8115
8528 8530
8581 8658
8900 9003
9224 9393
9670 9671
9873 9944
133 246
545 565
808 848
1139 1139
1230 1253
1493 1547
1849 1948
2227 2274
2338 2379
2787 2839
2852 2992
3390 3390
3498 3655
3771 3923
4033 4233
4379 4471
4562 4566
4906 5125
5242 5316
5557 5572
5740 5893
6130 6255
6400 6426
6835 6837
7074 7106
7320 7347
7616 7672
7855 7914
8149 8212
8274 8381
8649 8793
8912 9065
9175 9226
9617 9681
9706 9723
229 231
416 526
826 841
976 1089
1258 1390
1466 1541
1720 1880
2203 2235
2515 2545
2780 2834
2977 3110
3251 3356
3608 3700
3802 3851
4254 4260
4556 4559
4591 4765
5111 5123
5405 5407
5530 5674
5969 5978
6082 6175
6370 6393
6682 6773
7097 7118
7179 7254
7573 7617
7916 7975
8186 8209
8479 8491
8779 8833
8988 9029
9165 9339
9586 9654
9824 9937
38 138
388 537
592 715
1060 1069
1395 1417
1485 1698
1799 1889
2139 2185
2475 2534
2630 2803
3048 3069
3334 3349
3529 3644
3977 3979
4101 4203
4543 4553
4702 4778
4922 5005
5298 5302
5671 5674
5728 5897
6192 6259
6467 6516
6563 6812
6905 7114
7287 7338
7433 7595
7819 7837
8261 8262
8542 8549
8626 8798
9023 9078
9323 9344
9609 9670
9886 9909
23 157
356 555
768 786
1049 1058
1383 1396
1596 1623
1819 1912
2097 2236
2482 2541
2773 2779
3052 3134
3281 3378
3587 3650
3894 3939
4070 4197
4301 4475
4724 4817
5077 5108
5410 5411
5589 5692
5921 5931
6002 6135
6552 6552
6712 6782
7009 7029
7259 7344
7476 7524
7886 7962
8043 8253
8339 8375
8610 8695
9090 9104
9212 9277
9556 9577
9808 9899
238 256
532 547
632 777
1057 1137
1308 1344
1524 1643
1927 1948
2212 2234
2316 2436
2613 2654
3029 3115
3136 3304
3645 3704
3940 3980
4155 4245
4357 4420
4633 4648
4973 5066
5360 5398
5537 5575
5939 5959
6099 6201
6460 6483
6609 6734
7010 7119
7405 7406
7485 7497
7734 7853
7988 8244
8272 8511
8749 8783
9045 9118
9391 9402
9566 9655
9809 9908
239 267
495 552
582 783
1124 1131
1180 1247
1626 1706
1731 1821
2039 2173
2419 2433
2700 2826
2972 3059
3365 3397
3491 3701
3771 3925
4012 4188
4470 4473
4782 4837
5045 5100
5225 5242
5622 5687
5702 5851
6026 6081
6387 6514
6729 6742
7092 7094
7301 7317
7518 7670
7700 7749
8173 8188
8513 8529
8730 8806
9065 9102
9153 9274
9433 9460
9950 9970
273 278
400 555
578 777
1105 1108
1230 1393
1693 1698
1802 1934
2132 2137
2535 2547
2652 2776
3011 3134
3178 3394
3542 3685
3755 3939
4019 4231
4373 4508
4651 4770
5115 5122
5330 5348
5637 5684
5971 5979
6237 6241
6394 6422
6658 6688
7044 7088
7176 7359
7504 7564
7808 7926
8157 8208
8392 8487
8700 8831
9087 9106
9357 9362
9514 9535
9801 9858
283 284
301 506
776 778
1033 1135
1353 1373
1637 1679
1880 1942
1997 2044
2518 2522
2709 2770
2921 2994
3253 3325
3443 3505
3747 3841
4204 4216
4508 4518
4805 4836
5050 5127
5314 5365
5516 5583
5762 5830
6168 6197
6507 6550
6813 6816
6939 7042
7359 7391
7674 7694
7882 7884
8051 8090
8466 8510
8667 8825
9000 9114
9157 9265
9546 9680
9784 9813
60 60
555 569
715 744
1024 1051
1289 1323
1587 1590
1936 1939
2144 2243
2328 2459
2587 2721
3026 3100
3161 3313
3525 3590
3936 3938
4035 4239
4484 4505
4782 4796
4896 5129
5248 5272
5475 5681
5968 5981
6152 6164
6279 6394
6579 6614
7111 7114
7304 7365
7656 7683
7920 7970
8105 8176
8364 8393
8780 8832
8892 9069
9253 9321
9419 9539
9814 9960
84 115
350 463
648 843
965 1065
1268 1296
1664 1683
1766 1908
1999 2025
2396 2508
2776 2820
3044 3093
3186 3290
3603 3675
3722 3911
4182 4212
4396 4506
4795 4814
4862 5056
5269 5365
5537 5594
5957 5978
6172 6265
6324 6532
6717 6797
7078 7123
7289 7372
7604 7654
7955 7970
8003 8156
8522 8538
8648 8694
9059 9111
9200 9364
9412 9450
9743 9784
223 280
550 556
769 840
1094 1122
1336 1421
1639 1658
1903 1934
2018 2275
2466 2530
2834 2844
3007 3100
3290 3298
3620 3693
3985 3988
4088 4260
4279 4324
4740 4774
4920 5058
5188 5373
5496 5610
5898 5921
6117 6133
6407 6416
6782 6814
6945 7028
7313 7335
7528 7657
7730 7782
8153 8185
8409 8452
8688 8695
8961 9101
9355 9363
9534 9569
9860 9892
150 269
561 568
586 647
1025 1104
1308 1390
1636 1656
1711 1729
2019 2261
2365 2492
2805 2844
3066 3131
3345 3399
3607 3691
3860 3910
4040 4251
4433 4530
4686 4785
4881 4976
5197 5321
5450 5613
5802 5854
6019 6147
6539 6540
6800 6833
6890 6970
7390 7395
7528 7530
7745 7886
8098 8252
8370 8519
8759 8833
8932 8951
9271 9316
9587 9630
9880 9948
71 226
405 466
593 767
1099 1137
1324 1401
1426 1444
1813 1853
2075 2248
2378 2513
2661 2762
2983 2993
3193 3251
3641 3657
3820 3825
3995 4107
4499 4505
4819 4839
4911 5049
5345 5356
5491 5697
5722 5878
6119 6216
6275 6334
6646 6699
6888 7026
7409 7409
7626 7681
7865 7887
8192 8264
8330 8401
8567 8716
8986 9080
9373 9402
9436 9687
9875 9924
137 156
540 559
658 799
995 1079
1384 1397
1506 1685
1865 1919
2125 2231
2437 2480
2601 2639
2925 3047
3224 3416
3556 3676
3788 3846
4203 4269
4522 4544
4803 4835
5071 5090
5344 5406
5581 5603
5924 5937
6192 6254
6288 6431
6668 6796
6917 7072
7347 7403
7663 7666
7719 7964
8078 8165
8442 8493
8631 8737
9117 9119
9340 9384
9625 9645
9742 9761
72 181
514 562
786 830
921 979
1411 1422
1564 1650
1774 1825
2000 2138
2488 2499
2757 2757
3041 3130
3298 3314
3634 3684
3866 3898
4191 4270
4354 4410
4698 4756
5101 5126
5176 5325
5549 5661
5956 5974
6145 6188
6324 6484
6681 6783
6841 6862
7289 7398
7584 7623
7970 7976
8106 8201
8361 8380
8684 8823
8946 9010
9238 9288
9426 9631
9810 9938
260 278
381 418
846 849
1068 1123
1340 1405
1707 1709
1806 1824
2200 2232
2513 2530
2747 2841
2904 2980
3235 3411
3500 3646
3950 3960
4020 4219
4445 4469
4713 4782
4924 5055
5183 5217
5697 5699
5831 5963
6110 6144
6396 6546
6677 6771
6872 7115
7237 7280
7471 7632
7949 7972
8142 8187
8314 8422
8640 8662
8852 8949
9316 9340
9625 9680
9723 9833
235 280
378 413
668 745
913 1106
1143 1340
1528 1565
1747 1909
2030 2040
2389 2513
2804 2810
3021 3124
3328 3389
3668 3678
3777 3938
4224 4228
4529 4532
4570 4806
5114 5119
5201 5392
5663 5684
5955 5956
6152 6179
6509 6513
6722 6728
6874 7122
7181 7250
7633 7646
7741 7969
8045 8147
8405 8414
8681 8777
8966 9042
9193 9400
9464 9601
9780 9810
40 193
318 366
707 790
887 903
1370 1376
1556 1597
1824 1927
2127 2192
2316 2410
2687 2803
3005 3129
3339 3343
3446 3651
3941 3941
4157 4178
4283 4509
4699 4743
5085 5127
5353 5357
5559 5562
5954 5974
6097 6251
6528 6537
6693 6750
6848 7036
7168 7340
7575 7690
7943 7947
8180 8204
8274 8538
8631 8743
8840 9046
9168 9211
9671 9687
9956 9958
162 262
406 417
669 692
1032 1103
1398 1414
1612 1628
1797 1854
2238 2247
2563 2564
2711 2844
3113 3120
3315 3383
3516 3642
3981 3985
4055 4106
4458 4503
4832 4840
5092 5103
5197 5361
5454 5687
5883 5906
6112 6202
6474 6516
6757 6788
6985 7027
7288 7303
7526 7636
7712 7888
7990 8065
8468 8475
8730 8752
8907 9071
9335 9360
9488 9591
9774 9841
50 172
509 513
669 809
968 1039
1147 1149
1708 1708
1965 1983
2159 2275
2438 2486
2586 2648
2960 3089
3400 3414
3474 3653
3803 3903
4180 4272
4398 4545
4827 4837
4942 5032
5237 5333
5466 5601
5852 5853
6115 6185
6349 6527
6725 6789
6980 6998
7210 7362
7456 7655
7704 7710
8140 8215
8300 8311
8716 8763
9118 9118
9309 9394
9467 9688
9914 9958
257 270
296 423
720 722
955 973
1363 1387
1580 1689
1975 1994
1997 2165
2374 2492
2781 2824
2864 2941
3298 3380
3576 3675
3766 3799
4250 4251
4421 4531
4791 4839
4943 5096
5264 5394
5649 5649
5745 5787
6142 6171
6350 6415
6669 6772
7109 7115
7322 7389
7453 7624
7834 7907
8241 8243
8324 8374
8555 8619
9089 9106
9285 9340
9460 9663
9879 9972
153 211
366 413
582 658
901 1040
1242 1307
1486 1609
1821 1939
2030 2172
2514 2552
2847 2849
3044 3108
3208 3352
3591 3625
3722 3910
4180 4216
4552 4554
4708 4732
4942 5002
5402 5403
5503 5645
5783 5948
6142 6227
6277 6531
6794 6837
6936 6973
7328 7377
7602 7610
7853 7931
8246 8262
8346 8483
8654 8735
8886 8967
9136 9229
9586 9593
9789 9844
131 213
296 453
573 791
929 932
1181 1239
1686 1698
1855 1982
2240 2268
2294 2303
2698 2781
2952 2968
3286 3286
3509 3572
3884 3924
4223 4251
4544 4548
4661 4806
5074 5090
5298 5411
5641 5647
5865 5944
6110 6170
6512 6541
6822 6825
7123 7124
7250 7356
7463 7519
7960 7973
8241 8243
8350 8352
8799 8801
8859 8903
9238 9305
9570 9681
9903 9952
149 175
501 564
580 645
1022 1091
1141 1394
1437 1515
1825 1843
2093 2165
2364 2383
2715 2847
2856 3028
3228 3229
3472 3521
3861 3964
4086 4196
4505 4552
4841 4843
4871 4950
5173 5323
5479 5587
5732 5820
6036 6269
6326 6480
6789 6821
7034 7057
7181 7301
7487 7634
7818 7929
8193 8230
8362 8399
8671 8805
8928 9070
9403 9404
9575 9639
9839 9869
249 269
423 435
615 626
1106 1138
1210 1371
1446 1519
1971 1984
2097 2122
2505 2553
2795 2848
2996 3086
3405 3406
3634 3644
3795 3808
3994 4053
4277 4350
4685 4783
4867 5083
5211 5387
5498 5695
5754 5755
6006 6153
6309 6323
6759 6836
7081 7086
7332 7370
7688 7688
7735 7907
8195 8211
8347 8478
8651 8669
9069 9116
9340 9362
9563 9573
9691 9808
260 263
313 489
713 714
1029 1072
1250 1363
1622 1697
1765 1933
2205 2215
2418 2486
2773 2798
3133 3133
3164 3330
3654 3656
3881 3951
4003 4227
4455 4558
4713 4808
5099 5120
5357 5402
5679 5687
5973 5982
6063 6185
6318 6476
6584 6699
7021 7073
7263 7340
7689 7692
7736 7913
8259 8264
8472 8489
8824 8829
9073 9083
9169 9364
9469 9520
9727 9748
15 102
541 562
782 843
905 1088
1158 1235
1623 1644
1854 1939
2160 2248
2512 2530
2649 2730
2944 2948
3264 3372
3584 3677
3715 3750
4244 4263
4469 4485
4605 4772
5035 5063
5360 5376
5567 5614
5969 5983
6216 6256
6488 6554
6711 6831
6885 6889
7322 7391
7535 7620
7887 7895
8217 8236
8515 8530
8680 8788
9002 9111
9302 9401
9408 9575
9945 9957
109 188
396 463
717 828
909 1029
1170 1348
1474 1663
1960 1980
2192 2200
2502 2557
2684 2768
3069 3104
3288 3369
3532 3623
3857 3988
4096 4162
4419 4496
4572 4785
4898 5067
5325 5385
5600 5671
5868 5927
6059 6091
6441 6473
6806 6837
6919 7015
7295 7297
7641 7670
7939 7973
8240 8243
8499 8515
8641 8718
8978 9028
9177 9308
9517 9537
9833 9912
62 268
465 481
655 709
984 1012
1315 1396
1656 1678
1873 1943
2216 2232
2443 2525
2635 2837
2947 2971
3221 3296
3658 3697
3916 3925
4076 4274
4504 4527
4818 4825
5045 5123
5332 5344
5448 5549
5976 5981
6037 6075
6492 6506
6827 6830
6856 7059
7371 7397
7546 7558
7714 7780
8040 8140
8381 8450
8736 8801
9030 9038
9229 9339
9538 9656
9816 9938
186 251
542 543
574 789
948 965
1407 1423
1669 1701
1748 1910
2046 2255
2385 2485
2625 2647
3009 3010
3219 3297
3463 3626
3818 3897
4224 4268
4411 4525
4754 4757
5076 5095
5226 5271
5605 5695
5961 5980
6111 6192
6470 6531
6581 6627
6864 7059
7262 7304
7668 7689
7726 7829
8049 8070
8334 8525
8611 8612
8981 9046
9401 9401
9655 9664
9965 9973
284 284
450 493
697 793
1012 1058
1255 1264
1551 1693
1835 1891
2009 2030
2461 2487
2809 2829
3072 3097
3298 3299
3541 3647
3847 3987
4022 4197
4420 4497
4636 4789
5053 5093
5359 5414
5492 5561
5784 5898
6127 6178
6527 6550
6795 6833
6925 7059
7278 7306
7610 7685
7851 7903
8257 8259
8312 8455
8764 8792
8940 8960
9278 9321
9556 9646
9901 9925
274 276
369 459
580 638
1075 1084
1189 1358
1520 1667
1777 1852
2064 2262
2428 2552
2826 2829
2883 3028
3361 3383
3472 3632
3960 3963
4145 4272
4299 4511
4834 4839
4912 4966
5356 5396
5591 5657
5880 5962
6149 6250
6464 6500
6652 6733
6904 6943
7344 7382
7415 7545
7892 7931
8200 8238
8547 8549
8598 8742
8861 9085
9308 9393
9622 9656
9734 9866
54 253
524 528
718 768
1000 1133
1312 1397
1696 1708
1939 1950
2245 2250
2475 2518
2693 2765
3108 3119
3398 3405
3527 3554
3740 3966
4099 4273
4527 4544
4726 4784
5108 5110
5332 5357
5589 5613
5810 5971
6010 6254
6529 6550
6582 6730
6922 7079
7247 7381
7625 7633
7869 7892
8215 8260
8390 8478
8567 8757
8903 9079
9347 9373
9456 9484
9909 9963
110 237
512 520
794 826
875 888
1295 1316
1441 1472
1892 1949
2072 2195
2474 2544
2775 2775
2906 3116
3232 3332
3606 3701
3967 3977
4225 4254
4374 4548
4746 4799
4861 4968
5387 5393
5644 5694
5853 5971
6147 6228
6478 6512
6805 6807
7019 7109
7236 7371
7648 7692
7967 7974
8190 8229
8449 8514
8608 8675
8926 8999
9263 9398
9649 9665
9873 9905
178 228
396 517
748 826
1114 1137
1297 1377
1503 1596
1932 1985
2221 2248
2427 2516
2628 2837
2941 3030
3259 3322
3673 3701
3743 3910
4006 4024
4350 4384
4837 4841
5095 5096
5320 5408
5448 5590
5799 5962
6176 6221
6510 6530
6762 6812
6914 7100
7352 7381
7472 7578
7920 7931
8180 8228
8455 8528
8763 8798
8990 9088
9221 9393
9409 9513
9715 9806
273 276
317 446
592 712
947 1042
1163 1186
1447 1461
1856 1911
2141 2261
2295 2374
2587 2764
2913 3100
3280 3318
3494 3627
3830 3934
4098 4272
4522 4542
4620 4676
5015 5096
5375 5403
5548 5606
5902 5970
6267 6268
6523 6539
6603 6690
7108 7121
7358 7379
7535 7612
7704 7786
8191 8264
8302 8374
8789 8829
8957 8983
9308 9386
9430 9659
9802 9852
23 24
448 549
575 623
1044 1117
1237 1406
1602 1676
1923 1991
2043 2060
2505 2523
2729 2818
3092 3109
3332 3374
3554 3672
3758 3927
4244 4270
4406 4490
4706 4713
4919 5006
5159 5379
5555 5572
5911 5982
6043 6102
6345 6499
6782 6804
7045 7061
7224 7242
7545 7589
7796 7916
8106 8152
8461 8488
8654 8678
9052 9052
9230 9305
9535 9597
9827 9913
41 217
321 327
667 821
1079 1093
1223 1301
1687 1703
1982 1992
2032 2207
2322 2386
2602 2753
2933 3034
3250 3382
3690 3691
3751 3814
4246 4274
4523 4538
4664 4678
4979 5076
5300 5392
5569 5615
5954 5960
6150 6204
6363 6418
6646 6735
6849 7108
7351 7369
7443 7526
7812 7862
8240 8256
8477 8524
8722 8812
8988 9089
9403 9403
9439 9517
9927 9940
99 184
460 560
593 612
866 1031
1175 1290
1447 1565
1805 1856
2022 2115
2421 2506
2698 2708
2864 2907
3378 3410
3508 3511
3778 3796
4168 4227
4299 4301
4810 4841
5065 5094
5356 5398
5672 5678
5793 5841
6058 6216
6360 6472
6612 6652
6850 6891
7126 7291
7690 7690
7893 7893
8089 8230
8303 8548
8559 8587
9079 9090
9325 9371
9418 9656
9936 9947
269 277
360 419
741 814
982 1051
1331 1420
1484 1552
1905 1962
2226 2231
2317 2400
2628 2789
3053 3118
3316 3405
3698 3701
3910 3921
4026 4146
4418 4544
4727 4812
5097 5111
5209 5358
5687 5690
5806 5871
6033 6101
6379 6416
6719 6801
6940 6949
7249 7304
7442 7514
7814 7860
8200 8238
8433 8465
8725 8827
9029 9048
9226 9233
9451 9684
9951 9967
