7338
121 123
314 398
525 585
733 861
1078 1079
1135 1224
1415 1448
1557 1632
1752 1771
1954 2096
2248 2265
2417 2441
2613 2763
2920 2954
3061 3090
3347 3418
3482 3539
3903 3903
4044 4085
4281 4294
4441 4484
4771 4772
4907 4957
5003 5064
5299 5348
5530 5564
5827 5832
5863 5977
6234 6239
6397 6432
6607 6719
6809 6837
7010 7150
7366 7373
7460 7480
7791 7797
7895 8020
8222 8234
8423 8452
8512 8662
8884 8891
9035 9082
9170 9209
9364 9493
9627 9757
9902 9973
13 138
377 428
509 649
738 805
887 907
1250 1283
1487 1509
1579 1638
1865 1909
1999 2125
2385 2386
2491 2592
2738 2786
2854 2896
3070 3252
3351 3378
3517 3642
3820 3843
4008 4084
4272 4298
4370 4373
4586 4692
4890 4933
5199 5204
5413 5418
5467 5608
5722 5782
6069 6069
6134 6187
6316 6434
6537 6579
6929 6934
7159 7159
7212 7349
7480 7523
7627 7792
8010 8014
8043 8098
8253 8301
8467 8538
8750 8855
9038 9078
9259 9303
9402 9539
9579 9603
9979 9981
9 178
404 426
563 611
806 834
990 1009
1094 1276
1368 1480
1607 1626
1948 1952
2050 2122
2223 2276
2474 2555
2716 2733
2994 3027
3163 3187
3461 3467
3583 3681
3742 3744
4003 4074
4163 4229
4441 4498
4725 4752
4915 4920
5109 5198
5224 5304
5601 5618
5793 5847
6008 6040
6122 6172
6363 6410
6616 6650
6917 6929
7055 7066
7311 7331
7387 7390
7598 7804
7984 7993
8085 8234
8416 8431
8590 8591
8835 8853
8991 9036
9257 9273
9370 9501
9721 9745
9849 9931
45 125
226 390
476 622
755 855
968 1032
1244 1301
1348 1435
1685 1693
1843 1859
1963 2114
2227 2371
2579 2584
2797 2816
2916 2950
3196 3237
3344 3427
3605 3679
3868 3880
4043 4091
4181 4261
4500 4539
4758 4771
4849 4979
5158 5168
5318 5406
5543 5621
5771 5824
5893 6002
6176 6277
6334 6427
6624 6659
6778 6903
7138 7145
7338 7366
7575 7586
7641 7809
7921 7967
8130 8211
8358 8401
8619 8662
8816 8821
8995 9042
9324 9329
9409 9451
9757 9758
9881 9949
203 216
283 406
599 641
764 767
911 946
1285 1288
1372 1504
1568 1613
1760 1784
2010 2165
2263 2279
2433 2531
2784 2811
3006 3013
3207 3247
3469 3469
3585 3624
3820 3892
3986 4047
4280 4303
4483 4522
4740 4745
4975 4980
5002 5185
5304 5401
5445 5529
5708 5840
6008 6032
6112 6282
6462 6491
6512 6521
6747 6902
6982 7145
7222 7270
7410 7461
7718 7781
7982 8016
8067 8154
8281 8305
8607 8659
8780 8813
8925 9056
9196 9282
9530 9547
9591 9619
9965 9966
170 176
372 418
582 635
679 771
1062 1068
1249 1251
1413 1425
1680 1683
1788 1923
2061 2128
2372 2376
2521 2588
2672 2785
2879 2936
3195 3238
3353 3436
3654 3688
3780 3824
3996 4025
4176 4224
4349 4448
4671 4682
4816 4867
5198 5207
5416 5417
5629 5637
5698 5787
6010 6065
6241 6264
6330 6367
6564 6655
6921 6934
7151 7157
7286 7338
7567 7571
7636 7760
8017 8017
8122 8223
8435 8436
8670 8672
8695 8748
9101 9101
9221 9238
9338 9517
9730 9761
9821 9905
60 182
274 279
649 650
822 828
1016 1063
1097 1280
1316 1325
1674 1727
1912 1935
2132 2152
2204 2212
2557 2597
2685 2789
2954 3023
3051 3148
3410 3465
3639 3664
3880 3887
3980 4089
4237 4323
4354 4500
4620 4706
4953 4966
5016 5194
5236 5413
5436 5484
5809 5856
6026 6070
6129 6242
6314 6358
6605 6651
6793 6884
7144 7154
7280 7281
7507 7520
7640 7701
7998 8028
8206 8218
8451 8461
8580 8635
8761 8803
9101 9113
9189 9242
9471 9517
9608 9735
9904 9939
82 186
380 388
469 548
782 852
1055 1060
1236 1257
1513 1514
1693 1695
1836 1839
1961 2159
2232 2376
2551 2575
2690 2818
2902 2994
3086 3156
3458 3458
3560 3626
3718 3821
4006 4041
4200 4302
4479 4479
4593 4754
4980 4986
5164 5182
5214 5230
5569 5579
5782 5806
6017 6075
6236 6244
6305 6487
6581 6646
6872 6893
7025 7059
7191 7359
7538 7550
7711 7776
7898 8011
8093 8211
8323 8337
8466 8503
8722 8810
8989 9024
9199 9286
9526 9530
9655 9678
9898 9910
215 215
379 394
648 650
693 866
929 1013
1144 1289
1373 1386
1561 1728
1858 1935
2013 2047
2326 2365
2496 2502
2799 2814
2850 3036
3071 3171
3323 3442
3519 3608
3900 3901
4063 4091
4217 4322
4369 4492
4768 4770
4965 4984
5162 5207
5242 5389
5564 5567
5704 5731
5860 6052
6080 6219
6470 6487
6633 6636
6813 6900
7069 7117
7214 7239
7553 7564
7747 7809
7919 7947
8073 8167
8444 8461
8610 8610
8874 8878
9091 9108
9185 9237
9486 9500
9700 9757
9776 9784
187 214
283 413
504 649
841 855
980 1044
1183 1220
1387 1440
1588 1659
1875 1941
2092 2126
2339 2340
2530 2580
2662 2680
2987 3006
3043 3118
3407 3462
3484 3549
3703 3729
4076 4102
4302 4336
4492 4522
4611 4651
4776 4807
5155 5205
5356 5403
5448 5543
5775 5776
5883 6037
6181 6226
6461 6482
6521 6636
6934 6938
7013 7143
7201 7337
7403 7588
7604 7776
7970 7977
8102 8233
8356 8392
8598 8671
8737 8778
9006 9109
9117 9187
9352 9370
9665 9751
9874 9880
184 185
374 391
594 609
790 824
997 1056
1131 1234
1331 1463
1643 1727
1749 1821
2129 2163
2257 2258
2415 2539
2736 2741
3001 3016
3210 3246
3327 3354
3637 3663
3891 3904
4000 4068
4145 4265
4468 4476
4755 4772
4790 4791
5043 5173
5380 5397
5448 5616
5857 5858
5926 5975
6124 6281
6505 6505
6714 6725
6921 6921
7119 7154
7283 7353
7488 7525
7783 7804
7929 8014
8061 8106
8436 8454
8641 8660
8690 8739
8954 8967
9295 9325
9364 9392
9627 9720
9805 9840
85 140
416 427
561 627
859 861
1075 1080
1292 1294
1518 1518
1628 1682
1856 1909
2035 2053
2250 2339
2507 2549
2635 2761
2965 3036
3154 3197
3339 3423
3580 3664
3695 3900
3999 4017
4142 4219
4385 4474
4659 4685
4926 4958
5072 5113
5287 5418
5593 5631
5688 5817
6042 6054
6093 6106
6381 6401
6651 6667
6896 6938
7092 7107
7243 7292
7532 7548
7715 7751
7871 8007
8201 8203
8420 8446
8492 8608
8808 8835
8979 9026
9138 9219
9518 9531
9745 9757
9913 9971
97 137
287 420
478 647
669 714
966 1035
1206 1226
1462 1516
1653 1653
1822 1949
2003 2151
2286 2310
2388 2579
2677 2755
2959 2959
3085 3233
3352 3411
3642 3664
3798 3853
4040 4067
4258 4281
4526 4527
4705 4733
4957 4969
5204 5207
5333 5340
5467 5565
5852 5852
5940 5993
6240 6291
6482 6508
6686 6721
6924 6927
6972 6976
7370 7375
7463 7549
7809 7811
7996 7996
8198 8222
8328 8363
8671 8678
8863 8883
8948 8955
9281 9302
9378 9391
9693 9729
9969 9969
173 198
340 379
631 641
688 754
1054 1071
1141 1223
1403 1465
1607 1623
1842 1910
2133 2145
2233 2356
2593 2601
2724 2751
2882 2958
3142 3238
3425 3455
3535 3650
3857 3873
4081 4086
4262 4304
4455 4520
4672 4685
4835 4921
5127 5187
5392 5416
5597 5619
5743 5743
5885 6062
6091 6253
6395 6422
6524 6681
6850 6903
7066 7106
7263 7359
7419 7586
7686 7782
7919 7937
8131 8145
8372 8453
8600 8656
8790 8790
9111 9113
9313 9319
9365 9386
9662 9735
9944 9951
47 188
348 421
457 537
678 714
1057 1061
1165 1260
1518 1518
1589 1735
1928 1933
2113 2127
2176 2200
2580 2586
2776 2781
3023 3031
3212 3216
3466 3466
3503 3544
3862 3886
4116 4121
4266 4273
4420 4443
4627 4710
4829 4895
5178 5192
5364 5384
5450 5528
5817 5849
5861 5921
6288 6289
6396 6451
6632 6665
6811 6869
6993 7120
7319 7371
7523 7527
7707 7763
7839 8016
8106 8162
8321 8369
8622 8622
8826 8891
8930 8952
9133 9196
9388 9439
9715 9735
9813 9964
131 211
249 358
499 594
835 847
1063 1078
1167 1256
1397 1479
1643 1729
1754 1888
2055 2090
2213 2332
2394 2567
2645 2705
2917 2918
3189 3232
3423 3429
3653 3668
3734 3734
4028 4094
4250 4263
4412 4527
4723 4764
4814 4942
5176 5193
5391 5400
5509 5612
5839 5853
5906 5922
6200 6279
6345 6349
6652 6702
6926 6936
7052 7152
7204 7354
7498 7524
7762 7790
7873 7912
8236 8236
8289 8375
8660 8668
8816 8827
8927 8944
9182 9264
9485 9514
9676 9677
9908 9923
61 177
333 390
573 621
687 848
948 953
1093 1098
1410 1431
1640 1730
1806 1892
2116 2146
2225 2301
2436 2573
2659 2730
2956 2972
3246 3254
3396 3424
3474 3627
3783 3873
3939 3978
4329 4333
4530 4538
4726 4765
4934 4953
5031 5054
5413 5414
5562 5636
5789 5831
5910 5967
6197 6261
6375 6387
6710 6719
6793 6883
6988 7073
7287 7308
7584 7593
7761 7795
7989 7992
8080 8188
8341 8442
8612 8642
8846 8868
9031 9058
9202 9283
9514 9524
9713 9748
9845 9859
3 122
313 396
471 629
679 795
1047 1063
1092 1233
1408 1428
1606 1687
1952 1952
2049 2060
2179 2224
2512 2521
2663 2721
3001 3021
3094 3203
3443 3448
3558 3616
3832 3905
4052 4072
4245 4283
4388 4491
4737 4767
4892 4895
5145 5172
5368 5420
5566 5626
5820 5846
5969 6055
6158 6292
6457 6493
6561 6664
6795 6855
7105 7144
7357 7362
7393 7411
7712 7797
7839 7871
8156 8200
8374 8391
8556 8558
8830 8877
9029 9039
9204 9287
9518 9532
9644 9681
9854 9952
39 107
423 425
558 594
782 818
916 951
1253 1261
1332 1513
1683 1689
1905 1915
1972 2092
2300 2359
2477 2573
2625 2774
2840 3032
3178 3223
3345 3411
3659 3662
3784 3797
4011 4078
4152 4170
4408 4498
4686 4704
4979 4983
4992 5143
5225 5318
5435 5549
5737 5849
5891 5908
6289 6291
6388 6507
6670 6711
6767 6861
7033 7141
7323 7338
7531 7544
7615 7764
7863 7957
8038 8183
8418 8455
8647 8676
8737 8850
9038 9056
9295 9325
9458 9468
9554 9649
9935 9935
122 144
315 370
566 570
816 840
986 1054
1112 1123
1473 1508
1607 1667
1947 1947
2041 2137
2273 2344
2483 2591
2763 2802
3000 3003
3224 3229
3382 3441
3646 3672
3902 3904
3918 4032
4295 4334
4554 4554
4672 4711
4946 4972
5158 5179
5369 5395
5430 5499
5706 5826
5959 6016
6208 6288
6325 6452
6523 6633
6811 6829
7115 7157
7357 7361
7417 7469
7708 7793
7895 8008
8049 8166
8370 8373
8593 8651
8781 8832
9110 9112
9268 9303
9390 9452
9569 9762
9821 9908
198 210
233 415
487 551
845 850
1031 1073
1150 1293
1371 1439
1638 1665
1899 1948
2105 2136
2243 2361
2582 2586
2719 2819
2825 2941
3220 3223
3272 3425
3586 3612
3707 3843
3918 4024
4256 4315
4360 4493
4692 4704
4840 4879
5058 5192
5319 5341
5534 5597
5751 5838
5964 6042
6262 6292
6453 6481
6593 6681
6930 6941
6982 7034
7281 7369
7385 7573
7783 7787
7877 8016
8225 8232
8347 8383
8654 8658
8795 8881
9082 9089
9302 9302
9469 9523
9639 9741
9882 9937
40 125
222 341
599 607
806 817
951 1030
1222 1286
1473 1498
1598 1720
1766 1923
2108 2164
2200 2256
2518 2535
2652 2804
2940 2954
3097 3108
3289 3453
3571 3597
3813 3883
3977 4085
4292 4325
4349 4487
4725 4772
4798 4917
5070 5117
5407 5418
5523 5551
5768 5816
6071 6072
6235 6270
6384 6396
6650 6726
6742 6942
7131 7157
7351 7360
7453 7573
7615 7689
7868 7868
8124 8149
8290 8448
8635 8643
8713 8804
9009 9059
9317 9330
9390 9470
9750 9760
9852 9876
14 88
268 391
602 618
788 788
912 932
1230 1285
1405 1414
1638 1655
1900 1903
2063 2116
2238 2317
2535 2554
2670 2817
3006 3018
3094 3243
3471 3471
3560 3568
3827 3885
4064 4077
4335 4336
4345 4455
4750 4753
4813 4963
5143 5162
5423 5424
5478 5602
5832 5837
5995 5999
6105 6281
6357 6509
6716 6721
6911 6938
7156 7156
7290 7291
7518 7555
7780 7797
7860 7979
8111 8223
8388 8412
8631 8631
8682 8687
8967 9100
9149 9230
9535 9542
9758 9762
9979 9980
160 167
366 378
495 513
689 754
976 1071
1267 1296
1465 1512
1734 1735
1856 1952
2162 2164
2306 2309
2574 2576
2740 2754
3002 3019
3118 3122
3461 3469
3628 3638
3693 3797
4028 4053
4299 4307
4546 4550
4635 4636
4887 4944
5119 5197
5248 5369
5529 5560
5761 5819
6021 6056
6209 6280
6430 6492
6713 6717
6864 6904
6992 7097
7215 7224
7401 7529
7609 7749
7874 7952
8172 8206
8248 8413
8582 8609
8842 8887
9052 9067
9278 9300
9536 9540
9600 9667
9899 9920
12 187
335 341
608 650
786 858
991 1031
1249 1295
1431 1437
1569 1676
1849 1905
2048 2137
2189 2343
2554 2563
2666 2693
2867 2938
3070 3097
3441 3442
3677 3684
3904 3904
3993 4120
4203 4268
4428 4468
4711 4772
4917 4948
5154 5174
5402 5408
5464 5558
5786 5856
5885 5893
6177 6256
6377 6490
6548 6708
6841 6918
7051 7148
7250 7293
7441 7510
7726 7791
7828 7881
8142 8196
8290 8437
8576 8576
8731 8733
9080 9086
9209 9320
9396 9419
9621 9648
9825 9907
84 146
366 392
633 636
825 836
1077 1082
1294 1294
1343 1368
1629 1733
1873 1902
2121 2165
2377 2384
2578 2594
2735 2809
2909 2994
3209 3233
3357 3380
3494 3595
3746 3888
4040 4106
4278 4289
4352 4493
4741 4742
4847 4977
5035 5191
5234 5390
5503 5584
5841 5844
6035 6066
6281 6291
6341 6504
6554 6579
6906 6908
7097 7097
7191 7212
7489 7547
7785 7791
7998 8025
8204 8215
8299 8335
8588 8589
8701 8802
9013 9037
9158 9279
9370 9454
9671 9722
9962 9969
153 215
357 395
594 648
817 857
938 963
1128 1176
1449 1469
1634 1711
1943 1949
1968 2085
2186 2269
2504 2572
2777 2811
3036 3037
3202 3237
3318 3462
3552 3654
3897 3897
3927 4029
4129 4259
4481 4550
4768 4771
4900 4988
5000 5072
5311 5406
5514 5525
5674 5818
6010 6034
6141 6216
6483 6498
6616 6687
6861 6932
6948 7097
7237 7239
7444 7534
7601 7611
7881 8002
8145 8147
8402 8435
8631 8651
8851 8851
8994 9044
9175 9183
9387 9450
9661 9743
9833 9947
124 190
242 243
530 618
793 862
976 1045
1191 1251
1367 1386
1563 1594
1843 1914
2168 2169
2332 2382
2591 2596
2731 2795
2954 3004
3079 3131
3274 3400
3638 3668
3703 3745
4030 4053
4154 4175
4432 4549
4635 4736
4929 4929
5045 5148
5260 5355
5530 5579
5827 5856
5876 6015
6286 6291
6508 6508
6585 6607
6905 6911
6982 7114
7291 7365
7384 7589
7713 7720
7947 7967
8070 8094
8419 8456
8548 8599
8863 8896
9035 9101
9285 9302
9484 9485
9684 9746
9892 9899
88 190
367 402
540 567
794 860
1071 1083
1168 1217
1518 1518
1570 1609
1810 1884
2041 2052
2228 2319
2550 2582
2732 2806
2942 3003
3238 3250
3290 3442
3680 3685
3848 3894
3991 4093
4240 4258
4432 4470
4571 4674
4850 4972
5081 5102
5243 5248
5554 5623
5655 5765
5919 5993
6250 6272
6294 6318
6657 6687
6907 6941
7051 7117
7276 7319
7540 7540
7783 7795
7947 7983
8153 8216
8421 8437
8467 8474
8714 8789
9037 9100
9139 9150
9372 9484
9568 9569
9777 9826
200 214
234 244
445 595
809 844
1023 1050
1297 1298
1356 1392
1520 1621
1802 1870
2042 2059
2298 2308
2481 2588
2682 2809
2995 3006
3117 3230
3396 3399
3602 3618
3721 3828
4057 4073
4260 4290
4347 4382
4577 4631
4978 4979
4998 5202
5423 5424
5461 5597
5757 5852
5933 5952
6248 6278
6463 6489
6648 6665
6917 6924
7106 7133
7258 7279
7419 7531
7616 7739
7947 7964
8201 8244
8343 8408
8531 8593
8770 8873
8905 9076
9144 9280
9379 9513
9606 9650
9913 9939
188 213
325 421
626 645
682 686
1020 1062
1277 1285
1440 1477
1706 1730
1813 1867
1990 1993
2280 2342
2389 2478
2792 2814
2927 2978
3152 3193
3366 3418
3487 3563
3813 3848
4107 4118
4278 4290
4477 4540
4637 4718
4791 4864
5182 5206
5420 5424
5633 5641
5728 5741
5906 5929
6236 6244
6408 6493
6564 6623
6808 6886
7119 7144
7321 7369
7550 7566
7646 7669
7963 8016
8119 8142
8353 8435
8662 8671
8704 8713
8988 9043
9223 9247
9342 9468
9608 9746
9769 9972
58 184
323 416
462 486
810 838
872 1027
1177 1208
1306 1370
1727 1735
1785 1864
2068 2086
2345 2379
2595 2600
2657 2777
2972 3013
3103 3178
3277 3346
3576 3589
3787 3844
3916 4118
4297 4302
4508 4522
4709 4730
4776 4790
5019 5202
5277 5329
5617 5630
5835 5858
5959 6064
6077 6209
6360 6381
6618 6693
6759 6791
7067 7086
7232 7306
7477 7480
7621 7805
7865 7897
8233 8242
8419 8431
8651 8670
8768 8810
9069 9105
9303 9307
9462 9542
9556 9750
9862 9899
74 149
228 350
455 608
862 867
1048 1048
1192 1296
1399 1423
1568 1733
1925 1928
2000 2124
2283 2295
2544 2584
2728 2734
2969 3037
3238 3239
3389 3411
3494 3597
3780 3832
4023 4055
4303 4327
4481 4511
4705 4728
4920 4939
5149 5186
5417 5419
5614 5633
5702 5792
5940 6017
6259 6283
6302 6480
6552 6649
6779 6859
7150 7151
7377 7377
7498 7547
7689 7757
7923 7998
8162 8177
8307 8435
8600 8611
8833 8833
9062 9080
9276 9280
9338 9409
9557 9625
9808 9975
63 126
230 374
631 643
736 810
940 1078
1229 1285
1453 1457
1529 1578
1782 1863
2026 2045
2309 2380
2407 2411
2703 2758
2943 2953
3187 3232
3344 3441
3583 3614
3819 3899
3991 4075
4247 4255
4480 4496
4570 4763
4963 4964
5084 5111
5256 5410
5587 5612
5645 5685
6075 6075
6231 6276
6451 6490
6557 6687
6821 6835
7110 7146
7184 7349
7426 7590
7685 7789
7879 7964
8200 8222
8339 8430
8629 8639
8770 8790
8944 9013
9194 9218
9466 9533
9568 9759
9953 9969
130 137
255 257
452 569
848 852
1012 1053
1299 1299
1303 1506
1554 1585
1950 1952
2092 2153
2205 2319
2602 2603
2657 2679
2923 2955
3086 3127
3323 3378
3565 3620
3792 3849
4053 4111
4271 4276
4496 4544
4597 4603
4914 4934
5088 5092
5313 5375
5560 5573
5731 5844
5885 5987
6264 6273
6371 6375
6665 6679
6751 6755
6951 7008
7308 7367
7463 7545
7799 7804
7862 8023
8199 8230
8344 8399
8543 8660
8876 8878
9021 9067
9218 9243
9546 9546
9683 9725
9930 9971
32 113
248 385
482 650
753 764
1065 1065
1234 1297
1468 1472
1683 1715
1747 1789
2166 2169
2210 2288
2391 2391
2785 2819
3002 3026
3055 3187
3373 3452
3626 3646
3797 3905
4072 4088
4254 4330
4537 4555
4658 4707
4832 4973
5130 5155
5219 5370
5544 5568
5678 5831
5911 5988
6290 6291
6352 6490
6528 6693
6922 6929
6988 7009
7206 7345
7514 7551
7668 7722
7866 7869
8238 8239
8290 8347
8678 8679
8717 8858
8968 9108
9280 9313
9540 9546
9712 9763
9966 9981
143 158
410 433
548 568
729 786
941 1061
1215 1239
1430 1504
1539 1544
1761 1807
1972 1992
2181 2332
2491 2493
2635 2818
2932 3008
3150 3251
3380 3396
3479 3583
3889 3893
4033 4049
4137 4181
4405 4412
4614 4742
4927 4934
5018 5135
5258 5298
5467 5497
5813 5825
6003 6036
6113 6284
6480 6497
6572 6713
6741 6904
6977 7144
7182 7288
7588 7593
7614 7747
7843 7946
8042 8223
8415 8443
8524 8554
8702 8710
9006 9030
9280 9281
9489 9503
9635 9666
9767 9876
11 132
334 356
465 474
753 777
932 1003
1222 1252
1510 1512
1536 1565
1944 1945
2028 2046
2245 2283
2530 2564
2696 2786
2830 3021
3136 3165
3371 3453
3570 3626
3740 3852
3918 4053
4237 4336
4368 4458
4602 4705
4842 4904
5110 5152
5346 5359
5505 5559
5671 5801
6029 6037
6287 6289
6383 6402
6619 6692
6863 6888
6968 7153
7213 7264
7454 7475
7610 7612
7932 7976
8240 8240
8446 8452
8503 8647
8817 8895
9035 9071
9296 9319
9472 9517
9596 9756
9902 9938
69 149
298 390
489 579
834 847
994 995
1086 1133
1485 1493
1520 1565
1929 1940
2090 2144
2325 2364
2488 2505
2654 2674
2838 2867
3106 3165
3417 3465
3531 3536
3727 3736
4078 4103
4306 4328
4353 4499
4654 4702
4886 4913
5184 5204
5246 5281
5638 5638
5778 5827
6041 6043
6185 6243
6304 6433
6650 6679
6873 6943
7143 7160
7227 7245
7461 7499
7742 7742
7926 8028
8245 8245
8387 8461
8677 8677
8709 8847
8947 9078
9178 9303
9521 9542
9614 9620
9887 9935
16 63
280 335
502 528
830 844
871 1083
1212 1277
1513 1515
1716 1728
1811 1856
2078 2131
2291 2358
2596 2601
2786 2807
2896 2900
3130 3204
3352 3367
3644 3650
3795 3876
3969 3972
4138 4309
4405 4478
4722 4765
4938 4980
5045 5056
5396 5405
5627 5635
5837 5844
5870 6012
6255 6274
6366 6400
6716 6716
6865 6901
7009 7073
7263 7266
7408 7522
7711 7769
7848 7883
8236 8245
8365 8401
8641 8671
8763 8838
8906 8975
9248 9321
9481 9504
9752 9755
9962 9977
115 139
431 431
617 631
658 774
1049 1062
1244 1251
1431 1468
1641 1724
1912 1949
1978 1987
2324 2364
2443 2566
2611 2806
2902 2989
3125 3172
3435 3441
3583 3591
3773 3808
4060 4121
4291 4294
4504 4525
4566 4658
4908 4929
5103 5203
5291 5412
5471 5589
5716 5719
6051 6075
6278 6281
6438 6460
6580 6603
6885 6893
7079 7101
7319 7333
7534 7583
7603 7641
8015 8019
8090 8192
8277 8353
8621 8674
8753 8762
8959 9015
9165 9263
9362 9519
9605 9625
9923 9970
190 199
304 402
589 612
696 748
1013 1019
1268 1284
1510 1511
1596 1613
1808 1921
2010 2060
2361 2376
2561 2589
2710 2719
2928 3008
3046 3061
3404 3463
3582 3680
3694 3756
4102 4122
4282 4284
4456 4551
4741 4743
4898 4968
5057 5080
5218 5251
5589 5620
5788 5792
5905 5918
6281 6287
6423 6483
6669 6701
6842 6842
7099 7103
7238 7267
7468 7569
7779 7810
7880 7970
8072 8087
8381 8450
8497 8547
8824 8828
8969 9062
9213 9323
9541 9544
9736 9742
9792 9800
64 149
383 416
634 643
673 678
983 1083
1286 1287
1503 1513
1539 1587
1940 1942
2088 2160
2289 2344
2402 2424
2747 2805
3000 3007
3226 3250
3439 3457
3508 3572
3830 3843
4071 4117
4183 4307
4534 4544
4724 4754
4848 4976
5006 5061
5270 5301
5457 5617
5683 5778
5895 5932
6238 6239
6453 6496
6647 6707
6798 6817
6996 7152
7320 7368
7577 7592
7764 7800
7986 7997
8052 8180
8433 8443
8639 8664
8698 8705
8924 9056
9115 9317
9540 9546
9693 9701
9859 9903
174 189
331 348
580 602
865 865
1069 1084
1184 1233
1510 1515
1571 1663
1935 1940
2055 2071
2306 2346
2393 2439
2781 2813
2854 2942
3226 3251
3335 3418
3628 3666
3886 3904
3919 4051
4261 4288
4427 4520
4560 4662
4845 4861
5175 5194
5261 5295
5511 5602
5804 5832
5966 6037
6250 6265
6493 6501
6651 6658
6833 6913
7131 7134
7188 7343
7581 7589
7782 7786
7846 7859
8054 8142
8414 8455
8562 8672
8846 8864
9040 9051
9327 9330
9510 9546
9720 9743
9949 9977
145 210
275 370
454 642
737 801
1005 1055
1127 1283
1514 1517
1532 1690
1785 1850
2064 2086
2221 2292
2523 2573
2818 2818
2907 2944
3153 3187
3299 3362
3650 3667
3883 3886
3988 4016
4148 4304
4470 4504
4773 4773
4834 4989
5183 5193
5300 5336
5617 5631
5841 5847
6026 6038
6135 6272
6428 6487
6671 6673
6878 6943
7035 7100
7287 7296
7392 7441
7761 7765
7886 7900
8108 8169
8439 8455
8654 8669
8849 8896
8992 9001
9269 9302
9529 9532
9704 9753
9770 9854
129 184
325 335
635 635
793 840
1013 1023
1112 1162
1409 1512
1618 1650
1777 1795
2042 2134
2263 2319
2444 2560
2741 2783
2953 2959
3168 3245
3442 3448
3675 3676
3700 3732
3940 3994
4231 4318
4502 4524
4577 4693
4954 4963
5077 5103
5400 5417
5510 5594
5820 5849
6056 6060
6266 6290
6341 6423
6594 6666
6891 6891
7124 7131
7290 7375
7522 7562
7758 7760
7847 7874
8150 8231
8333 8384
8667 8672
8733 8764
8914 8940
9153 9206
9423 9441
9726 9763
9785 9916
121 186
379 384
547 561
748 756
951 1066
1186 1272
1315 1326
1559 1560
1831 1949
2009 2109
2274 2374
2521 2560
2741 2802
2829 2904
3221 3224
3327 3351
3565 3588
3729 3832
3914 4053
4295 4304
4524 4539
4561 4760
4917 4958
5076 5111
5339 5347
5482 5492
5713 5788
5888 5984
6251 6290
6366 6379
6540 6694
6796 6805
6983 7144
7271 7274
7504 7520
7675 7785
7962 7966
8227 8236
8386 8406
8495 8661
8708 8862
8933 8949
9291 9317
9345 9450
9623 9707
9956 9977
164 192
344 428
544 596
798 843
1083 1083
1125 1196
1405 1435
1648 1654
1766 1910
1977 2141
2338 2377
2408 2588
2746 2753
2869 2876
3134 3183
3431 3461
3642 3648
3872 3879
3991 4065
4165 4174
4445 4492
4577 4656
4901 4962
5138 5175
5350 5417
5578 5593
5706 5787
5869 6022
6086 6234
6408 6506
6718 6718
6835 6904
6962 7150
7327 7333
7541 7575
7798 7799
7943 8006
8101 8187
8423 8461
8557 8632
8861 8867
8959 8966
9188 9218
9505 9522
9569 9594
9813 9934
133 183
248 285
619 641
663 781
875 1080
1213 1222
1395 1486
1522 1666
1827 1899
2043 2140
2301 2384
2412 2589
2706 2812
2994 3003
3109 3188
3406 3450
3582 3663
3853 3857
4021 4042
4198 4278
4377 4445
4733 4749
4870 4927
5133 5137
5304 5402
5598 5623
5651 5774
5878 5935
6216 6225
6454 6496
6639 6672
6837 6906
7138 7139
7303 7313
7495 7518
7603 7801
7835 7966
8199 8235
8308 8404
8568 8667
8722 8816
8965 9087
9205 9328
9483 9532
9636 9721
9946 9958
193 194
297 410
586 633
781 808
968 1082
1240 1259
1456 1481
1655 1712
1914 1914
1990 2036
2374 2382
2420 2465
2607 2786
3021 3023
3211 3235
3304 3376
3653 3685
3691 3834
4094 4120
4313 4333
4484 4520
4678 4701
4786 4858
5003 5123
5377 5393
5555 5573
5654 5778
6049 6070
6229 6231
6357 6440
6702 6707
6797 6803
7086 7087
7258 7308
7490 7549
7613 7644
7870 7927
8072 8148
8358 8438
8594 8617
8881 8895
8980 9082
9304 9304
9463 9515
9731 9745
9961 9979
36 85
422 429
609 630
762 860
1079 1080
1255 1283
1451 1513
1722 1733
1821 1827
2001 2001
2301 2330
2569 2578
2667 2726
2847 3009
3087 3202
3258 3462
3572 3591
3836 3886
4069 4078
4247 4282
4402 4555
4728 4757
4986 4987
5145 5198
5302 5422
5464 5579
5720 5789
5909 6068
6104 6176
6306 6393
6530 6683
6769 6928
7037 7093
7219 7288
7540 7592
7693 7693
7849 7931
8186 8219
8371 8428
8524 8578
8705 8718
9087 9107
9254 9294
9417 9430
9606 9667
9884 9930
130 136
316 331
635 637
766 834
921 1021
1200 1205
1503 1512
1570 1690
1914 1951
2123 2166
2251 2260
2512 2534
2787 2794
2911 2962
3069 3136
3296 3455
3482 3595
3778 3843
4072 4093
4229 4266
4409 4419
4657 4750
4942 4981
5185 5186
5409 5409
5515 5540
5821 5854
5961 5961
6159 6203
6475 6504
6529 6596
6926 6939
7119 7134
7185 7200
7400 7405
7612 7685
7909 7971
8035 8189
8247 8285
8626 8631
8688 8712
8915 8978
9252 9315
9465 9482
9607 9685
9942 9964
4 92
315 337
558 594
676 830
958 1050
1111 1216
1414 1430
1564 1617
1948 1952
2047 2107
2242 2319
2548 2570
2662 2797
2964 2989
3057 3093
3363 3412
3533 3536
3818 3858
4046 4121
4254 4280
4428 4464
4767 4771
4786 4790
5161 5193
5381 5406
5444 5450
5783 5809
5944 6072
6193 6242
6426 6427
6536 6707
6743 6940
7006 7136
7336 7371
7415 7450
7699 7808
8007 8008
8181 8198
8317 8407
8507 8547
8784 8859
9048 9061
9261 9265
9411 9536
9732 9752
9877 9881
18 24
411 424
641 648
855 866
926 1048
1261 1275
1352 1396
1618 1664
1775 1894
1985 2042
2305 2336
2474 2575
2639 2726
2899 2983
3070 3243
3459 3464
3483 3601
3796 3905
3990 4020
4282 4330
4516 4529
4578 4759
4942 4989
5054 5055
5278 5332
5520 5589
5784 5846
5934 5970
6150 6255
6389 6459
6581 6616
6810 6862
7070 7088
7225 7250
7536 7565
7644 7730
7960 7981
8150 8154
8369 8420
8615 8630
8802 8893
9053 9105
9271 9306
9479 9491
9692 9708
9877 9886
27 132
257 276
458 580
823 849
878 983
1128 1295
1441 1483
1525 1683
1940 1952
1967 2049
2351 2364
2511 2553
2644 2779
2991 3022
3198 3214
3348 3351
3680 3681
3735 3834
3929 4105
4251 4267
4393 4482
4578 4608
4898 4986
5133 5155
5316 5365
5578 5628
5781 5798
5869 5987
6214 6252
6362 6434
6680 6705
6941 6942
7100 7121
7370 7373
7446 7533
7652 7763
7896 7924
8148 8224
8333 8382
8556 8570
8797 8806
8994 9019
9249 9322
9461 9507
9763 9763
9951 9976
39 63
246 251
611 636
784 845
1078 1079
1143 1154
1378 1421
1543 1623
1787 1877
2075 2091
2346 2362
2571 2572
2621 2710
3012 3030
3078 3163
3445 3467
3587 3675
3746 3807
4055 4069
4195 4271
4348 4402
4596 4637
4924 4937
5076 5167
5286 5318
5598 5614
5839 5845
6018 6050
6183 6229
6313 6439
6569 6570
6820 6936
7069 7074
7340 7362
7464 7576
7737 7794
7889 7994
8242 8244
8458 8462
8609 8641
8789 8895
8979 9029
9292 9326
9416 9468
9579 9588
9774 9917
86 137
244 254
435 436
819 828
1054 1083
1093 1287
1345 1352
1646 1658
1892 1943
2083 2125
2292 2371
2465 2532
2608 2813
2924 3011
3221 3254
3348 3354
3673 3688
3882 3895
3994 4072
4338 4338
4396 4483
4563 4568
4905 4974
5025 5044
5224 5369
5439 5474
5676 5693
6002 6062
6200 6209
6317 6360
6533 6616
6794 6905
7085 7154
7216 7286
7572 7576
7759 7781
7895 8011
8154 8173
8404 8426
8566 8664
8887 8895
8995 9007
9217 9256
9497 9502
9641 9645
9965 9965
67 146
369 384
571 576
698 862
1004 1059
1176 1284
1339 1426
1674 1696
1849 1860
1960 2069
2253 2384
2395 2576
2648 2815
2952 2973
3139 3219
3430 3471
3638 3641
3734 3836
3915 3924
4224 4254
4473 4494
4738 4766
4930 4959
5140 5204
5314 5389
5531 5547
5734 5735
5955 5973
6253 6292
6391 6398
6699 6720
6909 6926
7006 7124
7179 7226
7495 7548
7718 7738
7879 7944
8168 8242
8421 8445
8617 8653
8790 8834
8966 9101
9231 9288
9417 9494
9579 9744
9876 9924
148 182
300 420
537 557
713 760
880 1006
1146 1262
1352 1476
1539 1672
1925 1941
2100 2121
2343 2356
2511 2584
2759 2813
2985 3009
3211 3214
3414 3434
3624 3635
3815 3857
4115 4121
4312 4336
4435 4504
4742 4742
4890 4895
5081 5105
5413 5420
5590 5628
5822 5854
5931 6004
6264 6287
6455 6465
6558 6716
6943 6943
6974 7116
7238 7315
7571 7591
7640 7782
7989 8008
8205 8228
8461 8462
8510 8659
8850 8863
9008 9017
9193 9241
9374 9539
9733 9750
9882 9929
187 202
269 380
524 541
661 773
930 993
1097 1260
1498 1501
1718 1729
1934 1950
2021 2139
2277 2349
2533 2547
2654 2657
3004 3022
3248 3251
3411 3417
3620 3621
3825 3842
4052 4093
4282 4317
4483 4553
4632 4768
4965 4987
5014 5203
5302 5370
5539 5568
5779 5789
5878 5901
6225 6277
6492 6509
6529 6547
6742 6802
7088 7129
7279 7348
7454 7589
7665 7756
7947 7966
8124 8126
8395 8454
8464 8581
8795 8796
8929 8943
9214 9265
9490 9521
9732 9745
9886 9898
153 165
259 357
612 621
706 767
1018 1084
1145 1167
1402 1466
1561 1666
1925 1932
2149 2169
2278 2311
2463 2566
2778 2792
2895 2932
3210 3223
3372 3417
3645 3651
3833 3881
4058 4072
4196 4271
4544 4551
4745 4754
4879 4990
5028 5204
5287 5413
5514 5577
5743 5858
5901 6074
6246 6273
6427 6429
6624 6638
6779 6797
7091 7113
7250 7301
7479 7555
7624 7676
7903 8007
8224 8241
8366 8432
8625 8664
8858 8876
8943 9031
9142 9315
9424 9446
9607 9751
9886 9981
145 173
287 351
565 570
673 847
1006 1006
1106 1142
1439 1448
1726 1730
1941 1949
1971 2126
2234 2375
2573 2596
2711 2819
3008 3009
3252 3252
3447 3453
3534 3649
3776 3845
3927 4034
4187 4191
4486 4548
4566 4664
4896 4979
5039 5088
5369 5382
5512 5626
5680 5689
5919 6003
6181 6271
6446 6481
6598 6705
6857 6927
7154 7156
7291 7292
7461 7475
7773 7773
7864 7998
8153 8208
8247 8449
8629 8665
8882 8890
9066 9088
9328 9329
9444 9466
9659 9698
9981 9981
201 206
227 266
602 633
809 861
983 1007
1147 1252
1344 1358
1724 1726
1938 1941
2085 2096
2235 2365
2566 2569
2666 2765
2900 2943
3043 3172
3297 3469
3567 3676
3850 3878
4003 4062
4191 4284
4431 4466
4744 4772
4956 4987
5117 5186
5352 5367
5578 5616
5803 5825
5899 5922
6182 6252
6438 6491
6557 6668
6893 6895
6967 7022
7359 7367
7384 7541
7603 7627
7821 7852
8037 8054
8391 8432
8496 8500
8802 8852
8919 9110
9276 9297
9343 9419
9649 9722
9861 9954
120 126
270 319
506 640
722 761
915 1050
1135 1185
1323 1371
1686 1723
1785 1879
2063 2158
2354 2374
2532 2592
2734 2743
2904 2967
3107 3125
3335 3352
3669 3669
3740 3836
4013 4034
4127 4141
4524 4532
4583 4601
4878 4943
5003 5157
5419 5422
5561 5618
5819 5836
5867 5871
6122 6172
6445 6460
6646 6715
6759 6826
7035 7143
7274 7318
7478 7496
7791 7803
7835 7930
8039 8053
8377 8413
8641 8649
8848 8868
9027 9097
9230 9310
9380 9460
9664 9681
9955 9961
208 209
329 402
636 641
831 833
1057 1069
1248 1295
1505 1508
1697 1705
1787 1794
2072 2096
2356 2357
2548 2566
2658 2730
2843 2902
3084 3091
3305 3449
3574 3686
3716 3900
3932 3960
4131 4132
4505 4548
4702 4715
4780 4811
5008 5031
5421 5424
5493 5544
5698 5722
5896 5939
6168 6285
6373 6382
6569 6713
6838 6929
7032 7073
7311 7375
7588 7592
7708 7733
7888 7948
8228 8230
8367 8445
8670 8679
8694 8842
8913 8922
9307 9319
9419 9530
9756 9764
9938 9971
74 106
281 331
458 584
695 695
1071 1074
1169 1242
1334 1343
1640 1721
1754 1888
2073 2114
2297 2378
2599 2600
2813 2818
2970 3032
3096 3106
3275 3464
3680 3688
3715 3864
4107 4113
4212 4330
4488 4506
4642 4749
4900 4967
5106 5126
5349 5398
5465 5543
5794 5832
5865 5992
6160 6191
6309 6311
6525 6704
6848 6887
7105 7129
7170 7196
7457 7505
7798 7809
7903 8009
8146 8231
8390 8421
8601 8652
8682 8846
8974 8993
9181 9295
9346 9509
9578 9682
9820 9964
68 213
275 402
547 556
721 733
1052 1073
1120 1207
1475 1499
1674 1697
1867 1948
2041 2097
2381 2386
2456 2494
2727 2756
2936 2988
3088 3245
3359 3408
3473 3627
3718 3765
4053 4098
4136 4144
4405 4485
4721 4744
4796 4804
5147 5196
5321 5417
5445 5611
5702 5738
6038 6063
6198 6237
6434 6466
6528 6601
6859 6901
6967 7130
7188 7200
7443 7545
7699 7733
7945 7971
8196 8197
8354 8435
8542 8646
8861 8869
8985 9006
9243 9305
9502 9540
9578 9594
9823 9962
130 152
374 429
640 649
730 821
1034 1059
1191 1264
1485 1499
1538 1553
1780 1804
2062 2079
2327 2341
2524 2566
2805 2814
2936 2958
3075 3121
3356 3384
3614 3632
3717 3742
3981 4058
4145 4256
4411 4485
4595 4763
4984 4986
5101 5131
5408 5422
5486 5526
5700 5731
6007 6013
6268 6272
6503 6506
6648 6661
6940 6940
7049 7070
7327 7354
7481 7493
7678 7683
7847 8013
8177 8190
8363 8377
8499 8541
8849 8873
8938 9060
9200 9277
9540 9546
9567 9621
9968 9969
167 186
389 414
586 613
762 862
940 958
1105 1190
1338 1507
1634 1696
1915 1919
2074 2100
2295 2321
2558 2592
2683 2758
2899 3037
3046 3174
3292 3337
3530 3581
3790 3841
3948 4051
4153 4240
4359 4447
4585 4704
4907 4911
5115 5158
5283 5421
5596 5629
5661 5704
6027 6052
6258 6291
6420 6487
6612 6625
6825 6904
6998 7135
7212 7311
7497 7541
7627 7639
8009 8020
8033 8053
8365 8425
8662 8671
8746 8862
8903 9029
9167 9185
9472 9543
9659 9678
9779 9847
89 153
245 357
442 583
683 865
887 969
1100 1228
1336 1362
1556 1641
1760 1761
1970 2001
2281 2315
2493 2572
2655 2783
3018 3030
3142 3191
3284 3291
3686 3686
3781 3783
4095 4119
4264 4281
4342 4439
4632 4738
4905 4979
5073 5201
5387 5397
5479 5587
5685 5707
6038 6053
6192 6231
6509 6509
6578 6601
6839 6892
7032 7128
7316 7322
7569 7594
7628 7751
8022 8023
8038 8116
8421 8429
8500 8624
8733 8800
9086 9089
9171 9229
9464 9499
9594 9631
9940 9955
128 205
416 424
556 615
767 787
1048 1061
1277 1277
1312 1485
1530 1586
1828 1871
2169 2169
2193 2341
2541 2573
2619 2648
2827 2922
3254 3254
3419 3459
3494 3645
3696 3840
3971 4070
4188 4326
4430 4442
4770 4771
4775 4780
5059 5119
5381 5384
5569 5578
5657 5776
5926 6023
6181 6248
6351 6375
6607 6658
6897 6932
7039 7089
7328 7362
7540 7544
7793 7801
7826 7875
8126 8128
8445 8460
8572 8650
8707 8750
9015 9051
9220 9237
9446 9541
9578 9755
9960 9973
207 209
356 417
590 632
866 866
1077 1080
1297 1300
1497 1498
1608 1678
1945 1949
2081 2101
2371 2386
2444 2584
2785 2820
3026 3032
3182 3235
3334 3457
3561 3652
3735 3750
4105 4118
4317 4321
4477 4502
4739 4768
4951 4954
5117 5172
5254 5348
5486 5572
5670 5762
5876 5975
6112 6117
6468 6492
6683 6713
6804 6871
6969 7101
7302 7321
7550 7583
7625 7713
7984 7999
8068 8212
8288 8398
8503 8538
8744 8873
8930 9061
9324 9328
9541 9544
9550 9720
9821 9879
152 177
285 373
593 647
795 843
980 1017
1169 1207
1466 1468
1704 1714
1945 1950
2025 2059
2323 2346
2418 2524
2623 2763
3035 3036
3177 3236
3401 3405
3630 3637
3733 3778
4107 4109
4223 4328
4450 4484
4771 4772
4977 4990
5078 5206
5423 5424
5482 5627
5805 5850
5876 5956
6224 6263
6503 6505
6601 6665
6797 6928
7011 7158
7310 7321
7467 7481
7758 7781
7859 7929
8177 8237
8461 8462
8543 8650
8729 8819
8934 9101
9295 9296
9482 9497
9672 9687
9788 9900
48 151
241 395
641 649
811 825
984 1019
1197 1201
1509 1515
1652 1725
1845 1912
2079 2162
2179 2236
2415 2519
2622 2693
3024 3028
3152 3173
3446 3464
3657 3676
3713 3718
4118 4120
4174 4202
4439 4520
4659 4716
4982 4988
5054 5133
5305 5324
5465 5489
5833 5856
6066 6073
6283 6291
6335 6396
6703 6706
6799 6873
7061 7134
7358 7368
7508 7548
7636 7715
8019 8026
8143 8164
8309 8415
8515 8537
8684 8845
9107 9108
9261 9286
9436 9531
9587 9651
9781 9869
88 108
311 347
522 628
735 839
914 945
1168 1179
1498 1504
1570 1715
1756 1874
2154 2167
2256 2296
2424 2595
2730 2767
2920 3026
3223 3252
3463 3471
3624 3637
3802 3861
4094 4106
4163 4254
4471 4553
4665 4667
4839 4891
5183 5197
5295 5330
5490 5513
5799 5814
5860 5948
6149 6187
6371 6474
6522 6551
6847 6874
7112 7151
7278 7348
7398 7553
7648 7766
7984 8015
8244 8245
8390 8423
8667 8667
8733 8733
9038 9101
9154 9263
9484 9539
9634 9762
9897 9963
104 182
224 272
532 622
732 831
1021 1034
1284 1284
1514 1516
1606 1709
1790 1807
2095 2163
2271 2334
2515 2534
2769 2796
2941 2969
3226 3240
3448 3470
3540 3615
3779 3865
3937 4121
4263 4304
4467 4489
4663 4689
4892 4985
5174 5197
5323 5411
5577 5609
5671 5722
6070 6075
6279 6291
6431 6488
6637 6717
6755 6882
7070 7130
7164 7189
7520 7572
7701 7703
7824 7910
8082 8108
8315 8409
8620 8653
8836 8879
9030 9050
9177 9279
9351 9461
9721 9722
9834 9856
38 149
310 387
631 633
676 861
918 1057
1182 1212
1328 1411
1617 1655
1810 1812
2095 2141
2352 2371
2453 2601
2735 2802
2888 3007
3213 3226
3424 3457
3619 3629
3783 3873
4121 4121
4298 4314
4342 4451
4696 4767
4834 4858
5120 5200
5360 5404
5554 5636
5789 5816
6021 6058
6200 6253
6323 6469
6706 6715
6857 6863
7060 7074
7364 7367
7415 7446
7688 7708
7992 8023
8034 8129
8371 8384
8620 8657
8774 8850
8980 9095
9173 9205
9370 9380
9604 9715
9801 9937
208 215
290 349
566 569
792 792
891 1067
1188 1214
1482 1482
1702 1715
1948 1948
2132 2164
2328 2367
2432 2600
2645 2739
2967 2972
3071 3155
3289 3361
3673 3675
3822 3879
4082 4109
4196 4292
4398 4454
4763 4766
4960 4964
5120 5139
5355 5379
5489 5614
5721 5734
5981 5998
6254 6262
6383 6425
6691 6709
6874 6884
7026 7128
7298 7309
7567 7574
7654 7749
7989 8024
8086 8230
8327 8453
8668 8675
8777 8890
8904 9029
9212 9235
9447 9519
9753 9761
9922 9963
9 49
271 337
555 605
828 847
980 1044
1296 1297
1429 1479
1676 1720
1940 1948
2034 2140
2304 2354
2414 2539
2740 2751
2880 2996
3147 3225
3309 3379
3564 3674
3847 3851
3953 4102
4182 4288
4360 4548
4728 4757
4954 4972
5040 5076
5350 5407
5568 5590
5815 5856
6049 6072
6198 6199
6442 6504
6531 6573
6936 6937
7125 7156
7301 7337
7449 7566
7753 7807
7889 8028
8179 8233
8302 8306
8512 8549
8774 8838
9023 9027
9329 9330
9492 9498
9573 9673
9828 9840
30 202
335 406
573 619
804 861
1028 1073
1149 1297
1405 1508
1666 1735
1854 1919
2050 2071
2218 2241
2400 2495
2807 2808
2928 2989
3234 3252
3387 3466
3548 3641
3813 3835
4029 4121
4166 4167
4485 4542
4561 4578
4913 4989
5055 5122
5321 5413
5593 5610
5853 5853
6052 6053
6268 6288
6381 6479
6546 6702
6750 6845
7037 7089
7323 7328
7401 7495
7722 7746
7950 7999
8204 8224
8251 8383
8479 8527
8726 8846
8955 9063
9145 9158
9465 9538
9693 9733
9778 9841
215 215
334 432
463 562
655 684
981 1077
1256 1258
1392 1503
1599 1691
1809 1916
1974 2059
2203 2260
2563 2574
2617 2722
2850 2993
3157 3234
3392 3455
3620 3636
3905 3905
4101 4101
4284 4318
4377 4411
4773 4773
4970 4982
5013 5037
5250 5298
5640 5641
5836 5839
6014 6024
6277 6286
6443 6468
6689 6692
6813 6833
7104 7129
7259 7261
7496 7561
7643 7782
7877 7890
8126 8235
8317 8370
8627 8677
8753 8843
9113 9113
9263 9310
9502 9529
9664 9706
9787 9932
33 79
320 420
623 635
860 860
1071 1077
1268 1292
1334 1426
1616 1690
1847 1911
2154 2158
2365 2372
2432 2452
2718 2800
2832 3020
3072 3090
3419 3452
3591 3608
3746 3873
4002 4117
4137 4238
4380 4448
4667 4725
4939 4983
5198 5206
5223 5247
5557 5581
5777 5858
5886 6069
6115 6119
6492 6507
6523 6605
6925 6929
6952 7087
7241 7373
7433 7443
7698 7803
7935 7957
8139 8203
8460 8462
8551 8559
8768 8846
8993 9089
9290 9306
9435 9500
9594 9631
9949 9953
85 171
428 431
457 517
846 857
910 1025
1168 1195
1329 1461
1649 1666
1812 1825
2008 2153
2185 2294
2468 2500
2726 2749
2851 3034
3095 3126
3388 3430
3570 3599
3745 3834
4082 4087
4323 4327
4471 4515
4559 4620
4955 4961
5034 5095
5231 5265
5470 5559
5753 5816
5944 5972
6165 6267
6454 6491
6592 6688
6803 6867
7036 7065
7177 7263
7384 7432
7602 7649
7840 8028
8051 8179
8375 8449
8536 8556
8860 8875
9031 9071
9126 9189
9459 9460
9578 9605
9815 9819
197 203
432 432
648 650
805 855
1031 1035
1207 1284
1389 1429
1625 1711
1772 1932
2103 2119
2206 2307
2554 2557
2701 2777
2919 2931
3093 3156
3385 3455
3628 3638
3809 3870
3987 4104
4126 4129
4546 4547
4633 4740
4788 4818
5073 5127
5405 5409
5476 5635
5685 5763
5926 5958
6157 6273
6415 6458
6631 6719
6792 6888
6961 7062
7171 7291
7451 7558
7742 7747
7822 7944
8133 8206
8444 8448
8578 8651
8694 8724
9034 9084
9261 9278
9417 9539
9591 9721
9852 9946
146 199
261 395
639 650
851 861
956 1048
1190 1294
1335 1394
1645 1712
1754 1766
2046 2071
2334 2375
2419 2514
2705 2713
2837 2854
3199 3218
3415 3463
3645 3687
3833 3898
3962 4023
4203 4314
4550 4552
4711 4712
4988 4990
4997 5084
5350 5410
5456 5541
5816 5841
5915 5921
6289 6292
6400 6498
6561 6679
6910 6941
7051 7146
7301 7364
7488 7556
7791 7798
7907 8014
8046 8084
8358 8429
8500 8517
8727 8819
9106 9106
9300 9329
9404 9427
9705 9753
9841 9859
66 170
344 347
495 516
827 837
963 1005
1240 1260
1408 1499
1575 1734
1941 1952
2132 2132
2171 2275
2563 2563
2756 2768
2974 3014
3139 3147
3340 3461
3652 3679
3694 3870
3964 4072
4222 4326
4542 4542
4718 4730
4875 4891
5089 5135
5367 5379
5486 5556
5677 5729
5969 6026
6086 6108
6488 6492
6704 6705
6939 6939
6948 7100
7195 7213
7500 7554
7810 7811
8018 8026
8220 8235
8441 8457
8632 8661
8754 8886
9012 9046
9232 9272
9514 9541
9594 9719
9866 9952
166 184
286 363
545 630
817 825
1046 1056
1120 1120
1386 1500
1658 1698
1842 1895
2162 2163
2322 2346
2452 2544
2606 2687
2831 2910
3224 3235
3429 3461
3641 3664
3836 3861
3963 3977
4297 4324
4541 4556
4663 4721
4844 4857
5000 5101
5367 5416
5556 5596
5753 5817
5964 6052
6211 6277
6387 6436
6690 6704
6810 6839
7076 7144
7350 7375
7455 7504
7778 7804
8003 8007
8049 8118
8357 8399
8629 8672
8873 8890
9006 9093
9117 9181
9349 9435
9617 9722
9776 9797
111 167
397 431
471 479
797 819
877 895
1254 1270
1482 1489
1531 1585
1906 1915
1958 2120
2316 2343
2452 2454
2805 2813
3007 3035
3081 3121
3308 3389
3545 3637
3726 3796
3958 4119
4262 4309
4556 4556
4748 4752
4946 4948
5128 5133
5312 5328
5534 5615
5736 5856
5892 5993
6182 6234
6396 6398
6597 6662
6800 6868
7026 7150
7338 7365
7460 7464
7618 7717
7956 8017
8140 8162
8297 8316
8615 8652
8832 8884
8951 8981
9302 9314
9531 9542
9744 9744
9847 9946
121 157
387 400
515 645
787 815
904 1023
1223 1253
1393 1506
1550 1664
1909 1911
1961 2090
2233 2247
2509 2588
2667 2757
2844 2926
3129 3185
3420 3456
3650 3681
3716 3773
3911 4035
4170 4325
4397 4474
4639 4697
4940 4971
5113 5189
5417 5424
5536 5613
5687 5734
5889 5994
6127 6246
6360 6378
6714 6717
6745 6901
6946 6980
7240 7305
7575 7589
7712 7763
8020 8025
8056 8204
8457 8461
8510 8563
8811 8859
9089 9098
9182 9188
9402 9537
9655 9764
9905 9921
201 210
373 383
546 594
726 778
944 1027
1242 1300
1349 1448
1603 1726
1817 1896
2115 2159
2309 2319
2548 2583
2694 2718
2951 2986
3148 3173
3259 3445
3664 3676
3788 3881
3912 3997
4157 4194
4390 4526
4604 4650
4907 4925
5106 5109
5287 5356
5510 5607
5783 5853
6067 6073
6119 6281
6463 6468
6709 6713
6877 6884
6984 7023
7268 7336
7505 7559
7723 7800
7817 7929
8183 8225
8266 8441
8515 8529
8853 8886
8985 9094
9176 9185
9482 9488
9691 9741
9885 9894
66 152
385 396
570 637
865 866
960 1054
1155 1212
1324 1501
1529 1541
1847 1936
1995 2033
2195 2215
2432 2589
2699 2720
2864 3005
3245 3247
3444 3469
3601 3664
3893 3902
3954 4119
4324 4333
4401 4444
4592 4653
4897 4924
5097 5180
5274 5291
5557 5583
5721 5757
5945 6069
6206 6210
6502 6504
6682 6690
6757 6868
7158 7159
7181 7228
7472 7484
7621 7763
7907 7945
8169 8184
8334 8413
8478 8652
8869 8874
8992 9047
9273 9308
9477 9536
9638 9745
9829 9839
169 172
275 393
599 604
798 848
880 1078
1207 1281
1483 1485
1642 1646
1820 1915
2140 2150
2274 2386
2440 2488
2741 2762
3014 3034
3052 3064
3333 3459
3532 3557
3790 3823
4058 4058
4206 4231
4472 4473
4679 4705
4831 4935
5020 5136
5366 5382
5613 5631
5651 5715
5959 6050
6143 6227
6392 6430
6561 6641
6748 6881
7033 7078
7362 7376
7391 7584
7760 7770
7852 7923
8219 8224
8383 8430
8478 8656
8825 8845
9007 9091
9154 9321
9514 9530
9749 9755
9797 9860
78 176
310 396
612 648
762 786
1079 1082
1113 1124
1447 1505
1656 1728
1757 1951
2150 2152
2385 2385
2474 2553
2787 2807
2856 2895
3206 3226
3340 3459
3584 3635
3845 3864
4009 4063
4300 4304
4422 4523
4580 4590
4798 4971
5089 5174
5221 5368
5547 5589
5824 5825
5920 5994
6272 6291
6336 6352
6558 6584
6877 6931
7048 7133
7368 7371
7482 7513
7615 7715
7933 7938
8053 8218
8267 8445
8512 8654
8712 8891
9097 9113
9157 9262
9402 9442
9722 9724
9871 9971
78 192
424 429
621 629
709 753
876 1002
1206 1273
1308 1487
1598 1598
1813 1940
1999 2121
2381 2386
2543 2600
2758 2762
2975 2994
3133 3184
3287 3415
3507 3585
3699 3884
3950 4086
4213 4279
4544 4546
4581 4594
4790 4989
5049 5077
5397 5423
5602 5602
5673 5839
5881 6047
6184 6186
6402 6438
6514 6562
6773 6782
7084 7160
7239 7272
7537 7546
7808 7810
7866 7921
8175 8217
8421 8422
8470 8481
8783 8810
8905 9085
9235 9263
9404 9525
9610 9675
9821 9934
139 215
304 338
531 629
698 824
936 1023
1291 1299
1379 1435
1679 1735
1820 1947
1987 2062
2191 2242
2468 2528
2731 2746
3007 3034
3054 3210
3340 3456
3583 3633
3872 3885
4018 4093
4213 4227
4371 4403
4767 4771
4880 4931
5207 5207
5307 5414
5562 5606
5751 5823
5999 6014
6224 6291
6351 6440
6592 6593
6800 6810
7155 7159
7265 7366
7577 7583
7650 7809
7865 7979
8036 8159
8451 8462
8532 8649
8896 8896
8906 8974
9297 9307
9450 9458
9720 9727
9824 9955
119 173
323 395
581 596
851 854
869 1068
1144 1178
1437 1500
1532 1675
1782 1878
2005 2125
2379 2386
2402 2460
2612 2790
2913 2941
3197 3230
3401 3445
3533 3553
3857 3863
3967 4026
4169 4233
4345 4524
4749 4750
4868 4926
5005 5183
5298 5408
5443 5452
5733 5759
6052 6069
6273 6277
6387 6478
6515 6723
6887 6891
7097 7130
7372 7376
7548 7564
7791 7802
8006 8015
8236 8243
8295 8458
8636 8649
8883 8894
9002 9093
9259 9289
9539 9543
9612 9706
9852 9893
46 208
322 340
534 640
766 771
963 1009
1096 1300
1409 1500
1669 1712
1948 1948
2040 2113
2307 2352
2493 2555
2605 2705
2961 2961
3209 3223
3327 3450
3591 3659
3787 3879
4112 4121
4216 4268
4460 4550
4637 4640
4953 4973
5094 5158
5410 5417
5563 5601
5695 5749
5990 6050
6139 6222
6360 6366
6627 6710
6807 6901
7004 7013
7187 7339
7502 7538
7698 7765
7867 7940
8185 8225
8372 8453
8532 8652
8707 8746
8937 9065
9245 9260
9372 9543
9634 9641
9946 9974
117 193
336 417
526 549
765 799
947 982
1158 1246
1389 1408
1579 1595
1849 1885
2037 2122
2319 2324
2456 2464
2620 2816
2997 3023
3244 3252
3354 3445
3535 3564
3893 3901
3960 4095
4293 4303
4346 4440
4617 4715
4914 4964
5166 5180
5355 5392
5586 5599
5831 5849
6022 6061
6083 6216
6330 6486
6607 6627
6841 6878
7060 7128
7284 7359
7570 7572
7744 7795
7997 8024
8204 8227
8354 8379
8600 8605
8812 8871
8916 8993
9194 9209
9361 9464
9734 9736
9856 9911
97 215
339 354
481 490
669 864
1013 1030
1087 1180
1456 1507
1695 1697
1838 1919
2160 2161
2250 2342
2412 2505
2709 2734
2881 2951
3143 3169
3261 3353
3644 3645
3788 3803
3924 3938
4176 4254
4354 4494
4623 4697
4988 4989
5015 5038
5316 5397
5612 5616
5843 5847
6065 6067
6237 6264
6507 6508
6641 6715
6928 6943
7083 7089
7339 7340
7470 7500
7677 7747
7840 7854
8032 8050
8462 8462
8524 8618
8681 8887
8960 9109
9312 9329
9531 9540
9603 9743
9855 9890
62 178
281 366
576 642
805 815
936 1064
1220 1234
1401 1405
1601 1710
1760 1786
1989 2091
2201 2260
2531 2546
2796 2796
2849 3026
3084 3229
3371 3404
3674 3687
3837 3847
4073 4109
4193 4207
4530 4548
4770 4770
4782 4971
5143 5167
5370 5389
5435 5640
5835 5840
5930 5965
6130 6235
6341 6411
6552 6598
6862 6890
7122 7142
7269 7316
7594 7594
7685 7701
7911 7959
8242 8243
8259 8461
8495 8540
8825 8893
9082 9084
9250 9305
9542 9545
9730 9755
9782 9861
156 189
321 390
509 524
722 867
1030 1066
1130 1245
1508 1511
1614 1652
1865 1930
2046 2098
2356 2373
2513 2532
2678 2776
2940 2974
3047 3140
3300 3343
3575 3585
3815 3851
4019 4106
4182 4331
4381 4468
4747 4747
4948 4990
5148 5176
5243 5271
5601 5631
5730 5818
5905 5926
6085 6228
6402 6448
6539 6622
6806 6911
7038 7112
7359 7367
7571 7576
7640 7717
7833 7974
8083 8122
8439 8439
8484 8644
8778 8861
9034 9061
9231 9300
9514 9522
9725 9751
9961 9966
37 150
334 396
510 583
668 859
1054 1070
1240 1274
1386 1391
1625 1703
1921 1939
2041 2069
2285 2372
2389 2441
2669 2761
2837 2837
3206 3251
3298 3379
3514 3630
3838 3859
3950 4053
4240 4320
4466 4511
4649 4667
4877 4944
5165 5204
5331 5369
5456 5475
5782 5786
5980 6001
6234 6274
6309 6387
6617 6625
6891 6912
7100 7121
7303 7364
7569 7593
7650 7709
7926 7995
8060 8134
8423 8457
8506 8597
8855 8892
8987 9075
9296 9327
9531 9532
9654 9678
9886 9886
50 130
284 322
550 627
840 845
928 1083
1258 1262
1424 1472
1526 1649
1770 1803
1975 1980
2280 2312
2467 2564
2749 2812
2990 3004
3081 3124
3268 3404
3558 3611
3740 3844
3924 4082
4213 4269
4529 4540
4743 4744
4940 4980
5142 5195
5227 5419
5628 5637
5738 5757
5902 5954
6251 6291
6401 6407
6562 6683
6777 6792
7140 7151
7261 7352
7566 7579
7809 7810
8014 8015
8237 8241
8399 8447
8625 8654
8692 8732
8916 9059
9231 9261
9380 9407
9713 9715
9919 9925
60 164
392 398
576 586
737 864
962 1032
1120 1216
1497 1504
1680 1735
1887 1893
2023 2128
2238 2302
2474 2541
2618 2806
2902 3004
3061 3214
3323 3341
3547 3649
3867 3899
3914 3975
4255 4280
4419 4422
4590 4679
4846 4884
5117 5138
5294 5388
5583 5594
5652 5787
5935 5979
6133 6258
6487 6490
6637 6666
6765 6805
7138 7147
7221 7224
7491 7580
7785 7795
7990 8002
8067 8114
8397 8452
8650 8652
8767 8817
8911 8922
9192 9233
9360 9476
9562 9630
9783 9908
166 168
386 431
645 647
666 809
947 1022
1094 1236
1402 1439
1533 1578
1781 1905
2086 2155
2259 2341
2583 2590
2773 2806
2855 3023
3040 3153
3442 3465
3578 3683
3836 3885
4031 4105
4239 4239
4465 4536
4611 4679
4946 4978
5134 5144
5316 5374
5635 5635
5819 5852
6057 6064
6217 6262
6296 6356
6657 6725
6789 6833
7077 7126
7262 7314
7531 7536
7671 7698
7889 7891
8074 8170
8303 8396
8639 8659
8715 8889
9052 9096
9282 9306
9437 9539
9625 9739
9843 9868
122 130
297 348
507 531
803 856
912 1028
1185 1218
1337 1485
1605 1648
1782 1813
2101 2107
2176 2187
2454 2520
2804 2813
2932 2950
3242 3249
3294 3365
3583 3588
3896 3898
4056 4112
4276 4309
4509 4546
4598 4676
4985 4990
5177 5187
5226 5296
5578 5584
5794 5828
5943 5961
6225 6258
6309 6418
6693 6716
6761 6808
7115 7117
7226 7260
7476 7552
7621 7638
7910 8024
8049 8139
8311 8415
8562 8635
8842 8879
9020 9106
9316 9319
9366 9523
9609 9649
9956 9979
207 207
276 292
453 641
738 744
998 1000
1260 1294
1418 1512
1735 1735
1780 1934
2024 2075
2264 2339
2491 2499
2655 2696
2874 2967
3078 3235
3361 3465
3674 3679
3728 3799
4084 4122
4330 4333
4525 4550
4576 4635
4949 4965
5193 5205
5289 5299
5594 5641
5799 5825
5999 6037
6120 6152
6476 6481
6633 6700
6853 6925
7054 7072
7333 7339
7468 7567
7784 7803
7965 7973
8075 8091
8262 8296
8576 8664
8710 8752
9091 9094
9214 9284
9443 9486
9733 9754
9882 9912
179 181
410 415
564 583
857 865
941 950
1100 1205
1370 1504
1556 1585
1847 1874
2008 2149
2229 2233
2551 2591
2705 2776
2974 3012
3230 3234
3428 3465
3591 3615
3822 3842
3920 3963
4192 4199
4474 4484
4653 4717
4938 4975
5062 5121
5303 5402
5535 5637
5833 5847
5955 6026
6266 6280
6306 6487
6574 6656
6932 6943
7150 7157
7217 7281
7464 7478
7685 7810
7887 8014
8166 8177
8356 8365
8604 8632
8750 8870
8915 9111
9136 9278
9358 9453
9735 9763
9891 9979
98 202
311 393
571 604
841 845
925 1031
1156 1205
1429 1433
1706 1714
1793 1843
2122 2126
2384 2384
2454 2541
2744 2746
3032 3034
3169 3209
3365 3439
3627 3657
3825 3882
3908 4029
4275 4292
4398 4454
4663 4705
4776 4789
5042 5163
5301 5388
5574 5583
5660 5667
5905 5923
6092 6114
6324 6501
6519 6646
6813 6873
6962 7158
7162 7323
7568 7580
7777 7795
7852 7929
8141 8148
8429 8444
8525 8666
8825 8893
8924 9099
9244 9292
9361 9434
9737 9746
9862 9928
1 23
237 334
643 647
839 849
1072 1074
1286 1287
1385 1436
1537 1565
1906 1947
2146 2165
2197 2214
2420 2468
2660 2764
2975 3012
3158 3239
3409 3441
3631 3671
3874 3885
3990 4078
4179 4262
4385 4550
4559 4680
4926 4927
5161 5176
5365 5381
5450 5575
5811 5846
5954 5979
6258 6259
6377 6395
6643 6677
6885 6919
7105 7143
7270 7360
7481 7530
7634 7807
7942 7954
8219 8223
8309 8335
8504 8605
8804 8872
9096 9110
9134 9297
9445 9457
9561 9757
9798 9897
80 184
421 426
440 524
669 699
877 1056
1134 1292
1380 1459
1570 1712
1941 1948
2100 2127
2214 2314
2436 2551
2709 2749
2990 3019
3187 3214
3348 3388
3675 3677
3767 3842
4005 4086
4301 4322
4544 4555
4657 4695
4934 4967
5125 5165
5266 5296
5523 5639
5698 5733
5963 5997
6087 6096
6383 6407
6650 6681
6754 6827
6958 7060
7236 7249
7513 7563
7631 7794
7964 7981
8098 8233
8250 8305
8581 8660
8835 8892
8902 8963
9272 9282
9409 9546
9651 9719
9947 9981
197 205
343 356
572 589
760 776
973 1025
1248 1276
1318 1419
1608 1709
1778 1943
2142 2147
2273 2298
2456 2508
2703 2780
2992 3025
3214 3250
3267 3357
3478 3542
3707 3739
3926 3946
4234 4327
4361 4495
4679 4747
4829 4851
5080 5114
5320 5383
5638 5639
5709 5725
6043 6048
6181 6240
6389 6484
6606 6630
6806 6938
7030 7119
7351 7354
7591 7591
7806 7809
7969 7993
8070 8163
8385 8419
8567 8599
8759 8761
9028 9049
9204 9274
9471 9521
9652 9688
9971 9975
126 179
355 372
496 510
802 846
908 1022
1266 1286
1451 1493
1537 1699
1746 1903
2124 2165
2270 2284
2535 2562
2694 2704
2891 2940
3153 3204
3266 3345
3544 3555
3703 3890
4032 4061
4219 4268
4356 4521
4660 4674
4847 4867
5037 5207
5380 5416
5576 5605
5719 5766
5934 6037
6136 6172
6456 6457
6650 6710
6796 6894
6982 7064
7365 7372
7406 7557
7753 7806
7998 8008
8239 8245
8254 8462
8661 8679
8865 8891
8941 9017
9200 9276
9445 9515
9625 9724
9888 9916
156 166
294 403
492 539
664 774
1033 1058
1215 1233
1484 1486
1638 1651
1866 1871
2010 2145
2349 2364
2554 2563
2696 2736
2866 2928
3055 3171
3268 3393
3679 3679
3793 3815
3911 4112
4297 4327
4467 4493
4727 4759
4892 4925
5004 5184
5283 5299
5489 5618
5820 5847
5907 5977
6160 6194
6400 6402
6583 6634
6900 6900
7100 7130
7362 7373
7451 7500
7654 7720
7888 7925
8167 8178
8289 8349
8571 8653
8781 8794
8991 9109
9316 9322
9482 9501
9753 9756
9851 9931
183 188
257 327
641 646
680 818
938 961
1212 1271
1463 1478
1724 1732
1850 1881
2113 2155
2213 2287
2499 2572
2750 2770
2875 2879
3092 3141
3379 3455
3480 3527
3774 3809
4122 4122
4243 4322
4442 4449
4640 4662
4775 4940
5140 5170
5227 5300
5458 5596
5664 5673
5898 5968
6278 6291
6401 6490
6593 6681
6782 6844
7055 7127
7234 7312
7481 7562
7738 7801
8007 8014
8156 8200
8312 8440
8525 8657
8754 8793
9014 9019
9271 9298
9383 9489
9631 9680
9916 9977
175 191
411 419
626 637
771 776
1078 1078
1284 1288
1340 1437
1682 1696
1854 1857
2093 2133
2172 2263
2468 2504
2717 2736
2870 2976
3043 3126
3338 3450
3504 3527
3796 3849
3942 4047
4178 4211
4347 4433
4720 4734
4954 4960
5190 5200
5301 5341
5566 5605
5647 5808
6000 6003
6093 6232
6295 6351
6558 6653
6795 6932
7148 7159
7220 7234
7584 7586
7616 7676
7987 7989
8229 8230
8331 8383
8465 8599
8704 8762
9010 9048
9137 9236
9382 9491
9633 9644
9899 9912
212 215
270 319
472 599
732 746
1065 1066
1197 1227
1355 1361
1571 1642
1947 1947
2137 2143
2285 2374
2522 2600
2661 2672
2830 2873
3119 3159
3298 3410
3680 3680
3760 3785
3955 4038
4169 4181
4401 4452
4705 4746
4906 4925
5157 5186
5325 5421
5459 5488
5804 5817
5898 6017
6133 6173
6431 6455
6538 6550
6903 6914
7126 7141
7365 7377
7405 7499
7746 7761
7945 8008
8182 8231
8265 8442
8545 8622
8834 8867
8907 9045
9254 9312
9436 9460
9549 9744
9966 9966
120 202
367 403
526 613
747 796
880 971
1278 1293
1516 1518
1629 1637
1814 1939
2158 2162
2385 2386
2470 2580
2646 2766
2837 2995
3217 3254
3413 3423
3680 3682
3904 3904
4037 4103
4318 4333
4433 4436
4647 4713
4887 4926
5053 5162
5331 5363
5631 5639
5650 5714
5976 6036
6278 6283
6333 6354
6558 6598
6887 6935
7098 7114
7217 7339
7418 7495
7645 7683
7937 7956
8161 8215
8306 8368
8550 8647
8885 8885
8996 9018
9204 9232
9349 9431
9579 9655
9924 9968
65 136
417 419
452 612
787 824
887 901
1110 1237
1321 1321
1727 1732
1753 1936
2003 2157
2183 2293
2434 2580
2784 2810
2900 2935
3124 3144
3327 3345
3494 3564
3812 3888
4014 4090
4272 4291
4550 4550
4769 4772
4908 4966
5188 5194
5423 5423
5471 5561
5692 5705
6065 6074
6223 6253
6492 6500
6556 6669
6837 6885
7148 7154
7182 7340
7503 7560
7685 7793
8013 8018
8116 8233
8428 8456
8529 8606
8727 8785
8993 9018
9130 9315
9498 9504
9739 9756
9809 9827
176 189
269 404
502 567
687 793
945 1032
1173 1221
1410 1474
1603 1651
1822 1862
2045 2109
2267 2267
2515 2558
2723 2820
2840 2873
3103 3172
3436 3469
3491 3618
3736 3867
4073 4095
4191 4260
4382 4399
4664 4726
4959 4983
5089 5172
5266 5424
5518 5582
5667 5784
5963 5965
6146 6255
6330 6373
6524 6708
6763 6850
7064 7066
7244 7328
7583 7593
7772 7789
7837 7935
8213 8232
8250 8430
8526 8555
8720 8823
9066 9088
9258 9273
9346 9521
9562 9631
9962 9964
78 91
365 422
619 640
860 861
885 885
1222 1252
1500 1504
1685 1689
1776 1917
2105 2160
2357 2361
2531 2547
2731 2732
2876 2955
3162 3202
3374 3406
3475 3565
3796 3831
4087 4118
4295 4319
4493 4519
4747 4747
4846 4879
5178 5202
5418 5419
5517 5557
5831 5839
5903 5990
6235 6245
6466 6483
6715 6721
6829 6925
6975 7072
7182 7235
7452 7568
7765 7788
7991 8023
8122 8178
8327 8347
8502 8634
8683 8748
9046 9070
9275 9319
9414 9506
9741 9749
9885 9938
185 185
223 382
620 640
693 864
1064 1078
1293 1301
1405 1432
1665 1671
1760 1890
2024 2164
2255 2331
2546 2566
2634 2812
3021 3021
3054 3187
3271 3387
3536 3601
3796 3896
3921 4002
4163 4281
4540 4546
4615 4684
4964 4989
5103 5166
5342 5389
5622 5629
5676 5846
6001 6033
6079 6222
6332 6507
6619 6686
6821 6931
7129 7142
7174 7355
7383 7542
7653 7744
7822 7890
8143 8242
8287 8294
8661 8662
8774 8800
9097 9107
9126 9213
9465 9482
9634 9646
9868 9868
164 204
303 327
542 551
819 860
1013 1059
1128 1292
1357 1495
1625 1650
1822 1906
1960 1986
2275 2355
2452 2508
2608 2621
2855 2890
3221 3228
3404 3432
3581 3583
3821 3824
3930 4090
4256 4266
4440 4458
4709 4724
4883 4942
5042 5167
5238 5398
5538 5561
5770 5773
6065 6074
6193 6287
6302 6501
6621 6718
6890 6894
7113 7136
7352 7352
7416 7549
7782 7788
7923 7970
8041 8154
8408 8420
8658 8678
8851 8860
9059 9089
9192 9319
9512 9544
9631 9718
9838 9890
115 173
378 391
442 459
824 845
886 1030
1183 1224
1337 1515
1543 1576
1804 1836
2165 2166
2184 2362
2482 2603
2611 2780
2943 2961
3207 3211
3363 3393
3568 3575
3777 3806
4099 4104
4233 4304
4536 4554
4626 4755
4947 4968
5090 5094
5351 5411
5635 5635
5804 5806
6057 6073
6141 6188
6300 6377
6520 6545
6936 6939
7046 7065
7170 7225
7492 7518
7634 7677
7857 7937
8078 8145
8345 8374
8594 8662
8681 8707
9025 9038
9144 9212
9487 9509
9761 9762
9779 9832
134 196
246 312
535 647
862 867
878 954
1173 1260
1307 1384
1589 1643
1808 1910
2078 2087
2299 2386
2519 2570
2611 2664
2929 2983
3109 3142
3414 3441
3535 3664
3827 3844
4120 4121
4145 4332
4510 4556
4659 4737
4924 4957
5168 5194
5336 5388
5549 5628
5691 5780
5908 5914
6235 6275
6478 6501
6529 6611
6752 6848
6992 7092
7348 7355
7558 7561
7708 7809
7953 8009
8213 8227
8441 8447
8527 8624
8838 8839
9057 9074
9137 9142
9395 9463
9678 9685
9908 9950
99 161
331 363
570 574
761 778
904 954
1274 1293
1472 1500
1662 1731
1858 1861
1957 2034
2379 2383
2479 2500
2721 2806
2972 2984
3080 3092
3260 3318
3502 3615
3771 3793
3937 4088
4265 4336
4374 4485
4717 4749
4780 4812
5014 5054
5389 5416
5495 5499
5705 5816
5915 6048
6270 6276
6462 6480
6645 6694
6730 6823
6961 7034
7216 7370
7504 7523
7705 7751
7847 7940
8225 8228
8269 8304
8503 8662
8860 8872
9021 9052
9182 9245
9497 9499
9624 9718
9792 9846
189 213
306 395
598 649
666 799
1070 1081
1100 1177
1503 1518
1690 1698
1940 1950
2042 2127
2184 2208
2407 2415
2624 2726
2909 2988
3073 3174
3378 3378
3486 3504
3714 3847
4099 4116
4300 4320
4501 4548
4565 4701
4982 4987
5049 5158
5404 5414
5569 5575
5835 5854
5968 5980
6083 6131
6348 6482
6646 6673
6811 6887
7034 7053
7244 7244
7503 7507
7731 7789
7923 7998
8083 8220
8427 8438
8513 8657
8894 8895
8911 9097
9219 9326
9428 9546
9602 9628
9776 9837
88 128
280 362
626 643
796 854
1063 1071
1294 1298
1486 1510
1621 1706
1896 1952
2061 2085
2383 2386
2470 2501
2731 2759
2831 2993
3161 3246
3279 3388
3659 3673
3796 3905
3931 4093
4318 4324
4544 4552
4734 4744
4918 4990
4993 5151
5344 5405
5579 5595
5719 5827
5994 6066
6171 6292
6354 6421
6635 6714
6939 6940
7084 7098
7360 7369
7482 7547
7802 7810
7817 7833
8189 8197
8260 8337
8532 8678
8771 8851
8992 9033
9181 9299
9400 9516
9764 9764
9948 9970
7 69
364 420
475 599
831 860
928 1043
1130 1244
1509 1513
1611 1650
1897 1935
2058 2124
2202 2271
2425 2566
2775 2792
2939 2960
3252 3254
3464 3464
3605 3632
3794 3804
4088 4088
4166 4169
4363 4458
4692 4745
4843 4982
5122 5179
5249 5295
5576 5619
5730 5748
6009 6054
6215 6242
6479 6480
6563 6576
6890 6890
7079 7082
7362 7377
7501 7550
7690 7718
7908 7944
8121 8233
8278 8386
8534 8585
8715 8841
8981 9081
9245 9251
9513 9530
9556 9688
9867 9945
67 93
294 331
453 516
795 812
1018 1027
1093 1108
1452 1516
1521 1659
1919 1945
2119 2149
2210 2372
2586 2602
2687 2798
2870 2964
3193 3208
3313 3454
3639 3678
3712 3861
3944 4117
4191 4336
4515 4525
4576 4650
4898 4909
5051 5074
5289 5329
5482 5497
5693 5775
5967 6017
6116 6128
6399 6455
6643 6658
6729 6824
7028 7157
7297 7308
7460 7495
7751 7759
7993 7994
8161 8226
8442 8458
8470 8537
8683 8888
9014 9067
9160 9241
9387 9421
9567 9652
9833 9844
150 173
293 371
595 617
856 866
964 983
1110 1185
1358 1413
1588 1644
1826 1897
2164 2169
2258 2296
2425 2597
2754 2807
2856 2911
3058 3234
3396 3420
3685 3686
3798 3858
3993 4122
4228 4302
4403 4467
4668 4676
4943 4946
5162 5163
5209 5418
5634 5636
5725 5787
6035 6057
6196 6245
6484 6488
6612 6709
6921 6943
7120 7122
7177 7196
7567 7593
7612 7804
7861 8027
8245 8245
8291 8412
8522 8606
8808 8846
9046 9048
9191 9267
9453 9459
9679 9682
9973 9976
68 138
331 347
627 629
737 739
990 994
1287 1287
1314 1508
1575 1637
1896 1908
2119 2132
2191 2201
2478 2594
2627 2701
3026 3027
3251 3254
3413 3457
3527 3585
3776 3845
3965 4096
4219 4325
4430 4517
4722 4771
4880 4944
5013 5070
5265 5420
5511 5597
5728 5752
5879 6019
6254 6259
6317 6422
6697 6709
6904 6940
7038 7062
7254 7328
7465 7500
7651 7744
7843 7965
8124 8218
8355 8358
8617 8632
8867 8894
8951 8960
9177 9224
9451 9514
9627 9638
9818 9860
11 111
325 431
565 569
682 706
1064 1074
1140 1283
1450 1513
1724 1732
1814 1913
2060 2165
2369 2374
2397 2439
2680 2695
2985 3035
3141 3219
3307 3382
3676 3681
3730 3863
4055 4077
4127 4184
4540 4546
4674 4717
4959 4964
5201 5202
5384 5417
5534 5631
5691 5810
6024 6066
6077 6233
6470 6489
6715 6716
6752 6848
6954 7087
7220 7235
7566 7579
7765 7779
8003 8006
8201 8214
8347 8419
8634 8666
8785 8893
8913 9001
9115 9229
9465 9529
9656 9702
9903 9917
155 211
385 421
519 624
753 775
990 1013
1291 1295
1380 1436
1717 1731
1867 1943
1998 2144
2271 2320
2585 2587
2657 2819
2941 2946
3081 3089
3270 3325
3573 3610
3757 3796
3984 4028
4257 4333
4510 4517
4745 4752
4958 4961
5140 5164
5254 5282
5480 5508
5701 5790
5957 5980
6122 6124
6382 6412
6641 6660
6785 6840
7093 7152
7343 7351
7516 7565
7696 7754
7833 7839
8189 8240
8415 8451
8470 8580
8703 8817
8990 9061
9138 9193
9523 9545
9711 9747
9967 9981
125 157
314 343
559 632
811 821
869 948
1208 1231
1439 1439
1591 1679
1802 1924
2055 2064
2244 2381
2541 2559
2633 2806
2837 2916
3100 3147
3419 3430
3475 3635
3708 3716
4057 4119
4209 4297
4396 4478
4748 4749
4879 4904
5045 5181
5404 5410
5482 5540
5723 5834
6057 6065
6082 6087
6500 6503
6559 6702
6871 6877
7043 7063
7238 7289
7409 7496
7607 7677
7934 7956
8193 8196
8433 8435
8561 8582
8845 8886
8978 8992
9118 9120
9445 9455
9581 9645
9862 9903
184 186
234 364
597 628
858 862
869 905
1149 1158
1485 1514
1521 1526
1947 1952
2154 2154
2178 2258
2438 2584
2637 2696
2859 2859
3057 3202
3406 3469
3576 3605
3723 3850
4082 4085
4187 4314
4543 4552
4692 4702
4803 4985
5047 5138
5395 5395
5546 5602
5799 5827
5917 6056
6222 6273
6446 6492
6638 6704
6907 6907
7056 7123
7166 7323
7422 7580
7811 7811
7965 7999
8104 8212
8374 8408
8533 8593
8822 8832
9013 9063
9246 9306
9485 9534
9614 9673
9902 9906
192 212
249 287
473 532
784 818
901 921
1186 1221
1452 1483
1602 1649
1948 1951
2144 2152
2207 2267
2598 2600
2709 2747
2914 2949
3223 3249
3446 3471
3629 3664
3709 3746
3949 3986
4198 4213
4446 4523
4619 4619
4802 4820
5061 5132
5280 5333
5516 5534
5780 5808
6036 6053
6279 6290
6339 6405
6662 6695
6775 6843
6983 7051
7162 7251
7478 7498
7789 7803
7844 8017
8215 8227
8371 8412
8484 8616
8805 8850
9085 9095
9309 9309
9425 9532
9575 9594
9968 9979
210 210
414 426
450 561
831 837
914 1076
1274 1282
1454 1455
1722 1731
1936 1945
2120 2152
2306 2321
2399 2545
2680 2694
3025 3033
3197 3203
3370 3400
3618 3653
3764 3867
4011 4121
4176 4189
4504 4530
4595 4682
4924 4981
5090 5162
5378 5423
5532 5614
5644 5648
6054 6067
6212 6212
6478 6488
6724 6725
6858 6864
7147 7149
7255 7284
7422 7448
7599 7641
7990 8013
8219 8226
8248 8301
8479 8651
8688 8740
8945 9045
9313 9329
9517 9532
9584 9613
9861 9918
209 215
340 414
466 602
766 831
968 993
1196 1294
1347 1493
1521 1549
1797 1869
2036 2140
2238 2259
2555 2603
2685 2758
2853 2927
3227 3246
3338 3456
3673 3684
3812 3847
4091 4122
4323 4333
4425 4503
4769 4772
4880 4952
5039 5155
5275 5411
5486 5607
5837 5846
5925 5998
6134 6197
6307 6379
6633 6643
6779 6925
6975 7002
7364 7367
7484 7502
7708 7784
8001 8001
8162 8181
8458 8462
8570 8578
8790 8828
8926 9029
9198 9317
9480 9537
9681 9701
9785 9953
21 54
234 366
605 608
814 847
910 1032
1285 1286
1404 1509
1557 1677
1830 1864
2035 2159
2296 2368
2527 2597
2744 2788
2856 2929
3193 3233
3332 3468
3594 3594
3727 3892
4005 4025
4179 4294
4394 4425
4636 4660
4779 4988
5050 5092
5284 5285
5613 5619
5839 5851
5869 5909
6285 6288
6327 6491
6714 6719
6778 6900
6968 6978
7173 7268
7568 7588
7710 7712
7967 8028
8212 8213
8432 8462
8480 8595
8796 8881
9072 9107
9235 9325
9448 9477
9703 9735
9836 9856
5 168
301 355
576 581
757 797
880 969
1213 1254
1397 1407
1637 1716
1844 1858
1967 2001
2330 2350
2477 2583
2684 2741
3037 3037
3139 3180
3463 3466
3490 3655
3756 3897
4089 4092
4230 4304
4512 4523
4635 4670
4863 4866
5003 5179
5295 5341
5519 5568
5729 5788
5879 5911
6277 6279
6316 6463
6526 6535
6819 6828
7034 7138
7269 7338
7479 7535
7713 7802
7862 7878
8131 8235
8428 8429
8620 8628
8753 8873
8935 9097
9205 9257
9403 9419
9664 9673
9811 9857
143 144
413 426
484 496
707 807
963 1081
1184 1232
1453 1480
1648 1700
1890 1913
2068 2138
2332 2373
2402 2454
2692 2736
2826 2861
3060 3168
3423 3465
3598 3598
3855 3855
3964 3992
4291 4309
4506 4555
4755 4769
4848 4989
5029 5128
5389 5415
5571 5602
5834 5858
5970 5972
6262 6270
6425 6440
6683 6724
6770 6846
6981 7086
7209 7288
7485 7522
7598 7672
7939 7947
8136 8144
8312 8373
8582 8651
8804 8842
9056 9105
9127 9290
9403 9433
9699 9703
9804 9890
164 189
256 380
518 526
859 865
931 973
1106 1169
1481 1486
1572 1587
1883 1944
2120 2124
2347 2380
2508 2559
2783 2792
2905 2999
3149 3249
3328 3386
3623 3687
3774 3841
3977 4055
4297 4299
4551 4553
4703 4770
4921 4979
5066 5096
5361 5381
5539 5640
5687 5845
5868 5942
6190 6269
6433 6466
6512 6661
6854 6876
7017 7119
7283 7337
7487 7492
7628 7654
7934 7992
8176 8227
8280 8297
8478 8511
8814 8853
9058 9064
9310 9324
9364 9391
9752 9761
9792 9951
77 214
284 290
540 564
719 864
914 954
1209 1275
1321 1369
1609 1708
1894 1942
2103 2128
2332 2376
2459 2530
2626 2754
3001 3034
3201 3251
3405 3441
3532 3549
3874 3894
3982 4037
4230 4336
4416 4508
4683 4756
4877 4911
5184 5198
5263 5406
5524 5552
5781 5825
5985 6011
6212 6289
6306 6501
6658 6683
6877 6922
6985 7004
7360 7367
7404 7573
7616 7746
8006 8010
8071 8093
8313 8359
8579 8671
8739 8844
8926 8987
9143 9181
9389 9415
9595 9597
9858 9955
157 160
311 381
440 502
690 701
1037 1080
1250 1257
1384 1439
1524 1706
1853 1928
2127 2151
2260 2317
2511 2569
2632 2804
2991 2995
3118 3176
3386 3412
3548 3625
3754 3811
3942 3978
4281 4329
4450 4533
4683 4749
4810 4973
5015 5185
5212 5332
5620 5632
5848 5851
5871 5983
6278 6279
6491 6498
6549 6663
6812 6920
6970 7028
7296 7317
7548 7558
7789 7802
8010 8022
8155 8178
8355 8363
8621 8650
8746 8766
9057 9078
9163 9215
9342 9492
9624 9655
9933 9976
87 200
388 409
582 597
670 715
1043 1083
1200 1245
1324 1508
1731 1735
1739 1869
2166 2169
2231 2251
2586 2594
2780 2803
3007 3027
3085 3203
3418 3468
3653 3681
3894 3895
4008 4057
4328 4339
4512 4522
4628 4730
4983 4983
4992 5000
5370 5406
5638 5639
5691 5694
6011 6062
6287 6292
6395 6509
6547 6614
6764 6899
7160 7160
7353 7377
7563 7573
7603 7617
8015 8019
8164 8243
8373 8412
8548 8679
8746 8863
8973 9082
9248 9291
9347 9376
9663 9684
9852 9966
36 157
424 431
438 640
789 813
891 934
1096 1255
1504 1515
1705 1726
1783 1886
2117 2123
2293 2377
2501 2566
2766 2793
2866 2875
3108 3246
3350 3429
3527 3546
3882 3882
3984 4117
4201 4232
4525 4550
4578 4578
4930 4968
5097 5163
5394 5420
5472 5631
5749 5848
5943 5991
6091 6224
6505 6508
6688 6703
6788 6837
6961 7048
7343 7350
7525 7571
7730 7755
7838 7977
8144 8178
8262 8325
8612 8634
8747 8756
8913 8925
9293 9325
9446 9475
9587 9653
9846 9906
33 43
319 347
598 636
734 827
939 984
1101 1271
1500 1515
1525 1636
1907 1942
2090 2157
2177 2265
2515 2528
2731 2739
2980 2998
3092 3105
3341 3446
3506 3552
3805 3866
3999 4058
4197 4215
4405 4426
4671 4772
4818 4869
5019 5204
5237 5297
5435 5637
5788 5818
5903 5937
6127 6263
6438 6485
6602 6623
6872 6872
7062 7119
7247 7349
7485 7494
7698 7764
7900 7991
8233 8244
8331 8352
8488 8516
8740 8843
8973 9024
9191 9307
9346 9451
9559 9572
9778 9804
20 162
327 374
462 476
765 782
961 995
1161 1187
1499 1502
1571 1670
1742 1930
1994 2122
2280 2330
2450 2542
2782 2794
2921 2927
3203 3244
3459 3462
3585 3589
3737 3765
4040 4084
4336 4338
4485 4542
4761 4762
4957 4975
5098 5105
5414 5415
5523 5545
5849 5857
5903 6053
6289 6292
6446 6464
6624 6660
6903 6937
7074 7125
7227 7244
7515 7560
7716 7735
7929 8026
8095 8139
8426 8451
8658 8676
8685 8853
9063 9095
9309 9328
9349 9386
9665 9744
9876 9940
210 211
238 249
484 587
721 791
888 935
1176 1285
1419 1443
1685 1687
1786 1798
2061 2169
2306 2349
2513 2521
2734 2788
3006 3016
3127 3232
3294 3390
3664 3679
3880 3884
3936 4101
4199 4339
4492 4538
4654 4717
4782 4790
5125 5134
5252 5383
5485 5497
5722 5821
6067 6069
6190 6277
6410 6507
6702 6713
6822 6880
6979 7132
7322 7339
7577 7585
7692 7752
7999 8020
8049 8126
8426 8455
8639 8675
8885 8894
8948 9102
9121 9212
9490 9509
9629 9694
9813 9886
84 130
403 410
591 648
806 814
1067 1083
1286 1289
1311 1431
1612 1695
1768 1932
1972 1990
2268 2297
2544 2585
2767 2816
2998 3016
3129 3234
3456 3469
3618 3687
3789 3856
3918 3922
4293 4331
4480 4522
4619 4679
4819 4955
5199 5201
5241 5288
5464 5580
5672 5825
6012 6061
6130 6200
6323 6406
6527 6639
6906 6907
6997 7065
7342 7350
7396 7454
7748 7759
7906 7982
8183 8234
8261 8278
8565 8595
8877 8891
9079 9094
9131 9187
9332 9403
9574 9682
9946 9981
209 213
286 390
600 617
850 867
984 1074
1272 1295
1503 1511
1720 1733
1828 1866
2140 2157
2377 2384
2446 2456
2691 2813
3018 3028
3175 3182
3304 3311
3534 3639
3777 3891
4055 4065
4192 4335
4446 4450
4692 4738
4873 4944
5202 5205
5295 5342
5503 5558
5649 5705
6065 6069
6270 6284
6395 6424
6609 6622
6786 6787
7024 7045
7183 7246
7475 7532
7659 7760
7896 7925
8058 8191
8375 8421
8572 8604
8855 8863
8917 8954
9214 9326
9400 9501
9755 9757
9947 9949
101 104
286 293
435 550
733 827
1028 1081
1177 1245
1327 1396
1619 1697
1769 1866
1999 2087
2226 2240
2438 2584
2742 2761
2931 3020
3253 3254
3464 3470
3548 3677
3818 3833
3954 4000
4255 4286
4372 4378
4751 4767
4787 4882
5112 5151
5402 5404
5509 5605
5858 5858
5892 6002
6211 6223
6450 6473
6582 6632
6786 6849
7107 7142
7188 7267
7507 7581
7621 7664
7824 7936
8045 8145
8283 8338
8557 8565
8801 8861
9084 9098
9254 9306
9519 9547
9749 9751
9795 9895
76 173
241 393
486 521
824 854
1003 1037
1091 1158
1489 1492
1625 1722
1753 1768
1960 1969
2218 2237
2424 2499
2789 2809
2964 3011
3193 3220
3442 3456
3507 3593
3781 3884
4004 4004
4150 4154
4408 4425
4716 4735
4836 4913
5192 5193
5344 5412
5449 5581
5736 5858
6073 6075
6224 6236
6341 6470
6625 6681
6813 6930
6999 7127
7303 7323
7453 7518
7769 7779
7855 8003
8139 8228
8415 8417
8596 8649
8740 8809
8952 9052
9250 9330
9482 9512
9716 9745
9772 9842
76 195
260 303
444 531
740 864
880 888
1135 1286
1432 1497
1628 1662
1917 1943
2127 2155
2203 2380
2398 2557
2623 2680
2998 2999
3122 3235
3285 3343
3647 3647
3812 3813
4113 4120
4338 4338
4384 4497
4702 4714
4956 4967
5128 5149
5248 5269
5524 5560
5840 5841
5958 5964
6177 6203
6472 6499
6699 6718
6920 6927
6950 7143
7315 7318
7534 7559
7693 7791
7958 7983
8086 8195
8324 8378
8671 8676
8849 8859
9040 9090
9216 9284
9333 9394
9574 9635
9874 9939
169 182
370 413
518 524
791 812
925 1083
1290 1299
1487 1490
1534 1606
1784 1945
2056 2102
2271 2277
2424 2595
2740 2768
2933 2982
3202 3203
3405 3439
3497 3661
3874 3904
4039 4057
4214 4274
4362 4473
4566 4769
4792 4953
4996 5077
5247 5347
5499 5616
5720 5782
5915 5960
6098 6274
6481 6505
6534 6550
6855 6901
6964 7073
7274 7281
7507 7550
7599 7741
7815 7973
8186 8228
8456 8458
8506 8608
8689 8747
9030 9065
9209 9307
9347 9353
9760 9762
9894 9946
177 177
273 296
482 515
766 768
983 985
1201 1222
1500 1513
1663 1720
1943 1948
1982 2031
2285 2375
2471 2485
2621 2712
2826 2841
3170 3171
3396 3448
3569 3599
3870 3875
4013 4059
4164 4321
4410 4452
4692 4726
4949 4969
5107 5135
5221 5239
5529 5531
5659 5816
5978 5986
6219 6247
6471 6490
6638 6648
6818 6841
6967 7115
7232 7296
7480 7579
7703 7731
7897 8027
8102 8177
8335 8355
8574 8673
8838 8880
9084 9099
9262 9262
9511 9515
9599 9733
9878 9879
84 216
378 407
524 552
751 842
1080 1082
1184 1211
1472 1487
1587 1720
1880 1951
2037 2047
2291 2366
2474 2515
2792 2807
2847 2854
3064 3221
3420 3435
3611 3645
3893 3896
4054 4099
4186 4333
4370 4507
4626 4719
4835 4877
5032 5084
5370 5380
5433 5487
5665 5750
5933 6046
6151 6161
6348 6398
6654 6685
6784 6816
7079 7084
7204 7341
7565 7578
7769 7811
7983 8022
8058 8243
8293 8298
8567 8617
8779 8841
9106 9108
9208 9258
9428 9510
9622 9758
9959 9959
105 211
420 427
465 649
817 823
977 990
1093 1158
1352 1483
1703 1719
1819 1853
1956 2099
2196 2207
2503 2593
2633 2712
3021 3021
3226 3240
3264 3347
3496 3515
3738 3870
4050 4107
4332 4335
4432 4484
4603 4671
4850 4985
5114 5157
5285 5402
5516 5519
5655 5814
5968 6048
6169 6257
6325 6441
6624 6717
6760 6920
7105 7116
7319 7372
7495 7560
7716 7798
7902 7940
8104 8114
8320 8419
8630 8644
8850 8876
9060 9065
9256 9322
9493 9520
9657 9747
9791 9979
110 137
286 405
474 521
707 804
884 958
1178 1189
1306 1335
1627 1651
1787 1841
2045 2117
2186 2350
2444 2551
2722 2752
2885 2979
3091 3201
3365 3366
3578 3630
3711 3716
4048 4118
4140 4244
4531 4541
4564 4630
4795 4850
5164 5178
5396 5400
5545 5553
5831 5846
5903 6067
6082 6198
6461 6463
6639 6655
6788 6817
7118 7129
7261 7320
7565 7570
7618 7720
7828 7861
8244 8244
8256 8302
8560 8637
8807 8851
8940 8994
9250 9320
9461 9500
9673 9702
9905 9919
