4615
174 196
352 424
463 583
869 901
922 1024
1290 1347
1429 1435
1775 1779
1831 1900
2141 2147
2388 2452
2677 2718
2802 2855
3080 3151
3269 3299
3596 3613
3768 3834
3902 4055
4223 4267
4429 4515
4694 4737
4915 4976
5202 5207
5401 5430
5653 5660
5707 5793
6053 6114
6338 6347
6530 6567
6766 6773
6848 7012
7123 7222
7299 7428
7553 7646
7749 7847
7986 8039
8325 8348
8460 8461
8656 8694
8923 8936
9178 9244
9354 9420
9583 9726
9931 9932
139 167
452 453
481 518
803 856
962 1024
1255 1293
1546 1578
1726 1814
1996 2018
2195 2254
2396 2441
2667 2689
2839 2847
3003 3129
3210 3315
3462 3541
3698 3848
4059 4078
4200 4205
4352 4414
4672 4687
4968 4969
5007 5206
5384 5385
5460 5548
5707 5795
6123 6124
6292 6317
6574 6580
6587 6692
7000 7018
7181 7244
7427 7480
7657 7668
7882 7910
8141 8156
8231 8388
8573 8581
8752 8782
8911 9048
9287 9288
9440 9506
9626 9683
9811 9817
117 211
305 392
466 498
832 854
909 966
1237 1332
1481 1568
1810 1812
1987 2012
2205 2234
2299 2426
2576 2634
2848 2877
3014 3174
3222 3227
3503 3602
3739 3779
4060 4076
4208 4229
4385 4530
4689 4749
4949 4984
5142 5177
5415 5447
5481 5555
5780 5862
6125 6127
6168 6330
6421 6564
6628 6796
6901 7034
7119 7253
7408 7445
7649 7695
7934 7944
8010 8170
8179 8349
8608 8616
8666 8832
9036 9057
9247 9295
9341 9509
9702 9753
9779 9912
67 115
383 427
519 643
898 906
1034 1103
1240 1295
1434 1481
1790 1814
1992 2017
2251 2265
2446 2474
2608 2647
2818 2937
3043 3141
3222 3366
3580 3589
3684 3725
3886 3941
4188 4271
4418 4428
4564 4696
4984 4993
5035 5140
5442 5444
5641 5662
5683 5750
6006 6040
6158 6307
6538 6554
6712 6780
6964 7010
7202 7226
7390 7440
7651 7717
7862 7942
8022 8099
8279 8288
8530 8601
8679 8804
8941 9074
9222 9301
9458 9533
9739 9755
9793 9822
117 117
230 378
591 667
684 855
1012 1094
1307 1349
1404 1423
1800 1806
1891 2000
2242 2243
2362 2484
2558 2582
2747 2930
3124 3158
3298 3402
3440 3520
3731 3790
4025 4031
4103 4277
4526 4539
4626 4704
4983 4986
5033 5117
5432 5447
5553 5635
5865 5880
6015 6100
6317 6334
6480 6573
6679 6743
6894 7015
7076 7200
7413 7423
7663 7696
7797 7894
8156 8169
8333 8395
8530 8568
8672 8695
8956 8992
9124 9142
9480 9484
9537 9681
9797 9915
36 148
317 379
538 591
722 854
989 1020
1329 1334
1366 1585
1741 1800
1945 1970
2262 2267
2298 2429
2562 2635
2769 2775
3174 3175
3334 3382
3506 3614
3779 3855
3976 3992
4158 4275
4385 4536
4754 4762
4863 4928
5158 5217
5357 5404
5654 5662
5745 5812
6012 6035
6233 6302
6576 6579
6719 6745
6894 6981
7090 7213
7454 7458
7637 7703
7874 7920
8096 8111
8339 8349
8547 8548
8636 8732
9022 9057
9182 9212
9357 9371
9618 9634
9827 9950
224 226
264 418
575 664
785 878
1032 1092
1154 1191
1386 1560
1763 1788
2037 2042
2044 2228
2291 2429
2608 2639
2760 2825
3089 3112
3308 3353
3618 3626
3798 3824
3860 3957
4135 4301
4350 4387
4709 4736
4901 4916
5130 5178
5257 5294
5635 5639
5857 5866
6046 6091
6144 6336
6428 6463
6748 6758
7025 7033
7101 7147
7473 7478
7588 7684
7873 7877
7987 8024
8231 8245
8532 8539
8841 8852
8983 9052
9133 9144
9442 9450
9620 9693
9808 9927
77 181
329 349
467 467
705 714
941 1054
1246 1300
1586 1587
1717 1784
1871 2035
2100 2238
2436 2453
2537 2715
2950 2950
3019 3080
3312 3371
3545 3625
3734 3801
3861 3965
4161 4195
4383 4488
4720 4722
4878 4975
5052 5209
5310 5331
5550 5611
5834 5883
5928 5979
6322 6354
6430 6456
6615 6666
6952 6973
7132 7161
7376 7389
7670 7701
7771 7838
8128 8132
8289 8394
8541 8603
8720 8735
8985 9069
9280 9302
9458 9512
9692 9742
9812 9924
162 164
440 443
652 654
748 848
965 1126
1179 1182
1559 1569
1637 1722
1880 2013
2219 2222
2317 2473
2539 2604
2942 2947
3165 3175
3374 3382
3625 3630
3756 3846
4033 4073
4274 4302
4367 4444
4567 4574
4793 4827
5158 5159
5226 5318
5586 5600
5778 5855
6076 6125
6173 6293
6437 6490
6608 6777
6868 7023
7111 7226
7277 7284
7697 7705
7754 7932
7969 8029
8228 8312
8589 8604
8701 8809
8944 9045
9233 9272
9524 9529
9749 9760
9800 9954
106 107
259 402
597 601
766 868
1132 1132
1270 1282
1455 1568
1651 1744
1945 2017
2151 2194
2343 2400
2513 2691
2779 2913
2967 3020
3320 3352
3449 3528
3673 3700
4029 4074
4112 4214
4518 4529
4579 4744
4886 4908
5171 5215
5264 5419
5614 5658
5842 5865
5988 5997
6303 6346
6365 6455
6772 6787
7003 7014
7067 7180
7466 7490
7704 7712
7896 7896
8005 8167
8230 8268
8610 8615
8723 8799
8956 8972
9143 9228
9362 9390
9674 9713
9763 9816
34 132
411 435
478 516
695 807
1051 1061
1321 1343
1420 1423
1766 1799
1917 2016
2126 2220
2475 2490
2505 2683
2815 2852
3147 3172
3191 3378
3568 3578
3754 3756
3960 4065
4269 4294
4461 4518
4554 4589
4795 4889
5162 5166
5423 5433
5621 5648
5881 5884
5910 5949
6347 6355
6515 6527
6604 6755
6907 6908
7072 7101
7382 7468
7709 7717
7749 7904
8033 8040
8218 8345
8559 8588
8736 8751
9009 9056
9184 9278
9366 9371
9605 9701
9891 9979
163 208
309 355
586 650
823 880
1094 1106
1182 1273
1576 1583
1742 1797
1847 1882
2115 2116
2457 2477
2560 2681
2739 2818
3089 3124
3312 3324
3430 3470
3834 3845
4005 4013
4200 4235
4468 4494
4734 4755
4901 4928
5013 5124
5397 5438
5665 5666
5731 5814
5941 6034
6270 6315
6367 6410
6605 6608
6883 7022
7087 7161
7401 7433
7510 7670
7908 7930
8146 8162
8398 8398
8619 8624
8631 8850
8922 9051
9263 9299
9324 9395
9638 9743
9777 9872
8 222
260 379
606 612
861 899
1018 1067
1155 1223
1577 1588
1781 1782
1838 1969
2264 2266
2396 2405
2714 2721
2909 2916
3020 3149
3378 3400
3549 3564
3697 3841
4066 4069
4124 4296
4401 4431
4717 4752
4889 4941
5146 5155
5266 5405
5607 5665
5685 5885
5954 6039
6238 6246
6530 6543
6763 6769
6955 6976
7211 7230
7480 7490
7629 7714
7854 7934
8052 8074
8351 8358
8448 8496
8784 8801
8884 9002
9092 9177
9452 9504
9552 9604
9977 9985
167 190
403 453
596 680
800 902
1055 1068
1159 1230
1472 1579
1731 1813
1997 2024
2117 2142
2282 2461
2581 2632
2897 2950
3097 3145
3352 3357
3499 3500
3787 3853
3875 3989
4221 4311
4435 4478
4660 4660
4987 4992
5187 5192
5281 5337
5554 5557
5724 5838
5960 6023
6253 6348
6400 6515
6725 6728
7009 7009
7247 7252
7312 7485
7686 7697
7915 7920
8051 8171
8326 8392
8530 8591
8791 8807
9037 9060
9226 9249
9465 9530
9643 9686
9781 9963
47 58
278 406
584 589
811 861
1071 1121
1314 1356
1367 1559
1699 1765
2011 2013
2217 2222
2446 2496
2689 2709
2832 2950
3077 3092
3227 3256
3459 3579
3823 3828
4027 4053
4286 4294
4431 4483
4607 4726
4800 4809
5205 5220
5244 5375
5539 5664
5823 5839
6100 6105
6335 6343
6385 6391
6790 6793
6934 6961
7210 7254
7434 7455
7688 7690
7920 7926
8062 8079
8308 8308
8434 8504
8821 8844
8857 9012
9123 9215
9351 9411
9682 9713
9801 9861
120 204
239 280
512 611
880 880
1113 1127
1354 1361
1468 1489
1662 1757
1988 2018
2136 2247
2426 2455
2562 2566
2750 2933
3013 3041
3199 3282
3538 3589
3725 3788
4075 4084
4121 4214
4396 4519
4623 4675
4992 4993
5176 5184
5248 5402
5537 5580
5817 5848
6004 6076
6150 6188
6565 6582
6605 6754
6974 7005
7082 7158
7390 7426
7664 7695
7867 7872
8033 8046
8284 8369
8428 8557
8815 8846
8920 8994
9131 9295
9475 9508
9598 9705
9959 9986
6 201
378 436
548 641
687 688
1081 1129
1242 1330
1487 1586
1670 1800
1946 1992
2149 2247
2288 2413
2707 2710
2755 2943
2975 3036
3399 3400
3566 3601
3665 3779
4081 4081
4216 4307
4328 4499
4755 4757
4843 4932
5010 5015
5231 5424
5455 5545
5886 5897
5936 6105
6232 6270
6542 6579
6779 6782
6944 7008
7253 7262
7317 7370
7553 7566
7862 7909
7962 8112
8273 8386
8489 8582
8645 8722
8962 9022
9216 9236
9380 9420
9578 9701
9916 9960
8 214
275 397
637 664
799 891
1003 1003
1336 1352
1441 1497
1725 1748
1968 1977
2137 2141
2368 2420
2532 2685
2853 2894
3084 3154
3365 3375
3484 3518
3684 3813
4058 4064
4104 4165
4437 4533
4705 4717
4814 4901
5216 5217
5421 5440
5629 5644
5694 5786
5939 6100
6245 6336
6464 6505
6780 6797
6870 7020
7228 7234
7455 7469
7527 7647
7855 7920
8028 8049
8304 8391
8622 8622
8711 8827
8896 8959
9279 9282
9465 9487
9539 9641
9776 9803
136 156
272 370
471 529
772 875
1132 1133
1181 1263
1578 1580
1642 1781
1859 2015
2189 2223
2274 2466
2628 2705
2852 2918
3006 3056
3222 3317
3563 3603
3818 3822
4053 4070
4260 4263
4324 4436
4712 4751
4981 4992
5069 5191
5340 5421
5499 5512
5817 5826
5946 5951
6208 6307
6385 6387
6705 6711
6952 6975
7077 7176
7444 7459
7608 7658
7903 7923
8059 8140
8275 8304
8438 8472
8830 8843
8868 8955
9177 9214
9319 9521
9564 9752
9903 9939
100 144
229 244
585 590
808 900
920 1118
1320 1353
1535 1567
1783 1802
2042 2042
2130 2140
2447 2472
2583 2636
2923 2925
2987 3037
3283 3374
3627 3630
3679 3845
3967 4067
4096 4133
4481 4490
4709 4762
4902 4911
5024 5211
5424 5438
5483 5553
5689 5875
5985 6041
6330 6332
6461 6514
6809 6809
6901 6995
7174 7201
7350 7490
7550 7631
7808 7849
8068 8130
8352 8368
8541 8589
8782 8789
8930 9074
9262 9281
9394 9517
9567 9718
9802 9961
54 211
242 355
674 679
793 832
1073 1099
1181 1228
1534 1534
1606 1701
1896 2005
2139 2259
2424 2460
2666 2690
2946 2949
3002 3171
3290 3305
3494 3561
3737 3753
4018 4072
4253 4263
4512 4534
4595 4610
4966 4975
5127 5149
5273 5288
5630 5673
5773 5875
6125 6125
6167 6168
6575 6578
6678 6801
6945 7034
7064 7196
7383 7389
7584 7658
7778 7941
8156 8161
8355 8397
8459 8562
8743 8852
8958 9060
9116 9139
9377 9419
9565 9589
9919 9920
137 141
427 451
633 657
907 907
913 984
1289 1313
1485 1588
1616 1815
1922 1989
2238 2249
2486 2487
2652 2704
2925 2926
3024 3027
3281 3328
3581 3614
3857 3857
4070 4081
4274 4291
4447 4497
4736 4765
4840 4979
5036 5142
5371 5419
5658 5660
5715 5763
5948 6092
6271 6346
6502 6525
6774 6775
6880 6915
7118 7189
7469 7471
7537 7671
7819 7858
8170 8170
8387 8398
8548 8563
8819 8845
8991 8993
9234 9272
9495 9531
9585 9749
9852 9921
213 221
251 280
518 558
799 893
1020 1058
1234 1330
1576 1584
1680 1741
1875 2003
2060 2249
2322 2457
2681 2697
2860 2925
3066 3153
3220 3337
3489 3629
3781 3781
4075 4078
4288 4308
4536 4539
4543 4653
4773 4774
5089 5212
5410 5428
5545 5638
5701 5726
5923 6062
6212 6307
6498 6561
6756 6787
7013 7023
7039 7254
7411 7443
7627 7706
7817 7906
7958 8002
8311 8351
8509 8573
8659 8684
8958 9051
9226 9303
9492 9508
9586 9745
9872 9883
196 210
390 400
559 669
746 852
994 1096
1171 1209
1386 1520
1758 1785
1852 2040
2081 2166
2448 2493
2579 2625
2890 2937
3077 3175
3387 3398
3506 3583
3715 3731
3999 4027
4245 4299
4345 4504
4601 4694
4782 4864
5173 5188
5415 5424
5663 5669
5701 5764
6065 6100
6292 6307
6491 6532
6689 6771
6820 6998
7204 7226
7327 7383
7678 7706
7782 7908
7970 7985
8362 8379
8597 8598
8768 8799
8981 9033
9082 9116
9313 9503
9603 9726
9805 9982
201 214
335 442
629 667
832 886
959 985
1349 1358
1384 1408
1757 1805
2013 2034
2151 2245
2417 2488
2615 2700
2759 2778
3133 3143
3323 3365
3416 3446
3659 3771
3968 3983
4159 4281
4432 4459
4600 4635
4887 4993
5197 5219
5310 5432
5487 5668
5791 5868
6090 6111
6333 6349
6448 6531
6663 6750
6901 7008
7155 7212
7401 7476
7534 7594
7831 7866
8070 8130
8256 8327
8514 8578
8668 8716
9026 9073
9167 9171
9491 9498
9613 9708
9953 9971
167 196
230 350
621 630
703 772
1019 1111
1279 1361
1462 1529
1734 1737
1848 2037
2050 2087
2391 2440
2556 2585
2875 2888
3151 3175
3352 3361
3557 3571
3777 3786
3875 3987
4186 4205
4417 4441
4614 4762
4963 4987
5056 5181
5307 5396
5529 5672
5828 5830
6065 6110
6215 6239
6442 6504
6683 6794
6962 6963
7070 7166
7328 7372
7677 7679
7858 7895
8117 8125
8318 8363
8565 8588
8666 8759
8957 9010
9148 9297
9321 9330
9603 9759
9882 9981
118 196
290 388
638 644
749 761
1075 1096
1289 1301
1467 1508
1752 1808
1839 1982
2249 2258
2334 2493
2548 2652
2857 2872
2994 3135
3364 3364
3443 3518
3768 3847
3933 4058
4215 4268
4510 4529
4729 4729
4889 4903
5119 5154
5279 5421
5611 5636
5780 5809
5907 6117
6236 6282
6504 6575
6773 6793
6980 6999
7093 7210
7481 7488
7562 7671
7873 7874
8069 8094
8316 8317
8450 8469
8803 8841
8969 9074
9097 9105
9391 9523
9621 9752
9880 9912
164 181
325 382
619 655
830 868
1072 1112
1213 1233
1556 1585
1813 1814
1924 1956
2188 2236
2328 2429
2553 2644
2833 2861
3066 3144
3381 3389
3508 3592
3712 3841
3885 4038
4263 4300
4519 4534
4578 4623
4959 4990
5012 5211
5321 5390
5628 5636
5848 5866
6052 6082
6239 6252
6380 6428
6769 6773
7014 7014
7085 7173
7312 7366
7698 7701
7772 7784
8032 8160
8261 8324
8470 8618
8649 8772
9068 9070
9234 9294
9422 9443
9712 9733
9896 9896
222 224
264 421
493 544
829 844
1131 1131
1263 1323
1488 1488
1664 1790
2013 2021
2093 2166
2408 2430
2549 2708
2850 2947
3016 3171
3261 3298
3478 3512
3808 3815
3931 3972
4209 4257
4471 4534
4611 4678
4945 4993
5046 5102
5407 5410
5543 5563
5828 5898
6116 6127
6196 6313
6409 6458
6771 6784
6839 7002
7139 7172
7269 7403
7524 7541
7849 7890
8132 8171
8180 8198
8521 8594
8784 8815
8864 9029
9305 9306
9328 9427
9628 9681
9932 9955
199 216
433 434
626 667
883 899
1086 1088
1167 1211
1401 1442
1794 1813
1835 2019
2093 2187
2328 2443
2573 2669
2889 2900
2953 3098
3348 3404
3537 3630
3642 3734
3939 3968
4282 4305
4354 4369
4636 4693
4972 4973
5199 5199
5245 5285
5609 5639
5889 5895
5963 6050
6140 6262
6511 6531
6662 6767
6819 7014
7083 7134
7463 7469
7605 7667
7743 7911
8157 8166
8242 8263
8468 8538
8788 8804
8922 8962
9177 9197
9509 9527
9739 9759
9978 9981
203 224
291 345
618 629
833 837
996 1024
1329 1347
1468 1469
1734 1768
1856 1890
2067 2253
2488 2493
2665 2686
2926 2947
2999 3150
3346 3351
3467 3504
3838 3852
3952 4058
4229 4276
4532 4533
4714 4726
4967 4970
4997 5166
5446 5447
5667 5668
5836 5896
5975 6008
6298 6329
6533 6551
6628 6673
6865 6919
7050 7197
7364 7365
7520 7568
7856 7858
7999 8035
8228 8228
8414 8421
8753 8839
8887 8893
9272 9289
9440 9471
9676 9696
9815 9830
139 190
432 444
560 635
729 732
1121 1133
1166 1186
1534 1581
1617 1682
1868 1898
2098 2136
2314 2340
2500 2537
2747 2781
3158 3167
3222 3307
3521 3622
3778 3825
3961 3973
4285 4300
4325 4367
4707 4712
4862 4886
5035 5152
5420 5420
5555 5576
5794 5856
5995 6034
6166 6220
6453 6518
6801 6802
6882 7026
7136 7167
7320 7373
7692 7694
7745 7797
8136 8138
8271 8281
8534 8564
8843 8843
8892 8997
9115 9161
9318 9495
9658 9731
9942 9972
115 201
301 411
626 673
875 883
1042 1123
1253 1322
1416 1448
1725 1795
2010 2032
2153 2185
2466 2486
2595 2663
2759 2938
3002 3127
3333 3386
3531 3592
3639 3722
4073 4079
4120 4298
4344 4388
4651 4702
4949 4952
5128 5197
5244 5388
5512 5569
5774 5794
6100 6106
6313 6322
6558 6577
6645 6799
6886 6924
7131 7205
7280 7490
7711 7714
7900 7942
8048 8170
8334 8334
8590 8623
8845 8846
9077 9078
9101 9276
9523 9527
9751 9752
9918 9947
158 216
400 406
501 609
732 809
1118 1119
1253 1349
1385 1426
1727 1754
1884 2007
2048 2075
2457 2487
2517 2720
2811 2839
3071 3086
3392 3402
3406 3487
3732 3773
3890 4077
4172 4271
4536 4539
4581 4766
4810 4946
5010 5151
5312 5395
5637 5664
5691 5867
6026 6101
6263 6348
6544 6544
6693 6715
6851 6968
7211 7211
7340 7438
7683 7704
7759 7794
8153 8168
8190 8226
8417 8624
8800 8836
8885 8963
9296 9301
9498 9508
9639 9728
9863 9898
46 226
293 312
640 663
836 849
1102 1116
1242 1358
1388 1487
1622 1707
1957 2004
2268 2268
2313 2443
2694 2712
2806 2907
3153 3161
3265 3353
3554 3565
3832 3844
4060 4074
4230 4258
4521 4532
4734 4753
4802 4883
5162 5218
5410 5436
5533 5608
5780 5810
6122 6128
6231 6231
6470 6523
6674 6759
6895 6943
7178 7205
7274 7333
7711 7716
7939 7940
8029 8121
8356 8362
8619 8620
8772 8850
9011 9058
9155 9171
9367 9368
9697 9735
9968 9978
45 51
239 271
611 624
690 701
916 930
1298 1298
1568 1581
1792 1815
1987 2003
2084 2231
2321 2336
2636 2652
2842 2949
3072 3096
3280 3311
3589 3623
3717 3735
4075 4075
4228 4291
4420 4530
4578 4618
4824 4882
5189 5198
5316 5330
5571 5599
5824 5886
6084 6126
6146 6226
6582 6582
6735 6800
6867 7030
7088 7176
7399 7438
7572 7573
7822 7867
8129 8149
8233 8334
8486 8494
8654 8699
8918 9034
9293 9300
9362 9453
9648 9748
9878 9912
205 224
315 422
602 603
907 907
1096 1125
1177 1289
1513 1554
1650 1815
2009 2025
2150 2262
2333 2420
2506 2714
2762 2818
2989 3142
3282 3370
3426 3535
3745 3819
4074 4076
4249 4276
4335 4472
4552 4604
4813 4988
5054 5196
5431 5436
5667 5667
5774 5829
5961 6060
6348 6351
6362 6518
6784 6787
6944 7031
7113 7173
7266 7317
7649 7688
7822 7870
8036 8145
8363 8379
8545 8569
8720 8730
9054 9077
9211 9218
9382 9421
9660 9682
9977 9978
181 198
303 368
463 495
810 858
1099 1114
1299 1345
1381 1400
1706 1783
1951 2042
2077 2116
2391 2495
2575 2649
2930 2941
2971 3069
3345 3367
3589 3600
3634 3782
4017 4040
4298 4305
4489 4494
4619 4621
4804 4979
5091 5203
5233 5408
5594 5611
5883 5900
5971 6049
6174 6238
6390 6456
6713 6798
6994 7001
7055 7108
7458 7485
7500 7684
7791 7941
8052 8100
8215 8348
8549 8597
8755 8776
8893 9022
9201 9297
9382 9497
9714 9750
9818 9885
59 186
380 419
680 680
895 899
1081 1115
1328 1344
1413 1479
1692 1786
1821 1879
2165 2269
2308 2311
2637 2677
2870 2879
3102 3123
3288 3371
3606 3629
3671 3808
3928 3958
4272 4310
4424 4481
4617 4681
4904 4924
5170 5213
5268 5384
5569 5663
5763 5778
5958 6128
6330 6350
6506 6576
6774 6791
6899 6991
7118 7225
7426 7451
7494 7639
7920 7937
8007 8109
8195 8297
8443 8608
8800 8850
9067 9067
9149 9288
9492 9507
9561 9589
9885 9902
22 138
253 354
525 529
904 905
927 1014
1329 1340
1455 1492
1805 1809
1831 1867
2110 2237
2488 2492
2585 2594
2920 2940
2960 2973
3232 3360
3418 3586
3830 3838
4048 4075
4125 4200
4372 4519
4761 4763
4880 4968
5158 5176
5443 5447
5671 5673
5811 5865
5916 5921
6331 6344
6461 6569
6604 6801
6846 6961
7159 7251
7449 7455
7705 7717
7803 7852
8079 8160
8369 8397
8461 8565
8673 8745
8944 9049
9222 9246
9531 9532
9598 9668
9806 9829
208 217
258 413
471 479
758 758
1019 1073
1201 1216
1507 1533
1804 1805
1863 1896
2044 2150
2452 2495
2670 2698
2925 2931
3103 3118
3381 3396
3471 3617
3726 3732
3967 3978
4157 4225
4493 4524
4578 4731
4888 4914
5182 5183
5328 5428
5576 5613
5876 5880
5952 6121
6198 6313
6555 6573
6668 6683
6946 6966
7218 7263
7430 7458
7523 7662
7806 7915
8170 8170
8196 8264
8566 8613
8723 8734
9052 9057
9086 9147
9529 9530
9690 9760
9790 9921
127 162
443 449
660 662
842 885
1041 1092
1150 1310
1476 1583
1611 1617
1909 1937
2253 2255
2296 2400
2644 2697
2946 2950
3140 3155
3355 3380
3630 3631
3830 3856
4032 4082
4114 4294
4438 4489
4663 4700
4977 4988
5093 5106
5304 5325
5630 5674
5804 5870
6094 6113
6219 6285
6561 6561
6639 6800
6848 7010
7064 7227
7426 7469
7582 7694
7786 7824
8153 8169
8340 8389
8499 8587
8717 8829
8892 8929
9096 9277
9376 9402
9628 9656
9778 9955
100 114
384 394
536 661
775 901
1104 1123
1246 1330
1562 1585
1815 1815
2042 2042
2168 2250
2429 2488
2529 2561
2847 2926
3000 3133
3225 3291
3420 3602
3823 3838
3908 3974
4141 4191
4515 4538
4554 4649
4809 4962
5202 5208
5308 5397
5515 5588
5709 5783
5993 6119
6321 6345
6471 6540
6712 6753
7013 7026
7069 7157
7444 7472
7601 7640
7735 7762
8036 8125
8221 8375
8621 8625
8697 8818
9039 9079
9125 9207
9471 9514
9716 9752
9858 9892
9 156
401 406
525 601
871 892
1000 1134
1272 1357
1521 1555
1746 1750
1829 1860
2058 2231
2292 2419
2723 2723
2791 2834
3043 3079
3399 3400
3569 3623
3825 3855
3925 4047
4163 4238
4352 4444
4751 4764
4950 4962
5075 5093
5268 5348
5517 5647
5753 5868
6113 6127
6162 6223
6359 6575
6768 6783
6940 6943
7092 7230
7488 7490
7637 7657
7773 7942
7972 8140
8305 8386
8460 8566
8640 8749
8973 9079
9086 9218
9400 9413
9595 9713
9810 9858
85 163
318 370
516 646
873 879
910 941
1350 1354
1480 1586
1646 1729
2023 2034
2045 2045
2454 2457
2712 2719
2750 2900
3093 3126
3275 3276
3407 3615
3743 3820
3980 3981
4169 4230
4396 4422
4574 4737
4943 4943
5017 5176
5396 5406
5641 5667
5769 5803
5957 6002
6250 6282
6386 6485
6804 6809
7001 7008
7090 7112
7472 7488
7539 7697
7780 7807
8027 8051
8275 8302
8495 8580
8783 8831
8901 8981
9137 9260
9371 9393
9575 9649
9940 9960
143 218
314 375
639 655
732 793
1001 1040
1163 1297
1428 1437
1804 1806
1872 1997
2240 2260
2406 2436
2653 2694
2833 2908
3167 3173
3186 3275
3565 3623
3800 3852
3900 4018
4289 4304
4455 4478
4606 4680
4879 4912
5196 5220
5364 5378
5649 5663
5831 5853
5976 6103
6321 6334
6409 6450
6653 6722
6925 6980
7259 7262
7469 7478
7514 7625
7790 7886
8060 8124
8197 8304
8613 8616
8661 8823
9040 9074
9167 9231
9510 9521
9612 9651
9814 9971
53 173
380 424
476 677
771 814
1089 1121
1210 1359
1519 1583
1736 1737
2033 2041
2067 2084
2422 2482
2698 2714
2853 2944
3013 3055
3322 3342
3532 3593
3668 3698
4059 4064
4142 4147
4460 4538
4598 4755
4848 4957
5001 5180
5390 5414
5556 5649
5891 5899
5937 6021
6352 6354
6550 6563
6661 6687
7001 7032
7131 7211
7420 7464
7644 7655
7938 7943
8056 8147
8275 8335
8442 8462
8645 8782
8886 8965
9296 9297
9407 9506
9594 9618
9765 9872
86 210
233 267
650 662
781 860
1047 1107
1351 1353
1438 1480
1698 1804
1894 2022
2147 2177
2306 2345
2723 2723
2916 2940
2995 3022
3198 3348
3523 3551
3815 3837
3931 3981
4245 4288
4415 4457
4675 4744
4903 4976
5083 5097
5396 5402
5479 5508
5831 5880
6058 6093
6324 6339
6450 6577
6781 6791
7025 7028
7257 7263
7490 7490
7715 7716
7808 7850
8006 8065
8214 8249
8455 8488
8791 8804
9020 9057
9112 9238
9482 9512
9665 9719
9957 9980
220 222
278 381
527 546
727 755
1074 1126
1160 1259
1587 1588
1796 1797
1846 1916
2261 2269
2287 2496
2597 2714
2913 2916
3103 3168
3385 3394
3499 3522
3677 3701
3898 4062
4233 4301
4386 4465
4697 4703
4944 4948
5064 5173
5233 5354
5617 5628
5864 5895
5924 6007
6262 6276
6560 6580
6743 6752
6944 6946
7118 7135
7338 7388
7516 7702
7891 7932
7955 7998
8370 8388
8536 8602
8838 8846
9038 9057
9178 9291
9512 9524
9599 9750
9800 9809
197 197
267 323
459 628
762 802
1098 1100
1171 1296
1534 1574
1622 1656
1879 1916
2227 2244
2452 2464
2614 2667
2789 2820
3166 3176
3353 3382
3548 3568
3718 3793
3897 4027
4303 4303
4393 4476
4639 4754
4979 4989
5211 5216
5396 5442
5543 5552
5767 5795
5916 5948
6318 6331
6409 6554
6597 6712
6823 6973
7149 7149
7404 7439
7577 7692
7928 7933
8016 8043
8181 8395
8617 8623
8773 8804
8872 9040
9107 9180
9399 9499
9720 9740
9865 9937
125 138
287 291
632 674
852 877
1113 1115
1143 1250
1582 1582
1786 1813
1944 1971
2133 2177
2411 2458
2521 2606
2749 2907
2975 3139
3393 3398
3620 3628
3701 3817
4041 4057
4137 4165
4314 4524
4549 4590
4773 4776
5075 5214
5400 5404
5452 5577
5810 5845
6051 6072
6354 6354
6379 6470
6647 6750
6843 6978
7175 7226
7416 7445
7512 7606
7872 7900
7979 8080
8176 8259
8490 8555
8850 8850
8901 8902
9240 9304
9356 9431
9647 9745
9927 9964
32 171
349 368
474 584
705 879
1099 1104
1249 1298
1499 1576
1809 1815
1818 2032
2096 2200
2299 2405
2508 2702
2924 2937
3080 3165
3341 3365
3602 3617
3789 3842
3996 4066
4181 4252
4363 4469
4756 4759
4822 4906
4999 5009
5262 5266
5464 5631
5730 5759
5910 6011
6148 6217
6470 6522
6778 6780
6918 6951
7143 7252
7462 7485
7496 7717
7742 7880
7990 8014
8371 8395
8443 8557
8762 8835
8963 8969
9280 9304
9520 9525
9747 9750
9860 9962
143 196
269 304
482 627
729 851
1122 1128
1354 1357
1523 1545
1726 1745
1875 1892
2121 2224
2488 2491
2549 2629
2941 2942
3126 3151
3244 3371
3535 3575
3648 3703
3971 4035
4250 4255
4532 4533
4586 4683
4797 4976
5097 5215
5227 5294
5631 5641
5825 5873
5974 5983
6301 6338
6535 6561
6588 6672
6979 6999
7072 7078
7455 7465
7665 7712
7902 7931
8170 8171
8395 8397
8566 8625
8652 8676
8944 8974
9219 9234
9472 9526
9659 9701
9976 9986
134 170
314 408
565 607
770 870
930 962
1221 1350
1467 1518
1693 1726
2003 2032
2047 2083
2299 2412
2612 2636
2730 2863
3043 3156
3351 3379
3473 3611
3651 3822
4078 4081
4211 4302
4351 4539
4604 4692
4849 4919
5060 5067
5264 5283
5498 5635
5901 5901
5981 6016
6239 6308
6375 6536
6680 6713
6880 6975
7134 7181
7367 7474
7667 7702
7736 7758
7967 8013
8337 8341
8591 8601
8758 8791
8998 9034
9166 9198
9344 9362
9737 9760
9772 9920
214 223
452 453
550 667
839 864
1010 1058
1284 1317
1552 1588
1778 1810
1829 1921
2118 2214
2461 2477
2663 2689
2905 2940
3081 3100
3276 3350
3517 3552
3748 3804
3968 3970
4156 4300
4419 4452
4673 4729
4906 4969
5157 5158
5361 5415
5487 5514
5846 5882
6046 6118
6284 6337
6542 6573
6641 6719
6908 7017
7228 7260
7310 7381
7600 7619
7728 7765
8050 8114
8238 8323
8529 8596
8772 8842
8885 8904
9170 9289
9386 9415
9722 9726
9897 9969
76 189
273 377
664 679
702 814
959 1022
1361 1361
1523 1540
1704 1765
1945 2019
2075 2135
2319 2443
2702 2722
2821 2933
3054 3118
3266 3394
3590 3608
3716 3781
3919 3931
4120 4189
4377 4451
4696 4712
4881 4978
5027 5132
5403 5433
5584 5655
5787 5894
5979 6114
6189 6286
6556 6579
6736 6772
7002 7003
7168 7254
7348 7386
7598 7653
7870 7879
8114 8129
8236 8386
8606 8608
8844 8848
8866 8952
9295 9306
9335 9383
9737 9749
9780 9942
219 221
390 416
490 558
840 861
1064 1067
1141 1209
1435 1500
1723 1736
1841 1903
2177 2251
2423 2495
2668 2696
2748 2821
2955 3058
3290 3382
3476 3585
3733 3736
3981 4047
4194 4312
4323 4376
4749 4758
4906 4975
5173 5184
5372 5447
5567 5644
5787 5857
6039 6055
6214 6351
6496 6555
6654 6724
6955 7008
7132 7251
7283 7351
7694 7699
7764 7809
8020 8073
8344 8384
8543 8549
8627 8687
9061 9077
9296 9301
9395 9481
9729 9733
9899 9942
226 226
231 380
535 666
847 858
1001 1103
1160 1210
1516 1524
1614 1667
1938 2036
2223 2227
2436 2483
2690 2708
2737 2873
3049 3168
3185 3325
3470 3533
3650 3752
3949 4017
4151 4266
4369 4474
4596 4748
4948 4975
5035 5053
5360 5401
5550 5577
5714 5862
6048 6113
6284 6312
6388 6491
6614 6730
6868 6952
7100 7164
7346 7374
7526 7694
7830 7919
7987 8167
8268 8287
8505 8593
8683 8850
9037 9074
9115 9264
9330 9524
9583 9722
9945 9948
100 208
275 350
621 640
799 897
934 979
1236 1348
1383 1437
1794 1805
1897 1943
2061 2166
2416 2470
2599 2694
2749 2929
3032 3084
3338 3347
3602 3610
3671 3857
3962 4051
4245 4261
4447 4504
4665 4680
4898 4912
5174 5197
5364 5412
5566 5666
5751 5768
5984 6085
6159 6291
6466 6479
6763 6799
7011 7023
7253 7253
7423 7447
7514 7711
7832 7922
8087 8093
8390 8396
8509 8529
8685 8690
9001 9009
9236 9288
9447 9507
9725 9759
9956 9982
75 208
228 333
679 679
734 790
992 1115
1322 1352
1465 1564
1645 1788
1857 1860
2147 2168
2273 2285
2569 2666
2826 2846
3058 3066
3366 3375
3474 3578
3663 3736
4082 4085
4255 4283
4383 4409
4618 4719
4979 4981
5177 5217
5398 5425
5466 5581
5813 5855
6047 6109
6220 6326
6582 6582
6604 6754
6945 6945
7046 7133
7432 7476
7617 7706
7831 7885
7998 8031
8367 8386
8544 8601
8845 8850
8933 8962
9109 9121
9470 9492
9700 9704
9968 9986
52 141
347 411
592 637
773 893
962 1110
1158 1196
1562 1567
1748 1807
2032 2042
2220 2262
2406 2445
2531 2563
2933 2943
2959 3001
3258 3340
3446 3545
3671 3738
4012 4028
4204 4227
4396 4503
4677 4699
4878 4903
5107 5151
5229 5384
5498 5660
5850 5888
6061 6104
6341 6345
6441 6533
6762 6781
6908 6983
7206 7217
7404 7434
7691 7696
7907 7922
8058 8109
8183 8296
8444 8555
8713 8764
8975 9014
9130 9248
9531 9532
9754 9760
9958 9986
157 217
392 416
647 661
847 864
1002 1002
1167 1179
1451 1567
1646 1680
1917 1948
2209 2249
2388 2496
2526 2620
2770 2888
3137 3157
3383 3401
3564 3616
3755 3792
3910 4002
4141 4241
4449 4465
4689 4697
4830 4904
5135 5148
5352 5393
5515 5667
5835 5867
5953 6021
6316 6334
6447 6537
6803 6806
6919 6934
7060 7204
7361 7406
7631 7708
7804 7826
8000 8063
8219 8319
8556 8567
8644 8740
8876 9045
9297 9306
9467 9474
9722 9734
9852 9943
5 24
347 432
582 630
896 907
1065 1087
1324 1324
1403 1437
1802 1813
1961 2042
2076 2219
2342 2408
2675 2676
2908 2944
3023 3094
3362 3399
3547 3567
3720 3746
3947 3962
4284 4301
4443 4465
4597 4747
4800 4911
5140 5181
5423 5424
5636 5642
5720 5728
5988 6128
6347 6351
6484 6547
6751 6781
6972 6980
7224 7252
7476 7476
7620 7694
7736 7884
8126 8133
8186 8312
8615 8616
8718 8795
8926 9000
9119 9251
9442 9495
9624 9712
9820 9939
172 198
344 426
635 651
868 891
934 1030
1260 1279
1513 1553
1781 1806
2007 2010
2226 2255
2385 2406
2711 2720
2886 2911
3109 3162
3323 3361
3468 3528
3767 3854
4027 4069
4109 4263
4401 4430
4691 4763
4931 4931
5053 5099
5432 5439
5535 5648
5828 5857
6115 6123
6312 6312
6512 6545
6588 6625
7019 7025
7073 7124
7392 7415
7650 7691
7850 7889
8036 8086
8367 8388
8625 8625
8848 8848
8971 9002
9098 9289
9476 9492
9758 9759
9789 9892
153 183
253 440
612 614
807 821
1001 1112
1185 1344
1575 1585
1611 1760
1912 1981
2227 2254
2273 2351
2533 2623
2838 2871
3128 3129
3180 3390
3618 3628
3666 3749
3871 3903
4107 4236
4422 4489
4542 4648
4844 4931
5015 5118
5301 5397
5601 5630
5739 5877
6094 6122
6150 6300
6372 6562
6746 6785
6837 6922
7263 7263
7314 7483
7663 7663
7882 7929
8001 8153
8230 8267
8421 8443
8685 8772
8922 9072
9155 9274
9477 9529
9555 9669
9778 9884
189 208
251 370
499 529
688 866
986 1131
1142 1294
1426 1529
1710 1757
2018 2042
2189 2255
2305 2377
2621 2686
2743 2944
3086 3086
3200 3357
3628 3631
3721 3818
4048 4084
4097 4309
4326 4346
4715 4730
4898 4903
5200 5212
5438 5439
5615 5659
5894 5897
5946 5981
6189 6244
6385 6526
6622 6660
6992 6999
7125 7143
7284 7435
7611 7641
7764 7841
7964 8055
8176 8368
8499 8507
8710 8788
8861 9073
9239 9240
9468 9533
9733 9748
9893 9985
213 215
354 419
482 548
784 842
1062 1095
1338 1341
1553 1578
1622 1785
1937 2037
2087 2168
2317 2449
2562 2681
2828 2944
3079 3090
3268 3362
3447 3469
3777 3842
3987 4037
4295 4297
4383 4496
4647 4749
4845 4894
5092 5218
5241 5295
5608 5672
5707 5854
6104 6116
6250 6272
6411 6411
6726 6791
7030 7034
7112 7239
7369 7487
7688 7696
7801 7856
8044 8045
8330 8372
8478 8507
8642 8670
9015 9042
9149 9298
9484 9527
9575 9724
9792 9981
206 213
393 435
578 607
691 859
939 1051
1291 1355
1499 1514
1794 1811
1846 1987
2214 2267
2416 2434
2547 2638
2811 2893
2982 3057
3315 3397
3462 3584
3765 3792
3989 4007
4142 4162
4467 4509
4574 4581
4869 4955
5028 5130
5224 5282
5496 5604
5780 5896
6063 6092
6255 6314
6485 6582
6669 6675
6928 6966
7133 7143
7292 7413
7652 7706
7905 7916
8171 8171
8391 8391
8443 8574
8833 8833
8864 8927
9293 9303
9442 9465
9671 9703
9966 9966
17 75
291 439
485 550
766 833
960 1020
1297 1343
1421 1435
1749 1803
1888 1905
2224 2267
2280 2473
2595 2697
2908 2911
3016 3104
3243 3390
3579 3621
3699 3701
3932 4014
4101 4243
4477 4494
4595 4598
4957 4968
5071 5072
5417 5433
5533 5577
5879 5894
6107 6125
6224 6326
6491 6579
6797 6806
6970 7004
7164 7234
7407 7415
7601 7679
7743 7763
8006 8035
8255 8304
8502 8529
8826 8832
9001 9004
9243 9249
9478 9526
9636 9747
9903 9986
186 218
254 265
603 621
886 905
1116 1130
1180 1187
1532 1587
1677 1782
2038 2039
2129 2212
2315 2338
2706 2711
2775 2832
3099 3113
3381 3386
3497 3568
3763 3764
3951 3984
4115 4119
4400 4418
4561 4627
4864 4951
5077 5167
5347 5361
5576 5649
5792 5804
6003 6118
6295 6299
6439 6493
6630 6634
6990 7001
7172 7182
7365 7466
7505 7534
7829 7864
8137 8168
8183 8287
8433 8564
8713 8758
9004 9053
9123 9194
9369 9474
9586 9628
9922 9985
59 83
362 397
479 601
698 763
1112 1131
1247 1324
1510 1554
1595 1597
2008 2022
2215 2227
2281 2397
2610 2637
2820 2937
3140 3166
3233 3328
3435 3472
3712 3747
3950 4063
4256 4312
4340 4361
4719 4746
4855 4981
5159 5183
5354 5370
5493 5634
5771 5784
5977 5982
6137 6250
6466 6558
6622 6799
6813 7035
7166 7220
7386 7409
7657 7700
7920 7928
8168 8170
8209 8366
8481 8578
8747 8832
9054 9076
9271 9294
9404 9441
9547 9571
9922 9949
65 96
253 299
618 659
703 853
974 1018
1263 1271
1548 1553
1650 1697
1988 2017
2204 2254
2408 2455
2686 2723
2738 2784
3132 3148
3216 3286
3472 3621
3747 3777
3862 4015
4203 4219
4536 4539
4543 4642
4786 4892
5030 5175
5428 5438
5492 5659
5879 5890
6118 6121
6156 6254
6494 6502
6772 6786
7006 7029
7257 7259
7278 7417
7557 7560
7766 7820
8101 8110
8233 8282
8489 8623
8773 8842
8929 8983
9157 9192
9391 9532
9573 9689
9817 9862
182 183
377 415
680 680
842 873
1121 1125
1263 1285
1579 1580
1627 1759
2023 2040
2256 2259
2439 2481
2636 2703
2925 2944
3051 3057
3259 3376
3472 3476
3846 3847
3987 4072
4299 4299
4447 4505
4647 4720
4886 4960
5180 5191
5422 5442
5607 5634
5891 5896
5903 6068
6153 6213
6397 6436
6653 6696
6815 6957
7232 7239
7286 7429
7611 7687
7879 7913
8031 8155
8332 8343
8509 8557
8640 8653
8946 9024
9262 9275
9524 9533
9552 9710
9984 9986
209 218
430 438
549 660
885 905
984 1018
1190 1205
1370 1447
1609 1659
1851 1907
2074 2206
2367 2438
2691 2711
2831 2857
2975 3119
3191 3396
3406 3476
3688 3851
4008 4075
4264 4307
4344 4457
4677 4763
4785 4866
5175 5186
5361 5412
5485 5521
5697 5823
6025 6033
6288 6308
6407 6451
6593 6755
6855 6956
7233 7241
7320 7334
7680 7709
7865 7903
7979 8076
8284 8290
8620 8621
8745 8774
8960 8976
9087 9107
9525 9530
9616 9746
9987 9987
226 226
261 292
554 568
810 822
937 1115
1276 1347
1369 1407
1773 1792
2013 2033
2106 2224
2481 2493
2597 2723
2801 2853
3057 3177
3192 3207
3618 3625
3766 3808
3916 4036
4172 4180
4430 4474
4733 4736
4817 4859
5086 5189
5267 5268
5545 5614
5726 5802
6107 6114
6301 6347
6467 6571
6757 6774
6815 6888
7185 7239
7337 7444
7593 7689
7875 7920
8085 8133
8194 8362
8542 8609
8685 8805
8867 9011
9273 9298
9425 9468
9730 9745
9877 9965
112 139
294 309
590 625
758 785
1100 1111
1166 1215
1459 1487
1777 1808
1929 1931
2240 2256
2400 2458
2557 2585
2899 2933
3060 3103
3235 3307
3417 3545
3649 3731
4067 4082
4128 4147
4491 4515
4674 4706
4972 4977
5070 5128
5379 5379
5622 5669
5780 5804
6114 6119
6202 6261
6494 6530
6652 6719
6883 6986
7167 7262
7438 7481
7581 7689
7902 7932
8077 8133
8318 8379
8559 8562
8637 8668
8913 8956
9191 9246
9333 9393
9752 9756
9985 9986
130 205
338 362
678 680
704 899
920 996
1144 1248
1405 1539
1695 1713
1970 2007
2127 2185
2395 2435
2687 2692
2904 2947
2991 3136
3180 3299
3482 3583
3730 3838
4060 4076
4308 4308
4501 4532
4569 4667
4781 4930
5017 5043
5420 5426
5612 5666
5886 5898
6057 6116
6245 6271
6554 6572
6783 6785
6987 7023
7238 7258
7336 7423
7581 7595
7832 7895
8068 8108
8250 8342
8469 8529
8640 8743
8902 9064
9221 9291
9504 9508
9642 9646
9823 9977
200 209
394 425
656 680
872 881
1134 1134
1280 1329
1438 1529
1801 1810
1980 1984
2046 2227
2340 2364
2503 2645
2766 2902
3043 3048
3284 3355
3407 3514
3723 3845
3898 3946
4205 4208
4496 4527
4763 4764
4911 4916
5066 5089
5282 5330
5654 5655
5838 5881
6111 6123
6175 6263
6362 6508
6759 6783
7032 7035
7052 7195
7441 7460
7635 7691
7783 7928
8136 8156
8271 8339
8612 8619
8793 8808
9059 9077
9217 9299
9428 9488
9717 9728
9980 9985
77 189
346 433
468 642
746 790
985 1028
1156 1322
1464 1488
1746 1767
1897 1938
2072 2101
2286 2414
2718 2718
2890 2930
3050 3105
3385 3392
3492 3531
3658 3809
3934 4083
4094 4162
4495 4536
4694 4757
4937 4973
5014 5179
5321 5346
5523 5524
5780 5854
6084 6116
6256 6265
6398 6536
6594 6722
6991 7015
7102 7171
7345 7410
7705 7711
7861 7892
8099 8132
8380 8397
8549 8606
8679 8848
8863 9066
9176 9273
9427 9455
9625 9632
9777 9814
208 210
319 443
524 569
751 868
1012 1119
1195 1346
1471 1565
1796 1797
1842 2015
2109 2245
2380 2455
2569 2613
2827 2925
3052 3134
3313 3384
3573 3631
3788 3816
3995 4001
4103 4242
4331 4489
4544 4587
4820 4860
5132 5192
5276 5403
5666 5666
5745 5846
6108 6113
6289 6341
6427 6576
6806 6807
7031 7031
7117 7182
7375 7382
7503 7649
7833 7869
8057 8109
8245 8299
8521 8535
8767 8773
8972 9038
9100 9273
9398 9424
9685 9700
9802 9808
44 171
385 425
483 543
831 887
1053 1092
1340 1350
1512 1575
1704 1789
1882 1938
2106 2161
2482 2486
2597 2703
2941 2946
3137 3156
3308 3322
3628 3629
3797 3815
4024 4043
4163 4293
4383 4480
4582 4595
4992 4993
5209 5213
5415 5444
5496 5660
5836 5847
6045 6075
6226 6256
6503 6512
6665 6691
6837 6920
7242 7245
7419 7426
7506 7506
7870 7874
8113 8167
8221 8361
8597 8622
8800 8819
8932 9057
9186 9202
9374 9408
9689 9693
9935 9978
47 71
335 338
656 663
712 736
1116 1130
1228 1232
1379 1457
1677 1773
1823 1970
2231 2266
2496 2496
2584 2645
2890 2920
3074 3096
3233 3239
3432 3485
3712 3764
4029 4066
4185 4235
4507 4527
4760 4766
4915 4985
5163 5170
5368 5433
5492 5527
5806 5835
6030 6085
6174 6244
6532 6547
6591 6747
7005 7015
7242 7262
7445 7480
7508 7543
7776 7799
8130 8164
8235 8304
8611 8621
8660 8700
9047 9060
9181 9248
9468 9469
9623 9708
9920 9925
180 182
276 434
574 642
848 850
1047 1132
1227 1349
1394 1557
1712 1765
1933 1996
2134 2140
2339 2440
2589 2650
2791 2892
3149 3154
3193 3210
3484 3601
3711 3775
4055 4067
4242 4306
4345 4469
4606 4725
4978 4989
5020 5180
5227 5356
5603 5629
5684 5819
6106 6128
6269 6289
6421 6424
6809 6809
6838 6949
7257 7263
7316 7341
7543 7607
7857 7936
7973 7981
8265 8285
8447 8483
8840 8840
9038 9055
9288 9299
9452 9461
9749 9751
9898 9975
217 222
232 382
655 673
758 884
969 998
1296 1341
1510 1586
1772 1775
1900 1963
2123 2186
2475 2491
2615 2659
2768 2782
3006 3086
3386 3392
3432 3538
3843 3843
3914 3954
4090 4238
4378 4391
4565 4742
4780 4902
5194 5206
5384 5397
5486 5604
5774 5818
5916 5918
6187 6321
6369 6473
6796 6807
7006 7013
7224 7226
7462 7462
7528 7599
7779 7878
7947 7950
8324 8354
8624 8624
8850 8851
8870 8873
9225 9250
9339 9415
9628 9666
9882 9938
135 196
377 438
623 635
822 864
952 968
1167 1200
1385 1393
1714 1714
1988 2028
2070 2256
2279 2324
2672 2708
2872 2881
3141 3142
3360 3369
3578 3589
3657 3825
3936 4053
4201 4290
4343 4508
4706 4757
4954 4974
5015 5203
5380 5382
5498 5581
5723 5799
5939 6015
6229 6288
6365 6389
6642 6756
6956 6998
7207 7248
7274 7299
7711 7714
7776 7779
7986 7993
8268 8334
8483 8552
8785 8793
9015 9024
9254 9306
9473 9531
9546 9747
9963 9982
85 164
408 424
672 677
696 763
967 1016
1290 1360
1469 1529
1654 1800
2040 2042
2061 2224
2375 2409
2697 2707
2894 2922
3022 3043
3386 3396
3452 3466
3811 3813
3911 4060
4239 4250
4450 4481
4544 4725
4768 4950
5021 5200
5287 5295
5538 5605
5750 5861
6084 6095
6153 6226
6523 6574
6600 6750
6927 7023
7188 7213
7415 7471
7631 7662
7912 7928
8112 8155
8392 8398
8574 8593
8822 8834
8917 9038
9305 9306
9447 9514
9700 9728
9764 9905
137 168
343 344
461 530
750 877
963 1079
1286 1298
1462 1490
1639 1705
2039 2039
2178 2227
2369 2398
2646 2714
2949 2949
3158 3173
3294 3393
3618 3619
3849 3852
3882 4059
4278 4310
4518 4536
4716 4758
4910 4986
4998 5087
5310 5339
5639 5643
5836 5849
6006 6035
6196 6258
6357 6528
6608 6773
6863 7009
7093 7155
7441 7471
7570 7581
7806 7905
8085 8100
8322 8340
8452 8463
8801 8822
9045 9074
9234 9273
9469 9529
9599 9702
9776 9964
110 216
413 432
512 680
737 837
998 1092
1288 1307
1481 1496
1737 1745
1889 2018
2150 2226
2315 2460
2625 2645
2944 2948
3074 3074
3291 3330
3499 3536
3703 3711
3928 3962
4225 4300
4504 4520
4559 4717
4849 4851
5123 5206
5336 5412
5543 5631
5808 5835
5965 6094
6262 6299
6542 6557
6805 6806
6852 6858
7138 7233
7393 7483
7711 7717
7771 7825
8076 8088
8252 8252
8420 8600
8679 8739
9020 9021
9251 9252
9527 9530
9731 9738
9802 9864
80 187
230 292
603 650
820 885
1040 1108
1259 1262
1538 1555
1806 1811
1996 2002
2237 2241
2322 2459
2615 2676
2794 2837
3031 3144
3179 3215
3628 3630
3740 3758
3975 4060
4238 4285
4333 4464
4672 4748
4914 4978
5212 5217
5307 5349
5531 5543
5875 5901
6106 6120
6331 6342
6522 6530
6589 6612
6845 6999
7186 7233
7482 7482
7546 7621
7823 7862
8170 8171
8244 8343
8514 8614
8685 8703
8962 8963
9207 9245
9308 9326
9757 9758
9811 9898
49 152
432 447
659 674
802 847
1014 1036
1326 1342
1556 1567
1743 1768
1984 1991
2047 2187
2332 2489
2633 2665
2831 2871
2957 3172
3382 3391
3440 3539
3837 3849
3860 4037
4209 4292
4371 4416
4557 4601
4957 4957
5166 5214
5334 5406
5467 5478
5746 5846
6019 6031
6247 6315
6427 6469
6784 6786
7019 7026
7106 7153
7391 7396
7558 7649
7793 7862
8082 8133
8280 8367
8508 8545
8657 8693
8898 8957
9082 9132
9321 9404
9739 9743
9870 9916
11 200
322 335
662 679
813 862
1112 1116
1285 1291
1425 1469
1704 1789
1982 1992
2075 2264
2314 2381
2663 2695
2856 2861
2989 3079
3322 3400
3516 3622
3723 3817
4055 4057
4185 4186
4411 4483
4597 4689
4799 4856
5132 5207
5323 5415
5597 5622
5879 5889
6079 6127
6339 6346
6363 6510
6776 6799
6970 6970
7117 7251
7464 7469
7514 7708
7882 7888
8029 8158
8223 8353
8463 8475
8654 8755
9016 9068
9167 9288
9389 9414
9558 9612
9903 9904
12 69
403 448
600 680
783 811
953 1047
1272 1288
1405 1551
1743 1749
1883 1938
2142 2228
2396 2476
2618 2713
2906 2930
3067 3084
3283 3307
3559 3581
3766 3839
3967 3982
4131 4166
4397 4484
4733 4745
4936 4953
5085 5201
5242 5273
5548 5649
5830 5860
6004 6066
6136 6251
6476 6514
6682 6717
6816 6969
7055 7249
7463 7464
7585 7640
7800 7805
8002 8116
8311 8358
8461 8483
8799 8838
9076 9078
9212 9284
9346 9491
9665 9713
9841 9938
78 103
449 450
677 679
725 764
981 1085
1345 1349
1424 1532
1684 1696
1928 1981
2086 2087
2375 2426
2532 2606
2755 2929
3155 3155
3235 3354
3581 3606
3825 3845
3913 4059
4263 4278
4519 4536
4653 4687
4964 4988
5202 5202
5386 5404
5493 5509
5874 5886
6077 6100
6194 6264
6490 6542
6697 6727
6993 7033
7123 7181
7449 7483
7543 7601
7787 7874
8049 8136
8307 8372
8457 8536
8731 8754
8870 8956
9271 9296
9438 9473
9738 9758
9840 9860
197 224
258 410
461 463
896 896
969 1032
1153 1318
1434 1569
1648 1733
1889 1953
2117 2201
2377 2393
2662 2679
2838 2891
3102 3113
3266 3385
3527 3596
3786 3819
3907 3947
4142 4262
4391 4466
4739 4753
4924 4947
5203 5214
5349 5375
5561 5599
5817 5849
6003 6090
6190 6275
6559 6578
6648 6736
6900 7001
7228 7251
7472 7472
7633 7642
7907 7940
8148 8150
8337 8377
8462 8538
8628 8718
8884 8999
9169 9208
9431 9516
9629 9717
9769 9867
72 107
433 450
542 643
896 902
1077 1099
1256 1319
1511 1579
1621 1750
1857 1938
2131 2205
2496 2496
2686 2701
2807 2811
2983 2993
3301 3338
3452 3589
3731 3823
4085 4085
4157 4243
4408 4520
4597 4639
4788 4864
5130 5175
5284 5385
5655 5670
5784 5877
5943 5966
6323 6338
6551 6566
6805 6808
7027 7028
7160 7261
7282 7431
7700 7707
7909 7930
8045 8140
8362 8382
8530 8608
8736 8777
8931 9055
9201 9237
9433 9514
9725 9758
9933 9966
98 151
441 441
542 659
696 888
1087 1092
1260 1340
1588 1588
1742 1766
1943 1985
2170 2226
2298 2406
2509 2570
2821 2846
3080 3150
3210 3399
3454 3563
3678 3727
4007 4085
4126 4310
4391 4485
4588 4676
4967 4973
5000 5012
5263 5345
5547 5555
5830 5849
6058 6109
6191 6307
6384 6560
6698 6807
6837 7029
7150 7175
7321 7369
7577 7595
7802 7894
8150 8154
8392 8398
8572 8576
8809 8838
9002 9008
9203 9301
9369 9431
9691 9755
9808 9929
182 191
347 406
592 640
888 898
965 1068
1312 1320
1546 1555
1793 1802
1826 1844
2220 2251
2452 2465
2679 2718
2917 2929
2998 3074
3394 3400
3486 3625
3792 3827
3953 4061
4170 4192
4316 4361
4586 4661
4967 4969
5075 5188
5386 5431
5648 5661
5746 5765
6093 6094
6212 6319
6457 6459
6731 6746
6938 6976
7201 7261
7283 7341
7559 7709
7830 7847
8147 8159
8314 8381
8450 8490
8699 8838
8857 8977
9288 9293
9467 9524
9579 9612
9806 9961
60 191
409 450
531 650
859 905
1117 1126
1155 1195
1520 1578
1774 1778
2039 2039
2065 2267
2325 2375
2527 2629
2801 2819
3080 3086
3243 3363
3580 3584
3709 3738
4046 4082
4289 4289
4532 4535
4722 4753
4791 4888
5208 5208
5247 5251
5505 5560
5842 5879
5906 6125
6218 6237
6483 6570
6694 6715
6924 6927
7065 7253
7476 7486
7645 7697
7835 7901
8030 8160
8357 8388
8590 8616
8772 8813
8998 9010
9123 9201
9518 9520
9543 9673
9843 9878
9 22
277 382
617 641
821 846
1106 1122
1146 1346
1581 1588
1742 1746
2013 2020
2138 2164
2393 2462
2689 2695
2802 2824
3075 3120
3336 3398
3470 3566
3661 3773
4011 4075
4213 4263
4469 4512
4737 4756
4875 4970
5160 5197
5285 5379
5649 5655
5805 5849
6069 6071
6188 6205
6535 6551
6713 6759
6993 7001
7194 7217
7365 7480
7659 7696
7905 7918
8032 8154
8270 8386
8413 8513
8737 8845
9028 9053
9301 9301
9502 9522
9596 9664
9975 9979
17 105
236 346
455 519
723 820
944 989
1209 1260
1527 1587
1809 1811
1943 1966
2056 2233
2295 2393
2540 2685
2812 2924
2989 3145
3185 3193
3596 3603
3768 3843
4042 4068
4132 4251
4483 4522
4747 4760
4917 4980
5181 5192
5316 5424
5656 5667
5688 5704
5977 6070
6347 6349
6357 6476
6601 6686
7022 7024
7163 7245
7345 7398
7614 7641
7921 7927
8122 8145
8374 8387
8530 8539
8816 8842
8970 9072
9133 9269
9484 9533
9617 9673
9915 9916
107 131
234 364
467 518
828 876
1076 1080
1273 1344
1462 1484
1764 1793
2008 2028
2104 2232
2370 2482
2549 2622
2810 2810
3064 3078
3364 3377
3595 3628
3687 3841
3942 4032
4160 4303
4432 4535
4549 4583
4783 4922
5067 5090
5234 5357
5627 5659
5848 5849
6121 6121
6194 6241
6519 6578
6730 6741
6945 6978
7105 7231
7446 7473
7579 7625
7849 7919
8049 8073
8203 8237
8558 8568
8699 8817
8981 9015
9282 9290
9519 9522
9561 9614
9957 9959
70 126
243 282
677 680
815 904
934 1091
1156 1164
1510 1534
1610 1800
1980 2021
2101 2239
2321 2464
2651 2686
2941 2946
3114 3114
3331 3381
3446 3554
3707 3743
3898 3925
4189 4294
4401 4457
4574 4708
4820 4990
5028 5098
5293 5401
5558 5652
5719 5851
5924 5965
6171 6220
6534 6545
6779 6782
6885 7032
7232 7258
7294 7298
7559 7643
7771 7796
8151 8158
8314 8367
8512 8514
8651 8688
8951 9055
9246 9286
9346 9366
9584 9700
9832 9870
44 166
449 451
506 636
829 866
1080 1104
1353 1360
1498 1560
1734 1768
1836 1862
2255 2260
2318 2455
2565 2628
2778 2893
2987 3106
3394 3397
3630 3630
3673 3698
4069 4073
4297 4311
4320 4380
4547 4726
4958 4960
5217 5217
5304 5349
5491 5570
5892 5897
6042 6063
6200 6226
6551 6561
6758 6793
6972 7030
7147 7219
7378 7387
7513 7548
7789 7939
8012 8086
8183 8252
8479 8545
8696 8732
8955 9075
9251 9263
9381 9526
9578 9648
9952 9980
5 99
304 306
634 677
879 904
918 976
1330 1353
1417 1580
1760 1791
2000 2028
2078 2148
2313 2423
2533 2569
2747 2862
2962 3127
3189 3251
3439 3579
3783 3796
3907 4078
4266 4295
4394 4503
4549 4630
4927 4968
5172 5197
5223 5420
5454 5615
5889 5896
5935 6055
6282 6310
6492 6518
6699 6796
6988 6992
7083 7124
7366 7416
7591 7616
7768 7827
7989 8083
8192 8199
8467 8609
8840 8841
9068 9070
9178 9246
9486 9528
9736 9754
9802 9934
23 24
290 312
616 677
771 869
950 1016
1344 1361
1437 1580
1655 1715
1945 1970
2050 2063
2345 2434
2714 2716
2923 2928
3114 3168
3223 3351
3607 3626
3770 3846
3959 4017
4282 4294
4377 4445
4609 4614
4815 4977
5188 5191
5352 5393
5525 5582
5748 5891
5958 6122
6320 6331
6415 6465
6774 6798
6869 6947
7104 7254
7453 7485
7671 7678
7915 7929
8153 8156
8214 8280
8445 8449
8715 8822
9014 9025
9117 9264
9349 9523
9584 9750
9838 9898
