1450
49 75
296 312
432 563
747 749
790 817
960 1036
1171 1242
1340 1371
1651 1681
1705 1842
1909 1977
2154 2189
2338 2411
2533 2534
2714 2741
2899 2994
3015 3170
3283 3305
3402 3405
3728 3749
3781 3870
3980 4077
4251 4269
4413 4431
4613 4687
4859 4865
5049 5071
5196 5229
5371 5372
5569 5629
5764 5821
5864 5983
6124 6198
6245 6367
6463 6480
6723 6761
6884 6930
7089 7132
7216 7281
7373 7477
7587 7602
7757 7793
8044 8077
8116 8270
8400 8404
8556 8566
8782 8832
8933 8973
9181 9197
9305 9359
9566 9567
9642 9696
9815 9891
146 146
197 333
510 511
649 677
868 883
1043 1047
1301 1304
1384 1490
1529 1681
1698 1849
2002 2014
2229 2246
2361 2377
2449 2471
2642 2668
2874 2952
3136 3182
3300 3381
3388 3532
3601 3720
3840 3851
3998 4027
4274 4304
4419 4433
4671 4673
4864 4881
4937 4948
5211 5233
5360 5401
5565 5622
5774 5826
5852 5891
6113 6122
6346 6375
6425 6459
6602 6623
6809 6949
7021 7100
7161 7167
7374 7443
7589 7641
7770 7797
7929 7949
8225 8228
8313 8377
8467 8468
8826 8826
8933 8975
9079 9118
9282 9366
9449 9554
9762 9768
9929 9956
173 173
355 362
487 505
742 742
854 885
1118 1119
1129 1285
1376 1414
1570 1667
1868 1874
2003 2032
2069 2123
2276 2331
2510 2623
2708 2795
2998 3001
3142 3186
3376 3377
3561 3563
3631 3657
3938 3940
4011 4135
4160 4315
4359 4459
4604 4647
4794 4868
4925 4928
5099 5233
5327 5444
5481 5622
5699 5789
5942 5969
6154 6187
6287 6361
6526 6566
6659 6663
6810 6881
7026 7028
7239 7270
7467 7507
7602 7631
7769 7813
7921 8041
8112 8135
8373 8403
8475 8476
8788 8818
8863 8936
9175 9190
9340 9348
9476 9510
9682 9686
9920 9944
11 156
292 332
492 492
573 636
919 936
1018 1042
1310 1310
1497 1500
1630 1659
1709 1872
1881 1975
2183 2216
2288 2438
2514 2545
2671 2673
2844 2863
3151 3169
3286 3324
3458 3526
3688 3708
3845 3912
4019 4077
4191 4239
4413 4436
4666 4697
4870 4878
5055 5068
5161 5216
5311 5408
5596 5606
5821 5824
5908 5921
6099 6166
6297 6349
6571 6578
6737 6744
6877 6934
6961 7085
7201 7261
7442 7501
7572 7702
7717 7726
8073 8081
8202 8216
8428 8435
8541 8594
8702 8803
8930 8968
9178 9196
9250 9280
9487 9543
9771 9774
9919 9938
18 150
241 269
447 503
719 727
926 927
1067 1068
1171 1182
1487 1487
1646 1684
1842 1866
1902 2050
2107 2211
2319 2409
2551 2566
2683 2722
2977 3001
3159 3182
3293 3324
3547 3552
3614 3677
3803 3943
4003 4006
4172 4279
4457 4471
4537 4604
4819 4858
5026 5040
5263 5263
5291 5433
5473 5508
5749 5781
5840 5879
6087 6179
6258 6269
6510 6579
6591 6663
6938 6950
7052 7136
7256 7316
7491 7503
7603 7621
7725 7892
7929 7940
8152 8191
8322 8354
8471 8507
8790 8800
9022 9023
9053 9207
9254 9394
9545 9560
9681 9734
9793 9822
161 177
198 311
508 561
687 751
904 923
1037 1077
1203 1313
1478 1478
1594 1683
1753 1767
1979 2040
2191 2221
2392 2402
2477 2566
2796 2819
3003 3005
3177 3185
3264 3327
3565 3566
3731 3755
3854 3907
3966 4111
4261 4293
4493 4496
4577 4650
4829 4862
4931 4962
5254 5263
5270 5340
5534 5562
5677 5781
5920 5962
6110 6122
6220 6238
6566 6571
6614 6675
6841 6855
7022 7074
7283 7319
7411 7513
7675 7698
7812 7815
7940 8068
8134 8222
8401 8450
8477 8632
8782 8833
8854 8861
9143 9143
9308 9396
9414 9506
9765 9775
9788 9830
90 185
337 375
451 490
586 690
777 937
978 1114
1238 1298
1497 1498
1675 1689
1729 1783
2061 2062
2225 2238
2343 2383
2557 2627
2738 2817
2917 3007
3059 3109
3307 3369
3390 3523
3618 3736
3845 3908
4092 4122
4306 4315
4376 4435
4679 4685
4771 4885
4951 4972
5214 5234
5301 5380
5617 5630
5673 5763
5988 5995
6084 6102
6280 6375
6525 6536
6647 6764
6807 6882
6995 7021
7316 7325
7517 7517
7541 7579
7824 7878
8071 8073
8155 8232
8451 8453
8545 8575
8817 8831
9023 9023
9118 9191
9338 9343
9426 9563
9681 9723
9891 9893
96 176
266 345
555 557
577 744
839 886
1073 1126
1186 1250
1423 1467
1591 1629
1810 1826
2053 2057
2080 2127
2336 2416
2483 2548
2802 2814
2919 2920
3149 3182
3323 3348
3508 3511
3627 3752
3839 3905
3955 4135
4154 4262
4428 4475
4516 4667
4864 4870
5049 5058
5186 5215
5362 5429
5639 5639
5685 5792
5956 5979
6149 6153
6319 6384
6397 6459
6743 6766
6789 6931
7048 7090
7200 7276
7497 7510
7620 7698
7756 7792
7937 8006
8155 8207
8376 8405
8540 8582
8810 8828
8877 8971
9121 9210
9300 9351
9409 9421
9726 9752
9857 9918
26 74
239 241
482 505
671 688
929 934
1091 1104
1224 1285
1499 1502
1574 1598
1857 1877
1889 2035
2151 2240
2414 2424
2516 2524
2674 2761
2880 2959
3120 3129
3274 3342
3434 3526
3703 3706
3807 3933
4058 4089
4177 4234
4468 4502
4588 4639
4865 4872
4973 4977
5201 5238
5421 5444
5462 5475
5707 5745
5898 5900
6126 6160
6220 6230
6412 6422
6614 6619
6784 6828
7003 7011
7245 7254
7434 7502
7610 7653
7779 7872
7902 8007
8115 8115
8423 8437
8486 8560
8656 8721
8864 8889
9109 9136
9377 9391
9575 9579
9698 9768
9887 9943
89 125
302 313
440 484
644 711
835 852
1009 1073
1313 1314
1465 1484
1530 1574
1720 1843
1899 1904
2125 2234
2441 2443
2489 2619
2753 2788
2839 2907
3083 3142
3264 3279
3551 3564
3617 3732
3934 3937
3978 4037
4245 4280
4507 4509
4557 4698
4721 4780
5027 5074
5165 5176
5344 5416
5564 5625
5657 5765
6010 6015
6198 6202
6213 6358
6540 6548
6607 6610
6839 6938
7021 7125
7220 7239
7420 7501
7625 7639
7889 7891
8057 8081
8123 8237
8291 8358
8524 8542
8674 8826
8839 8970
9079 9112
9395 9399
9548 9549
9648 9732
9916 9939
152 176
322 335
406 540
653 701
913 936
995 1066
1183 1220
1380 1458
1523 1681
1793 1860
1895 1931
2123 2220
2416 2420
2602 2631
2705 2773
2858 2872
3042 3147
3368 3369
3440 3530
3673 3715
3830 3942
4008 4043
4265 4265
4390 4480
4572 4586
4701 4798
4964 4975
5100 5194
5424 5449
5484 5576
5825 5825
5835 6008
6158 6158
6311 6326
6410 6555
6668 6753
6924 6937
7019 7078
7166 7216
7454 7460
7589 7655
7797 7856
8062 8069
8185 8217
8358 8373
8615 8621
8676 8739
8944 8963
9172 9202
9360 9389
9427 9519
9668 9708
9933 9955
28 68
211 277
432 473
724 724
762 786
965 1042
1292 1311
1464 1478
1572 1647
1859 1870
1972 2029
2244 2247
2259 2411
2538 2613
2747 2791
2873 2984
3010 3053
3334 3356
3392 3557
3706 3714
3937 3938
4062 4088
4298 4299
4419 4489
4591 4662
4715 4797
5063 5073
5105 5125
5307 5393
5536 5543
5725 5729
5939 5975
6174 6194
6351 6372
6436 6509
6717 6730
6791 6927
6992 7058
7316 7326
7388 7450
7526 7613
7866 7876
7999 8030
8190 8250
8386 8447
8465 8645
8822 8835
8845 8946
9095 9145
9235 9346
9570 9582
9709 9711
9779 9897
111 122
337 353
470 521
641 742
871 932
1063 1077
1159 1172
1323 1461
1658 1677
1693 1778
1982 2047
2160 2255
2417 2436
2601 2613
2675 2680
2896 2970
3062 3161
3201 3338
3404 3404
3614 3620
3848 3848
3993 4124
4267 4280
4496 4506
4672 4691
4701 4790
4951 5004
5175 5203
5301 5386
5522 5537
5680 5725
5837 6003
6181 6193
6331 6332
6459 6523
6656 6745
6883 6925
7005 7071
7268 7306
7345 7455
7644 7656
7754 7829
7961 8071
8085 8097
8397 8451
8628 8646
8757 8835
8848 8883
9071 9078
9280 9364
9567 9572
9605 9746
9956 9957
85 120
190 240
403 486
600 719
819 831
1006 1106
1286 1309
1387 1482
1609 1686
1787 1872
1894 1938
2205 2221
2314 2426
2536 2547
2703 2709
2877 2932
3161 3165
3230 3265
3445 3502
3755 3756
3941 3947
4126 4134
4270 4313
4367 4441
4675 4690
4724 4827
4970 5050
5139 5139
5280 5363
5619 5630
5758 5800
5864 5918
6170 6191
6235 6266
6394 6499
6739 6744
6873 6943
6961 7043
7243 7270
7481 7505
7697 7705
7737 7805
8039 8050
8147 8196
8389 8437
8578 8598
8760 8812
8927 8952
9150 9180
9370 9378
9424 9556
9650 9737
9777 9891
47 150
313 317
523 550
714 725
837 852
1095 1112
1170 1277
1318 1321
1517 1596
1757 1828
1962 2010
2092 2226
2398 2437
2496 2613
2661 2796
2958 2961
3071 3116
3343 3358
3459 3504
3628 3713
3930 3934
4015 4090
4194 4247
4330 4481
4576 4667
4779 4856
5001 5034
5188 5261
5336 5339
5509 5518
5655 5810
5955 5997
6054 6171
6255 6286
6519 6568
6687 6704
6885 6947
7087 7097
7146 7150
7511 7518
7626 7693
7753 7806
8013 8075
8223 8255
8300 8433
8635 8643
8658 8822
8933 9021
9169 9173
9270 9385
9420 9423
9631 9768
9954 9962
37 169
371 372
448 461
649 727
844 852
1035 1077
1266 1284
1415 1427
1637 1669
1833 1838
2010 2013
2117 2154
2261 2310
2533 2559
2676 2714
2839 2908
3126 3136
3312 3316
3436 3548
3625 3701
3814 3900
4026 4034
4218 4252
4399 4476
4526 4612
4881 4883
5075 5075
5149 5256
5302 5438
5606 5628
5724 5780
5933 6012
6119 6188
6346 6387
6467 6532
6736 6750
6799 6908
6989 6989
7221 7264
7466 7502
7670 7673
7856 7864
7920 8065
8139 8246
8456 8458
8514 8547
8660 8747
8962 8997
9058 9175
9333 9395
9475 9550
9675 9746
9904 9934
179 185
360 368
512 533
596 629
776 804
1086 1110
1293 1311
1478 1486
1590 1616
1788 1856
1883 1956
2070 2169
2440 2443
2526 2543
2663 2808
2953 2991
3047 3159
3368 3368
3478 3558
3724 3754
3842 3872
4078 4087
4315 4317
4395 4432
4579 4581
4741 4796
5041 5058
5259 5261
5370 5403
5562 5597
5760 5770
6012 6012
6192 6203
6355 6361
6475 6551
6600 6681
6932 6939
6979 7059
7242 7272
7485 7518
7704 7706
7862 7878
8051 8078
8259 8263
8348 8391
8464 8535
8668 8674
8963 8992
9132 9180
9347 9353
9535 9537
9655 9716
9911 9933
106 183
347 361
432 455
751 751
917 937
944 1076
1228 1237
1327 1377
1642 1655
1736 1840
2003 2014
2166 2185
2412 2439
2556 2595
2750 2800
2872 2969
3022 3097
3301 3342
3511 3560
3656 3730
3936 3940
4109 4110
4268 4293
4404 4480
4535 4661
4794 4876
5046 5066
5196 5222
5265 5301
5629 5635
5724 5806
5922 5956
6192 6197
6270 6356
6512 6579
6679 6732
6784 6842
7109 7142
7287 7306
7451 7459
7549 7640
7863 7866
8040 8077
8198 8253
8348 8433
8467 8645
8768 8770
9016 9018
9086 9192
9343 9357
9444 9552
9656 9766
9788 9866
115 153
204 272
440 456
668 678
845 848
1022 1126
1264 1300
1425 1475
1606 1624
1763 1780
1961 2024
2222 2248
2395 2396
2626 2626
2674 2770
2897 2920
3116 3187
3369 3379
3413 3513
3738 3752
3763 3922
4088 4123
4302 4320
4510 4511
4698 4699
4761 4777
5059 5066
5192 5229
5426 5448
5478 5520
5778 5819
6005 6009
6029 6151
6217 6307
6463 6513
6708 6759
6808 6852
7116 7137
7216 7268
7370 7450
7701 7706
7873 7874
8003 8056
8223 8251
8423 8428
8592 8613
8774 8807
8944 8951
9129 9143
9308 9341
9506 9515
9748 9762
9962 9962
70 185
339 343
432 465
610 721
758 937
987 1099
1141 1259
1373 1483
1607 1638
1755 1807
2054 2055
2078 2238
2348 2438
2488 2611
2731 2795
2847 2934
3164 3169
3268 3351
3436 3522
3745 3750
3897 3938
3990 4031
4278 4320
4498 4505
4590 4675
4750 4768
5019 5051
5183 5241
5321 5425
5577 5630
5645 5820
5913 5998
6030 6129
6274 6381
6508 6534
6588 6745
6880 6951
7087 7125
7220 7314
7468 7512
7576 7703
7840 7877
7982 7988
8113 8237
8314 8362
8615 8644
8723 8756
8872 8940
9167 9167
9354 9397
9558 9561
9650 9713
9887 9888
113 148
274 286
404 516
688 723
908 912
1051 1102
1251 1305
1462 1494
1526 1665
1810 1833
1911 2000
2081 2140
2300 2376
2530 2586
2648 2701
2821 2847
3071 3188
3301 3332
3437 3454
3658 3704
3885 3900
4064 4082
4223 4287
4453 4484
4622 4630
4724 4843
5012 5023
5187 5258
5377 5430
5588 5617
5795 5824
5948 5972
6153 6179
6357 6364
6579 6579
6618 6737
6943 6949
7096 7126
7206 7297
7414 7499
7531 7682
7893 7894
7907 7917
8193 8196
8343 8455
8565 8566
8799 8803
8941 9022
9082 9096
9388 9389
9495 9545
9751 9754
9871 9914
12 74
327 328
398 448
677 677
902 915
954 1069
1169 1231
1412 1422
1552 1616
1869 1871
1950 2009
2086 2124
2333 2438
2591 2622
2813 2816
2843 2857
3177 3187
3197 3282
3536 3565
3620 3738
3844 3916
3996 4099
4143 4192
4366 4392
4566 4640
4838 4879
4941 5074
5215 5224
5281 5426
5619 5638
5771 5779
5977 5982
6090 6181
6385 6388
6438 6563
6608 6694
6799 6801
7140 7140
7234 7247
7433 7469
7658 7693
7832 7834
7973 8058
8199 8258
8348 8363
8480 8552
8702 8705
8861 8983
9073 9186
9214 9346
9559 9581
9755 9764
9792 9933
102 151
284 310
383 475
611 703
794 866
1091 1103
1129 1212
1327 1453
1643 1643
1729 1745
1905 1932
2208 2239
2432 2434
2496 2552
2685 2706
2959 2986
3024 3176
3241 3247
3440 3550
3633 3657
3823 3900
4054 4106
4193 4281
4366 4491
4593 4696
4714 4880
4902 4989
5219 5257
5334 5335
5627 5634
5651 5754
5957 5997
6023 6047
6370 6391
6418 6484
6691 6748
6779 6893
7048 7075
7271 7308
7354 7375
7652 7661
7849 7856
7950 8000
8116 8181
8407 8416
8549 8627
8799 8814
8850 8874
9182 9193
9373 9393
9539 9580
9672 9673
9789 9855
112 114
224 371
517 551
688 702
845 908
1043 1120
1248 1308
1415 1448
1553 1581
1780 1820
2018 2064
2249 2251
2283 2302
2472 2546
2742 2783
2904 2986
3166 3183
3307 3377
3495 3532
3712 3757
3778 3937
4026 4111
4298 4313
4340 4497
4527 4559
4772 4841
4893 5036
5217 5245
5276 5440
5561 5633
5794 5823
5918 5968
6058 6158
6335 6340
6466 6536
6724 6752
6833 6858
6958 6992
7280 7287
7475 7477
7665 7688
7864 7881
8046 8079
8164 8175
8382 8387
8498 8625
8769 8800
8942 8955
9058 9201
9319 9358
9426 9502
9656 9746
9792 9955
98 99
341 342
445 519
643 705
868 895
954 1087
1209 1279
1331 1453
1658 1683
1837 1873
2031 2032
2199 2255
2372 2390
2459 2578
2802 2817
2961 2986
3068 3148
3347 3366
3491 3549
3597 3668
3798 3942
4126 4129
4188 4275
4502 4508
4644 4678
4869 4875
5056 5063
5226 5246
5321 5325
5627 5631
5723 5804
5855 5883
6176 6176
6349 6363
6452 6458
6629 6753
6788 6817
7041 7128
7155 7247
7408 7484
7545 7658
7729 7841
8023 8050
8120 8265
8379 8451
8627 8643
8686 8810
8928 8963
9193 9200
9393 9396
9494 9574
9727 9727
9941 9943
39 139
196 314
468 489
725 744
923 937
1110 1123
1213 1236
1357 1484
1654 1684
1758 1788
1953 2042
2155 2251
2300 2377
2447 2627
2797 2818
3001 3004
3027 3054
3323 3334
3516 3556
3693 3727
3786 3933
4036 4104
4161 4176
4448 4458
4533 4620
4779 4850
5038 5040
5215 5237
5432 5434
5624 5636
5679 5727
5840 5850
6067 6165
6379 6379
6435 6562
6588 6643
6894 6952
7067 7129
7177 7182
7360 7481
7679 7692
7818 7834
8019 8052
8196 8242
8284 8380
8620 8620
8795 8801
8847 8979
9145 9168
9362 9398
9428 9584
9671 9723
9952 9956
167 178
337 356
496 525
712 741
816 837
1126 1126
1235 1263
1426 1429
1540 1550
1786 1809
1895 1978
2161 2225
2274 2432
2470 2553
2681 2686
2863 2953
3187 3189
3254 3349
3567 3567
3754 3754
3786 3919
4035 4063
4311 4314
4345 4370
4575 4674
4784 4845
4979 5067
5229 5235
5328 5429
5625 5632
5711 5757
5834 5902
6122 6155
6350 6372
6486 6504
6727 6730
6875 6904
7094 7114
7208 7285
7384 7474
7630 7678
7888 7890
8060 8072
8121 8179
8361 8411
8639 8639
8715 8808
8947 9022
9030 9125
9379 9398
9420 9462
9617 9636
9787 9948
32 86
343 344
548 553
661 737
799 885
1125 1127
1269 1280
1446 1494
1553 1581
1853 1875
2035 2040
2255 2255
2301 2414
2482 2618
2641 2796
2874 2914
3187 3188
3298 3368
3504 3542
3720 3731
3794 3891
4059 4112
4262 4301
4461 4484
4526 4671
4865 4867
5071 5074
5110 5259
5274 5303
5599 5612
5730 5746
5849 5962
6193 6198
6224 6385
6428 6507
6737 6762
6812 6820
7012 7026
7275 7290
7409 7504
7522 7544
7812 7888
8029 8065
8174 8258
8290 8402
8516 8565
8798 8814
8928 8929
9115 9131
9303 9359
9440 9492
9656 9735
9830 9937
