449
21 66
263 264
368 377
522 525
637 655
766 773
830 850
1013 1048
1069 1184
1287 1328
1377 1383
1465 1490
1715 1715
1798 1843
1909 1910
2050 2124
2176 2177
2360 2379
2524 2526
2647 2652
2684 2754
2884 2917
2983 3051
3170 3183
3277 3287
3338 3407
3460 3534
3676 3718
3726 3743
3906 3961
4071 4071
4235 4245
4281 4367
4424 4431
4573 4640
4737 4764
4841 4877
4954 5031
5107 5112
5298 5316
5325 5376
5563 5573
5647 5698
5814 5838
5924 5954
6053 6107
6193 6232
6269 6290
6506 6510
6564 6646
6737 6758
6838 6886
6994 7020
7103 7116
7300 7300
7321 7369
7542 7572
7611 7682
7818 7822
7965 7971
8004 8050
8233 8237
8327 8354
8491 8499
8534 8616
8750 8761
8816 8826
8945 8970
9124 9175
9277 9295
9422 9434
9567 9570
9665 9686
9818 9824
9876 9904
71 89
265 265
290 297
467 503
582 585
768 773
892 917
1000 1008
1075 1100
1205 1325
1382 1404
1502 1548
1697 1704
1768 1846
1985 1992
2054 2093
2154 2166
2286 2324
2436 2448
2657 2658
2774 2788
2834 2849
2939 2952
3150 3163
3219 3302
3431 3432
3563 3589
3715 3720
3773 3843
3960 3977
3997 4056
4198 4231
4364 4384
4415 4460
4561 4633
4701 4768
4902 4904
4948 5050
5180 5181
5276 5303
5437 5445
5542 5555
5693 5714
5835 5835
5968 5982
6032 6039
6230 6236
6271 6378
6393 6397
6595 6646
6772 6773
6795 6797
7011 7024
7151 7154
7221 7284
7433 7445
7576 7579
7638 7698
7816 7827
7976 7977
8094 8098
8232 8232
8269 8372
8463 8463
8584 8626
8718 8754
8900 8900
9038 9039
9087 9160
9293 9303
9407 9426
9460 9574
9619 9643
9775 9789
9850 9858
115 130
153 242
378 390
441 509
540 609
754 765
848 927
958 981
1153 1173
1209 1277
1439 1443
1489 1590
1722 1724
1742 1754
1964 1965
2009 2037
2182 2182
2285 2337
2466 2482
2561 2590
2747 2777
2881 2915
2954 3053
3078 3143
3232 3256
3377 3446
3564 3585
3698 3720
3764 3778
3967 3976
4034 4085
4135 4232
4282 4304
4511 4512
4616 4646
4703 4778
4844 4845
4925 5041
5146 5161
5209 5274
5324 5410
5506 5510
5622 5666
5751 5761
5883 5927
6036 6099
6180 6207
6381 6381
6431 6471
6537 6545
6661 6669
6788 6895
6948 7024
7129 7176
7193 7227
7418 7426
7544 7549
7680 7684
7771 7839
7919 7950
8003 8074
8177 8203
8373 8375
8493 8503
8629 8637
8667 8731
8897 8897
8950 9017
9073 9165
9239 9251
9369 9406
9465 9481
9610 9703
9752 9759
9845 9856
13 107
164 202
393 396
454 462
655 659
720 733
872 921
1004 1012
1185 1191
1227 1288
1425 1446
1547 1584
1673 1686
1740 1774
1879 1989
2056 2120
2237 2244
2297 2327
2430 2438
2655 2658
2749 2764
2818 2866
2981 2989
3141 3153
3226 3268
3408 3453
3577 3589
3669 3712
3833 3841
3943 3959
4099 4107
4189 4251
4372 4383
4488 4498
4593 4597
4667 4773
4896 4914
5027 5045
5174 5186
5246 5305
5342 5359
5464 5474
5607 5646
5804 5826
5884 5887
6004 6010
6211 6213
6354 6365
6474 6490
6624 6625
6682 6701
6878 6905
7017 7033
7054 7164
7192 7207
7442 7445
7477 7574
7584 7680
7793 7811
7968 7970
8013 8058
8193 8234
8252 8283
8487 8502
8560 8594
8739 8763
8812 8905
9013 9014
9056 9125
9225 9228
9426 9431
9543 9555
9686 9691
9789 9816
9887 9916
81 92
151 201
389 392
527 528
613 651
780 796
815 915
992 1038
1140 1170
1307 1318
1453 1453
1591 1591
1634 1717
1732 1857
1928 1983
2002 2015
2196 2196
2373 2379
2424 2524
2631 2645
2743 2773
2831 2879
3005 3024
3173 3176
3306 3317
3385 3418
3462 3471
3634 3688
3725 3739
3916 3978
4035 4084
4173 4173
4334 4352
4449 4480
4572 4650
4723 4727
4853 4865
5025 5028
5120 5152
5214 5252
5451 5452
5500 5553
5611 5625
5748 5826
5907 5968
6069 6076
6174 6209
6303 6305
6385 6486
6575 6626
6762 6768
6878 6903
6957 7035
7134 7136
7291 7302
7436 7441
7512 7550
7681 7688
7783 7828
7870 7973
8028 8071
8183 8201
8360 8374
8421 8431
8575 8608
8728 8763
8786 8902
8915 8984
9115 9163
9192 9290
9427 9433
9512 9553
9612 9660
9806 9828
9900 9962
11 37
243 261
285 372
445 463
547 574
711 741
819 829
938 1038
1082 1089
1299 1312
1347 1456
1520 1554
1614 1679
1855 1858
1905 1911
2022 2117
2181 2235
2292 2347
2461 2463
2656 2657
2670 2756
2841 2849
3035 3045
3104 3117
3214 3275
3388 3418
3464 3510
3718 3720
3836 3855
3963 3978
4052 4115
4160 4223
4368 4387
4477 4501
4561 4643
4737 4778
4879 4919
4987 5000
5181 5181
5272 5288
5354 5369
5579 5585
5600 5670
5767 5808
5906 5959
6079 6105
6215 6226
6264 6311
6406 6460
6603 6639
6684 6707
6806 6901
6960 6978
7141 7163
7234 7311
7386 7409
7486 7506
7609 7698
7764 7789
7946 7977
7999 8036
8115 8231
8312 8346
8511 8511
8615 8627
8646 8724
8877 8905
8959 9040
9130 9162
9282 9287
9315 9319
9491 9495
9616 9641
9752 9840
9876 9877
