1862
7952 9286
8732 9738
4813 5564
2460 5707
6072 6354
260 6918
6247 7457
9407 9881
4931 6849
9698 9741
9760 9892
296 8245
2553 7092
5169 6203
2602 7648
1013 7350
3591 7857
7609 9025
4000 7218
3623 9528
8176 9544
22 1407
8884 9608
7290 9671
6992 8885
8052 8777
377 6976
9620 9709
4092 8857
2667 6961
72 5796
2788 6975
8483 9953
1552 4126
2279 3530
1009 3091
515 6029
8541 9128
6276 8936
5653 6177
3641 4128
1876 2651
9131 9408
2187 3694
3250 7320
2544 9590
4589 8266
2802 4511
9008 9782
9438 9709
3650 8611
6533 8065
8481 8802
6248 9247
2840 9835
9089 9695
4029 7046
9491 9998
116 8614
8631 8687
4609 8140
7158 8871
8538 8688
8721 9907
7453 9504
4322 4852
4414 9178
4246 7401
6416 7015
1811 8433
8164 8414
6150 8859
1753 9245
156 8766
3857 5631
535 5950
1477 5276
3318 6334
6299 7071
5360 6501
5 6151
9842 9918
985 1663
2317 2821
9669 9677
7529 8489
7614 9444
1134 4180
183 5803
9071 9243
7207 9848
1481 4804
1259 5460
6013 9790
2163 2447
8355 8712
6889 7034
1718 5507
7326 8221
7072 9494
1339 4785
1180 8187
2879 5918
3532 6647
1077 9015
685 1113
4065 5998
3759 7473
4441 9505
9885 9903
2906 9319
3605 5443
3709 4773
8141 8498
8234 9999
3416 3733
5188 6175
4638 6702
1407 1609
8134 9207
4912 6581
8930 9053
2440 3915
9335 9457
6618 8981
4500 6723
7044 9594
4599 6565
5350 6343
6596 6959
1583 5149
2411 9970
8860 9233
6090 9963
261 2044
5202 7041
1038 4354
2618 9858
3152 4272
7147 7275
2512 5452
4159 6288
872 3338
6712 8876
7043 9038
463 9471
2625 4744
7167 7767
3454 8665
6353 7770
4030 6633
9917 9999
35 9999
5156 9682
2963 5302
2908 7378
8583 9072
5527 7608
1855 9292
2250 6045
4115 8542
6837 8856
183 864
1368 3424
7303 9825
9780 9888
3480 5011
832 6321
9398 9493
4240 7627
6168 8202
4021 9963
7212 7967
1699 1777
357 4341
9735 9885
6492 7042
9348 9528
9333 9492
3103 3359
1950 8461
2021 9636
5061 7793
3523 9982
7675 7844
6215 9797
829 9964
1747 1837
587 6445
9628 9692
8653 9278
3571 7404
2774 4973
4977 6090
4396 5372
2403 8082
9228 9889
9062 9962
4869 4904
1878 6056
515 1796
9242 9461
7465 8083
1958 3905
1577 7815
7473 8145
7925 9566
5612 6326
6492 7012
7194 9438
9148 9715
925 6563
3812 9641
2897 5834
2539 7120
6479 8038
6640 8250
7736 8685
4694 6994
2477 6861
691 7893
9669 9700
7816 9515
9235 9325
2124 5028
8586 9807
2903 9625
4026 5926
806 3650
1983 4724
1241 6990
5687 8972
6555 8084
2213 5122
7380 9573
9238 9256
8205 9776
3149 9564
4388 5392
9198 9479
5171 5656
3823 8736
9824 9970
3657 6120
3645 4526
5985 9526
3636 7491
5227 6101
9420 9852
8994 9188
9334 9818
4100 7303
6818 8729
1396 1901
5246 6789
5156 9358
6777 6779
9098 9587
5459 7043
1900 8760
885 6355
7084 8621
1531 9041
9800 9842
5285 5980
4618 8798
1295 7547
4453 9956
8801 9214
9976 9997
9976 9976
2234 7737
6774 9693
1759 9918
9458 9622
3192 9166
1419 5866
3656 6074
9069 9157
816 5970
9455 9948
634 2001
696 709
2482 5469
1148 6781
8751 9640
4877 6849
4702 6762
6326 9129
1844 7406
6816 8509
8124 9404
4716 9527
7889 8256
6943 8276
3073 5831
8243 8965
2895 4008
2218 5350
3543 8334
6414 8287
4764 5590
525 7129
2855 5480
4470 5230
3166 9962
2499 3502
7574 8846
6471 7985
4980 5440
6892 8405
7860 9786
2539 7363
8101 8505
7500 9675
1486 4309
1166 3746
4531 7607
9781 9804
8133 9200
2129 2624
7397 8628
5852 9176
5596 7866
2773 7945
2219 7988
4286 8173
1208 9411
7554 9727
4988 7934
2469 6937
9452 9735
2781 3906
3197 5175
675 6615
6108 8664
8074 8842
3625 8251
93 1725
1680 8838
565 6357
3480 9967
9749 9861
2804 8742
3427 3891
7696 9841
358 6218
3485 8370
5899 8303
9949 9996
9169 9493
2983 4364
3706 9601
570 4221
5601 8386
3336 4678
4562 9472
1002 7895
5363 6489
6393 9205
5597 6210
4059 9095
3313 7386
9158 9562
6390 9951
7075 9529
5428 6062
512 8695
8850 9559
9377 9891
8410 8755
4145 8506
2059 7907
8454 8801
2906 3536
2099 6481
7873 9730
1470 6073
1493 6169
4405 5519
9302 9638
8638 9495
5149 6198
2370 8062
6993 7567
2542 2882
8519 8840
6884 8744
9830 9947
5278 9744
9766 9975
7832 8144
4658 5657
8306 8532
599 2654
633 1519
5715 6374
7931 8375
1402 2254
2136 2866
4034 4734
2128 8431
3092 9783
2781 7771
2714 6651
9902 9997
2582 5515
2525 8944
2792 3647
6708 8647
8700 9729
6350 6463
6772 7574
5165 5341
2418 3937
3580 8344
8519 8815
4837 6490
6294 9947
765 8948
948 7300
5938 9444
4963 9647
2756 5242
5029 5090
7554 8578
7032 9126
1940 8729
2593 7191
2593 9231
7294 9499
4725 8566
6051 7686
1879 5574
9489 9682
3470 4118
5432 9898
820 3077
6277 7760
976 2778
9357 9469
6129 6291
3782 5641
6056 8367
7683 8759
4158 5133
10 4227
3401 8113
942 5792
106 6352
3906 4826
6516 9584
4992 9153
7558 8488
136 4945
4481 6967
7633 9288
6932 9354
7888 9540
2798 3739
2651 5536
3863 6470
6989 7121
2626 8416
2698 5580
6545 8863
3218 5122
7430 8919
4751 7407
3245 7066
1152 7035
1408 1662
6587 7694
7756 9515
7647 9396
8242 8932
1809 4903
8916 9822
6044 6822
6204 8176
4337 4831
8874 9549
1604 9082
7285 9321
9985 9990
707 5422
9214 9746
2492 6636
5864 7418
2299 6758
9632 9792
359 6782
7324 7747
6352 7455
7828 7945
3858 6150
4335 4747
4854 5154
6717 7698
840 7514
886 6348
2736 4356
4663 9458
9244 9312
983 7065
3143 3660
3919 8030
8954 9905
3969 4831
503 4014
4355 6883
6877 9755
5036 5765
4105 7931
3243 7869
9100 9582
827 6474
6743 7673
4490 9221
787 8099
1139 4425
4444 8284
5056 6561
5468 7311
3296 4148
8404 8954
4590 8401
2076 7513
432 8629
171 3965
6038 6824
1095 9672
1824 2190
9381 9957
4437 8547
1643 7567
7152 8562
3604 8218
4713 7817
1609 7566
4505 6718
2216 8605
3432 8994
8338 8843
2509 4335
2881 8331
520 5588
9440 9537
1022 8535
8447 8576
2751 7016
4437 9476
2187 6173
3645 9480
7739 8136
732 2104
4047 7283
9340 9963
2612 8736
576 1911
7396 7798
677 6181
2606 5467
2133 3013
8148 8677
9626 9672
9186 9599
142 1653
2982 3069
3189 6491
1938 7578
2357 8499
1803 6299
2586 6029
8804 8963
5924 8334
7007 9521
3748 7030
854 5175
3756 4973
6906 8493
2455 5545
6723 9322
2387 2672
5715 9550
696 4811
8400 9892
9772 9890
3266 4338
4958 7100
450 4415
2261 3484
9580 9955
7888 8149
5926 9125
4971 8666
3650 4614
9993 9999
552 4569
8804 8939
4177 9072
8993 9989
3809 6751
3045 3887
7195 8850
2845 3405
5810 8942
7744 8477
7271 7567
4579 7960
1028 1359
1848 4326
3544 9170
9371 9915
4495 8753
3642 8760
8623 8721
8638 8997
5688 7206
6223 9829
7512 9170
3081 5229
7637 9868
4685 5308
7134 8416
1077 4762
6608 8455
7538 8159
9991 9991
1026 9540
444 4810
138 3614
4562 6953
2499 8573
6378 7177
9003 9531
5192 5460
795 2889
5075 6333
9851 9880
481 7668
688 932
2434 5440
1856 2003
6028 6244
1534 2476
7489 8895
6444 6995
1225 7176
5914 8202
7851 8972
6800 9477
4909 9901
4499 8272
3858 9755
835 6365
379 7035
5927 9383
1701 6978
8954 9424
1104 8054
9905 9913
426 5203
3283 9787
6833 8914
3695 8023
3461 7833
1768 4670
9534 9566
9685 9940
2608 6298
4788 9996
8466 9318
9179 9732
4368 5380
8102 8542
4647 5171
3952 5010
6755 8975
2654 8110
2552 3398
3919 7924
3783 4446
1185 9447
369 415
8653 9780
2801 7939
8655 9444
3564 6308
3779 4583
8696 9339
4409 5397
7757 8845
288 451
2033 8379
8316 9974
7942 8119
3068 6748
7193 7852
7057 8322
6591 7632
1917 9602
3988 8111
7246 9714
9054 9657
5591 6637
7709 9586
5023 6891
92 5000
2510 5279
5336 8511
630 3045
7021 7585
9512 9577
9779 9899
3585 3778
5536 8044
2410 4512
1943 3027
3052 5465
8373 9733
6837 7406
8230 9966
8389 9202
3311 6037
5639 9774
552 6755
2221 5645
4626 9197
9022 9483
5238 5611
8497 8659
4866 6171
4844 5456
2710 9606
4116 5113
2233 6954
1915 6925
5501 7702
4535 8907
5321 8800
7266 7720
2757 9988
6875 9836
5428 9120
5264 6883
4029 6727
3961 5760
1354 2045
6595 8877
9383 9596
5130 8183
950 9495
6434 6514
5472 6844
4174 5464
6743 8517
3656 4565
2649 9839
352 6909
6074 7128
9974 9997
9117 9562
4964 6210
316 7136
2607 4731
6109 7476
7590 8676
9165 9723
170 1204
4457 7396
1569 3866
1589 3653
2972 5618
5280 7921
4749 5517
8676 9860
5121 5690
5428 6833
1091 2011
7695 9627
756 8797
5360 6238
8933 9928
5122 6220
8894 8989
412 3101
5707 6933
2615 5106
1800 3115
1885 5037
7780 7808
3717 5807
5985 7996
2832 9877
4535 4835
7418 8968
6204 9818
3691 6260
7708 8143
6934 7139
6898 9491
8024 9027
2307 8277
970 3576
3509 4110
1669 8426
8034 9618
9387 9452
2357 5258
1925 4319
1422 5317
8687 9748
9859 9942
7885 8812
4039 8070
3025 6104
3961 5616
736 3259
1162 5240
5263 5673
8003 8716
6054 9973
9544 9714
5743 5842
5285 7336
678 7133
828 2330
1899 5533
9134 9159
1318 3817
9080 9974
9626 9898
6466 7415
7768 8316
2968 9934
6174 6684
3964 6978
2917 4634
3466 6022
460 5807
1793 8285
2059 3554
6964 7605
4059 7132
4247 7534
2115 6735
4602 9796
2631 6822
3737 9840
9466 9543
6765 7326
5220 5244
5242 9440
4800 9951
6486 8720
6861 9582
5107 6571
8115 8582
421 2152
266 5399
9864 9964
638 7584
7594 8990
974 5262
7399 7567
6642 7078
5349 8795
7865 7958
499 9946
5797 9844
5255 7553
3661 7125
9007 9713
2585 9816
7367 9878
5261 5263
4094 8786
5761 5928
2319 4235
8730 9109
2535 2577
3431 6132
7484 9032
480 4543
3693 9558
4841 7136
5559 9349
2524 6464
5655 7670
9667 9911
3266 8373
9784 9852
8484 8551
2630 3684
5960 6470
4551 4824
6974 8527
327 1430
7730 8645
6402 7053
3162 6509
6055 9861
9939 9968
3835 5499
5569 9166
2260 8476
7912 8646
6327 6606
8069 8742
8468 8682
7390 8963
441 8799
8074 8533
9131 9830
8131 9973
9188 9324
145 1017
8825 8961
9806 9897
1748 4754
7438 8261
3442 3469
5834 7416
3073 3708
7864 8730
7332 8350
1660 7380
4049 8676
3623 7865
5990 8741
6893 6926
7257 9519
3070 9145
6131 7022
175 9888
4287 7860
9257 9405
5754 7283
9055 9321
7989 8025
1021 8850
7494 8280
304 7058
7716 8571
7637 8698
4119 5005
5657 7128
4900 8741
2924 7459
6773 9465
2319 8561
9349 9905
3463 7116
4964 5844
418 6242
9499 9725
696 9985
2763 2916
1796 9711
9924 9963
2982 4258
689 4391
116 7190
3019 4565
162 4864
573 1143
3791 6922
2291 4766
6338 7290
8511 9105
555 2969
8587 9213
6158 9922
932 5818
2666 5156
6450 9934
9898 9958
4879 9658
6004 8975
3573 5671
3302 8008
7003 7557
1313 2308
4140 9585
3271 9863
7566 9886
9912 9927
582 5020
9372 9866
7003 9730
4523 9442
3035 5140
6805 9548
2420 8566
85 8560
6571 6979
9720 9841
6463 8163
1955 9964
3666 5031
5342 7787
9871 9874
4802 8583
7227 8933
4202 4834
8959 9076
2090 8860
8993 9830
2627 4960
3322 5524
7444 7885
23 7776
3917 5473
5569 8893
8671 9062
3916 8377
6656 8643
8357 8969
3387 8901
1997 4747
4931 6082
6898 8303
8121 8968
219 1510
9152 9873
8346 8372
3130 9294
8931 9387
6203 8984
6187 8542
5869 7585
3855 4595
6690 7455
7623 7978
1517 9068
3829 9994
976 7148
1352 4918
4251 9258
1227 8187
1662 5985
46 9383
5364 9147
1199 6751
3755 9116
6981 9344
7907 9221
4447 8165
6077 8698
7794 9270
9498 9605
9441 9807
3576 7074
6001 9957
130 9823
8086 8426
2978 7396
3105 4950
635 5220
7825 8949
1029 7816
946 3077
2680 5248
7941 9975
6389 8654
4150 6051
5760 8415
3840 7580
2211 2644
9792 9841
7010 9077
9104 9905
3456 7333
7580 8859
9450 9949
2202 6627
748 4694
2619 2647
2448 8330
3460 4019
7232 9912
3180 5388
5182 5869
5678 9465
4134 6930
6093 8228
3014 9186
9737 9884
8735 9237
4734 6246
4948 6592
5642 6846
8562 8846
4595 5098
1206 7875
5000 5755
4410 6816
4983 9447
6048 7642
9529 9795
3771 4783
2045 7420
5303 7133
2340 3541
6679 7218
1383 9889
1028 3036
5783 7500
7483 9302
263 1869
7165 9191
752 8281
7642 9229
4692 8833
4496 6513
7625 9605
1381 5108
2020 9329
9220 9439
3274 9696
4109 7595
7283 7438
3210 8727
8464 9001
5913 6945
4256 4451
8665 9072
2656 4836
6553 6988
102 8911
2758 3816
3526 3863
3630 4132
7209 8917
1393 5846
4680 8838
8185 9923
7803 9307
743 4078
5082 7465
1925 8021
2259 6693
5372 8327
8268 9357
6300 7523
5521 8867
2661 4386
8054 9301
4123 6712
1528 2489
8331 9993
9646 9694
8162 8580
4061 4298
3876 7678
3808 6563
3575 4243
7461 8662
566 2109
9762 9936
8153 9341
4104 9216
7748 8163
8707 9530
8656 9665
6519 6998
4034 8251
279 355
9371 9752
1065 2220
170 5870
4146 7677
1984 8237
6170 9669
5417 7614
2616 6142
2923 3069
593 1935
1031 2342
1958 4509
210 2737
7287 8740
7445 9687
6712 8650
2106 8954
1634 7206
1991 7955
9589 9613
2932 7702
9638 9784
4599 6485
7716 7899
3305 5887
4350 5682
5318 8333
1390 9336
1037 3224
1745 9445
2234 6767
7625 8680
4892 7930
5525 8839
2708 8331
2704 7240
2557 6074
9497 9922
8976 9759
4312 6903
5317 6890
3008 7270
2154 7162
8325 8975
2137 2427
6520 9096
6943 7159
2839 4586
1834 3117
4752 8832
8641 8896
3267 3352
9632 9656
1589 9799
3282 9589
6081 7387
1868 3059
1304 1741
396 598
1741 8673
3836 5354
4280 8121
2107 3794
2823 9717
499 8797
4715 7699
5705 7433
6677 7217
9386 9611
3807 4326
7564 8034
6607 9425
4534 9425
4092 6721
9639 9899
6411 9928
5009 7804
9572 9861
9076 9659
3918 4263
7268 9053
4464 4878
9339 9573
4480 4545
7065 8575
2697 4353
1021 9881
3453 6204
4334 6322
8824 9961
9918 9923
4566 6820
9003 9215
3993 8989
4213 5051
8163 9312
9102 9457
2071 3721
4751 7347
7906 9300
6846 7949
1548 9803
5790 8765
8463 8511
8226 8378
6073 9324
9342 9601
4502 5753
65 3647
5206 7706
706 3090
4995 5113
5981 8989
8020 9904
9738 9742
5949 6893
6755 9673
6857 8536
5313 8378
4247 4543
7776 8412
9598 9775
4805 9070
4426 7615
6680 8834
437 9501
1577 5980
4184 9428
1373 9284
5006 5337
7886 9714
8951 9579
1360 4466
5916 6511
8147 9072
7130 9488
8465 9749
5492 5496
4141 7434
2279 4497
7422 8819
8562 9233
4008 6835
1149 5755
3264 6831
5110 6023
7031 7271
5317 9883
3265 4027
5290 7882
179 4174
8607 9487
9553 9669
2509 5020
8115 9731
2073 3251
7545 8947
4903 5767
5441 7136
3642 5214
4354 8701
5289 9534
3819 9096
5495 9344
628 5653
6383 6470
8598 9007
1677 7412
9013 9917
3552 4668
3487 3611
2027 8439
8967 9384
2519 2878
3806 9034
2544 2857
8563 8810
67 7280
3603 4911
2318 6136
1073 7492
373 3108
3636 7363
7115 8436
8584 9594
755 7716
7135 8795
789 3792
5087 8389
8407 9493
5838 6526
1332 4478
6581 7863
5077 9553
3661 9576
3829 9498
996 3410
9715 9984
5922 8622
5485 7366
223 5707
4722 6249
9359 9458
3173 7867
9707 9985
3277 4105
335 774
5221 8842
4936 4980
7677 9479
7304 7382
5291 7235
6695 9926
2387 5992
2517 8182
9838 9924
8456 9421
1078 5243
1970 8824
9941 9955
8875 9446
9239 9342
5555 7949
6589 8090
2468 5588
8743 9485
8019 8777
686 3105
6272 8394
5623 9984
2129 3384
2365 5770
339 827
2047 8659
1719 3132
3927 7039
7690 9748
2824 3789
1339 4875
9245 9329
8335 9492
4532 9304
5905 8282
7991 8731
2407 5781
4633 8311
6338 8932
6855 9318
6020 7833
1513 4856
2912 6332
5037 5092
9192 9320
9615 9871
3669 9847
9891 9955
8134 9823
5529 9400
4434 7843
6540 6653
8738 8888
2530 5995
1839 6920
2795 4776
8541 9411
8178 9448
3875 4058
284 384
5912 9080
1905 5221
8264 9400
5969 9454
8651 9128
5330 9790
2793 9345
1978 8847
6935 9020
5418 5447
3216 8505
6267 9638
582 3195
6729 7028
8097 9283
6759 7690
2781 4906
732 2313
9331 9810
888 4028
2578 8171
9535 9800
8450 8935
980 1356
2939 6308
8053 8124
1467 4949
4907 6121
5619 6912
5750 6261
1051 5224
2428 5349
6195 9348
1568 2668
2180 8544
5074 9100
3194 3693
1068 1226
5028 5536
423 9890
3835 4065
5690 7465
75 1708
4035 9006
6179 8454
5695 5794
7519 9177
9202 9436
3275 3995
9229 9530
6271 9201
6304 7930
7836 9847
4918 8159
1811 7615
9565 9755
6334 6490
6604 7018
4597 4724
9280 9668
6578 9496
6279 8822
4333 6669
2020 2145
4837 5908
8398 9177
3685 6030
1038 2015
2600 6145
2540 2856
3912 3992
2362 9284
931 8315
5180 6095
4627 9239
6820 9699
679 6921
4514 8261
5061 5158
5339 6917
1508 9899
7202 9482
6139 9758
1383 6673
3537 4996
7542 9153
5458 6441
8758 9968
6506 7912
5091 7536
772 2451
7451 7529
3439 5705
7458 7743
8470 9391
3460 9421
2996 4605
9305 9658
7516 7676
8807 9151
295 6547
6782 7773
5757 9753
1717 8089
1819 3298
6002 8902
8706 9671
4543 9157
3308 4031
3797 6167
1733 6319
9059 9264
5418 9413
114 8398
9158 9175
7189 9374
1030 5915
3763 7990
9913 9954
403 3567
4809 9529
9813 9860
7971 8291
1798 1826
7138 9664
6713 6766
9553 9751
4335 5149
4393 5023
3456 7613
1286 4792
4097 8993
7912 9820
8466 9802
1121 4378
8377 8862
3277 5363
1865 4228
73 5645
7805 8457
5504 6757
7912 9331
2750 3503
1884 8595
5345 5488
8546 9832
2830 5720
1438 7262
4043 9025
4533 6444
6961 7578
5492 6995
752 5744
2704 9977
3154 7276
9095 9885
650 983
3258 6023
1614 9987
2879 7206
9178 9183
6598 6660
6896 8426
3401 6462
7893 9055
1620 8522
8901 9781
2703 7493
6007 7934
3011 9615
4821 8939
4620 5584
7516 9849
9791 9920
2737 5187
7903 9320
1869 4595
5039 6948
3874 8502
3845 9134
2030 3593
861 4951
6898 7155
3833 8234
1483 6696
2188 3315
9450 9850
4409 4732
2813 6166
4791 9852
3876 7471
7057 9592
2627 6327
49 5723
6867 6990
8001 8475
8730 9226
1742 3658
7358 8439
1647 3674
5345 6055
5597 6720
4765 6734
3767 8451
272 4463
1003 5267
5500 8931
5477 6414
2731 6456
6889 9630
2092 4979
1535 8201
8298 9264
7770 7943
812 1799
6458 6623
7264 9978
8398 9785
5408 9654
5300 5482
3514 7952
3119 3477
5660 9672
8519 9978
6089 9142
3757 7018
9012 9223
3069 9722
5239 7932
3802 5169
2207 3290
6664 8800
5642 9598
8076 9062
7825 8689
3043 3128
4655 9169
1673 5194
745 5527
2398 3106
7317 9128
4156 7171
7232 7515
7566 9570
1016 4046
7254 7674
2748 8431
2922 3260
2011 7935
1018 4909
4848 6841
6820 6872
4128 4487
8382 9438
1993 2967
2499 7198
6532 7647
4758 4824
3737 4497
9209 9477
342 6372
3414 7817
4596 7829
5698 6158
9172 9221
2279 6366
6108 8820
7569 9320
2495 7697
7928 9055
2198 2596
5713 6039
8482 8898
9219 9493
3869 6303
8705 8955
308 717
9900 9903
6433 8956
6162 7270
3139 4754
194 3419
6238 8314
5079 5195
9038 9920
812 8436
4439 6810
4131 4868
2403 9526
2665 6946
2415 6600
9840 9913
6817 7818
2625 9602
3010 8086
7867 8033
9321 9796
4381 9993
5479 9073
540 8990
2081 6481
7306 8694
5414 9469
2935 6668
7801 7950
7241 9319
3549 9601
7228 7916
5595 8012
8301 8420
5202 9051
4922 7114
8807 8902
8935 9302
6427 6655
2679 8129
7703 9305
6215 6524
5863 9245
1642 5543
2504 9791
3068 4097
212 9997
7871 9735
5491 9441
5956 8479
5709 9337
7761 8862
125 4104
7205 9633
5091 7683
331 4133
8022 8250
8744 9959
9004 9650
7920 9605
4993 8192
8032 9156
5717 8844
7361 9841
5941 6105
8963 9532
8744 9919
2931 8619
940 8308
288 2126
2239 2385
8587 9898
2 1077
5865 9004
4672 4748
1776 9603
4668 6794
8258 9978
7618 8312
1414 6338
4060 7424
3565 8070
3382 5097
2891 5326
8886 9281
8504 9453
6757 7533
9846 9851
8629 9295
646 3837
435 1052
6383 8105
8566 8925
9532 9891
8663 9846
6200 7942
609 1778
3217 6708
3895 5584
3678 8361
6254 9698
7515 8010
3246 9241
9305 9830
7855 8626
1597 9549
8316 8390
609 1560
552 5724
5508 5877
3718 8467
7032 8369
8050 8182
1392 9123
6186 6892
1149 9441
2407 3563
1282 3505
7116 7786
5757 7613
6479 7682
7412 7978
9194 9935
4893 5468
4159 5980
9677 9747
5713 6149
9173 9253
3590 6713
499 6448
4379 5108
5875 8621
4981 5358
3211 8882
419 6858
2232 4272
4125 7456
615 7487
2751 6507
4717 6217
485 2833
5408 9255
3196 4042
1871 3325
4741 6294
8675 9957
5236 9476
2832 4049
8432 8757
