3311
194 317
638 638
817 949
1013 1241
1548 1582
1990 1994
2193 2294
2495 2543
2910 2917
3211 3280
3590 3627
3766 3863
4080 4175
4457 4637
4687 4778
5279 5324
5349 5439
5680 5903
6227 6249
6450 6531
6727 6786
7254 7266
7583 7638
7856 7961
8108 8245
8654 8657
8741 8903
9275 9303
9654 9656
9897 9924
254 310
572 603
899 941
1056 1324
1643 1658
1675 1806
2222 2224
2537 2616
2847 2969
3207 3251
3574 3575
3715 3895
4235 4326
4519 4532
4844 4988
5071 5100
5396 5470
5665 5861
6012 6083
6592 6615
6860 6899
7312 7320
7552 7568
7718 7932
8243 8305
8556 8618
8675 8697
9280 9291
9427 9569
9946 9952
49 202
534 660
841 991
1114 1163
1387 1545
1922 1956
2138 2156
2414 2610
2768 2845
3063 3314
3453 3654
3825 3830
4114 4115
4603 4611
4805 4909
5162 5277
5621 5651
5934 5944
6012 6067
6649 6655
6750 6774
7077 7169
7397 7454
7957 7972
8193 8248
8627 8642
8805 8825
9202 9214
9650 9653
9834 9885
133 186
596 614
748 830
1023 1213
1470 1555
1894 1979
2136 2165
2475 2509
2902 2910
3213 3312
3372 3431
3835 3918
4256 4276
4393 4441
4715 4884
5199 5235
5331 5598
5947 5966
6075 6267
6628 6644
6735 6845
7252 7305
7596 7648
7991 7991
8235 8253
8368 8517
8734 8805
9075 9301
9548 9652
9861 9941
3 175
545 662
971 996
1264 1305
1621 1635
1979 1988
2323 2329
2367 2467
2909 2962
3251 3314
3459 3575
3967 3980
4078 4163
4541 4654
4978 4985
5036 5256
5450 5461
5774 5793
6107 6296
6632 6634
6971 6982
7056 7070
7426 7644
7928 7943
8241 8281
8651 8653
8705 8842
9032 9156
9467 9601
9680 9803
243 271
368 519
960 973
1104 1285
1354 1436
1985 1991
2295 2301
2663 2663
2676 2741
3170 3218
3380 3434
3839 3854
4183 4256
4407 4644
4978 4979
5160 5205
5330 5396
5978 5988
6151 6226
6396 6403
6891 6948
7203 7266
7450 7458
7786 7935
8167 8244
8508 8624
8706 8917
9297 9307
9412 9568
9759 9783
142 181
589 648
890 899
1181 1238
1582 1605
1930 1945
2245 2295
2479 2663
2972 2993
3298 3305
3515 3563
3741 3842
4147 4310
4605 4617
4757 4854
5017 5142
5472 5482
5859 5864
6189 6215
6579 6627
6935 6982
7111 7280
7604 7618
7863 7930
8082 8244
8537 8575
8790 8888
9318 9320
9438 9469
9658 9691
117 256
339 376
944 990
1156 1273
1368 1470
1970 1972
2079 2166
2536 2627
2901 2915
3191 3266
3488 3629
3670 3887
4015 4239
4534 4557
4877 4902
5090 5282
5542 5598
5745 5863
6025 6315
6500 6534
6878 6986
7047 7289
7430 7538
7722 7901
8312 8322
8499 8648
8880 8946
9123 9141
9455 9607
9783 9964
74 121
569 622
756 799
1230 1264
1529 1576
1729 1860
2076 2095
2423 2438
2952 2980
3043 3314
3395 3456
3836 3913
4198 4310
4521 4644
4944 4977
5212 5217
5556 5574
5969 5991
6088 6139
6569 6597
6793 6943
7064 7151
7360 7616
7841 7954
8242 8318
8351 8434
8904 8945
9022 9129
9634 9646
9804 9948
187 223
623 639
742 743
1026 1253
1400 1459
1931 1984
2286 2329
2442 2655
2813 2935
3163 3316
3630 3653
3814 3878
4195 4206
4415 4653
4908 4986
5271 5296
5433 5465
5688 5779
6091 6097
6637 6646
6833 6965
7166 7230
7574 7593
7783 7786
8318 8321
8458 8640
8681 8904
9043 9102
9549 9624
9759 9888
248 332
353 384
890 913
1150 1240
1428 1587
1892 1943
2262 2297
2470 2587
2733 2976
3217 3229
3448 3632
3832 3834
4255 4280
4453 4569
4748 4877
5027 5327
5385 5411
5775 5960
6017 6230
6342 6527
6876 6951
7308 7311
7357 7652
7666 7906
8091 8140
8598 8631
8821 8960
9228 9231
9596 9617
9684 9708
61 224
458 584
907 978
1284 1284
1653 1662
1689 1829
2047 2293
2649 2663
2958 2965
3302 3326
3559 3636
3906 3964
4183 4249
4626 4629
4769 4927
5052 5251
5563 5589
5715 5760
6308 6320
6328 6417
6782 6915
7131 7164
7597 7622
7744 7825
8129 8132
8338 8347
8920 8939
9063 9262
9351 9515
9782 9895
86 309
435 608
726 989
1129 1307
1589 1627
1977 1978
2147 2273
2372 2638
2724 2969
3156 3255
3643 3656
3681 3879
4143 4165
4372 4571
4833 4978
5200 5277
5541 5616
5978 5985
6044 6173
6655 6659
6727 6877
7078 7140
7586 7606
7834 7937
8055 8248
8356 8422
8678 8700
9202 9265
9458 9550
9795 9944
227 251
334 549
850 910
1255 1258
1646 1663
1846 1852
2146 2204
2546 2625
2885 2894
3215 3294
3339 3517
3678 3881
4083 4110
4653 4656
4849 4958
5150 5173
5616 5623
5712 5930
6080 6305
6410 6488
6815 6992
7150 7248
7583 7641
7788 7837
8208 8290
8558 8590
8746 8794
9144 9254
9434 9456
9702 9718
298 318
382 604
993 996
1142 1238
1453 1580
1759 1991
2249 2258
2424 2499
2852 2965
3018 3257
3641 3644
3804 3978
4297 4307
4378 4537
4925 4944
5085 5173
5353 5424
5878 5889
6097 6195
6595 6597
6988 6989
7201 7260
7630 7630
7980 7985
8015 8090
8447 8498
8729 8735
9146 9150
9611 9622
9751 9822
153 243
344 593
835 927
1169 1175
1348 1571
1935 1975
2294 2297
2424 2584
2773 2911
3091 3320
3555 3559
3763 3978
4100 4328
4592 4630
4962 4979
5135 5248
5358 5471
5668 5913
6025 6249
6614 6633
6798 6881
7172 7197
7365 7399
7752 7909
8057 8153
8595 8632
8897 8921
9215 9310
9630 9633
9774 9963
67 189
537 661
785 872
1239 1248
1494 1662
1914 1959
2291 2327
2483 2497
2916 2970
3091 3311
3446 3635
3898 3979
4182 4191
4530 4660
4861 4921
5174 5323
5596 5596
5950 5968
6312 6316
6576 6598
6695 6921
7084 7143
7595 7613
7818 7904
8194 8239
8418 8442
8671 8696
9213 9310
9327 9405
9769 9908
113 133
609 636
929 969
1160 1197
1368 1529
1745 1900
2130 2318
2641 2653
2703 2874
3141 3328
3466 3466
3878 3909
4197 4309
4498 4521
4710 4938
5097 5293
5536 5615
5875 5965
6191 6274
6497 6538
6744 6781
7317 7317
7428 7487
7747 7970
8049 8197
8342 8537
8760 8922
9158 9306
9626 9632
9680 9980
87 322
360 631
789 943
1142 1166
1438 1551
1985 1994
2021 2248
2375 2613
2843 2912
3012 3243
3349 3450
3887 3926
4101 4314
4519 4566
4949 4949
5040 5222
5581 5598
5857 5858
6201 6286
6549 6566
6692 6975
7090 7288
7375 7647
7895 7925
8062 8271
8599 8615
8679 8822
9173 9323
9606 9639
9839 9875
276 301
419 495
949 958
1208 1312
1643 1656
1749 1848
2047 2224
2393 2436
2724 2741
3159 3289
3596 3612
3941 3979
4079 4167
4489 4524
4969 4981
5043 5121
5365 5566
5881 5985
6121 6194
6578 6634
6889 6915
7183 7325
7563 7652
7874 7889
8032 8159
8560 8637
8721 8732
9149 9179
9462 9557
9890 9947
45 164
560 624
921 946
1218 1241
1581 1649
1907 1974
2294 2304
2499 2514
2960 2963
3005 3130
3602 3620
3768 3980
4079 4312
4546 4634
4822 4881
5015 5317
5481 5582
5740 5929
6303 6306
6480 6523
6676 6891
7073 7117
7410 7619
7760 7791
8234 8265
8643 8648
8916 8987
9241 9251
9560 9617
9910 9933
53 171
443 528
950 993
1167 1324
1454 1482
1768 1873
2102 2206
2419 2430
2796 2903
3079 3251
3569 3607
3837 3839
4182 4296
4619 4622
4711 4811
5273 5282
5511 5604
5694 5974
6021 6124
6402 6583
6819 6878
7099 7107
7421 7489
7982 7982
8057 8279
8431 8496
8661 8736
9063 9269
9552 9605
9723 9934
30 302
538 543
970 992
1005 1318
1557 1624
1866 1971
2215 2295
2491 2517
2825 2932
3098 3147
3585 3628
3842 3882
4289 4300
4632 4661
4712 4821
5155 5305
5653 5658
5730 5909
6274 6304
6622 6628
6977 6992
7121 7213
7333 7583
7978 7978
8144 8181
8472 8482
8808 8854
9060 9261
9487 9525
9669 9929
70 286
476 546
998 998
1220 1298
1547 1570
1777 1956
2067 2092
2622 2638
2995 2996
3156 3292
3441 3577
3939 3980
4095 4251
4361 4448
4806 4858
5125 5177
5635 5643
5912 5965
6297 6313
6401 6568
6898 6973
7282 7301
7368 7651
7916 7926
8140 8267
8364 8530
8912 8921
9312 9315
9515 9653
9711 9714
235 243
463 494
730 800
1230 1330
1398 1520
1881 1911
2215 2312
2524 2601
2871 2901
3214 3279
3657 3661
3675 3985
4141 4265
4509 4569
4923 4993
5005 5309
5593 5609
5881 5939
6150 6299
6575 6639
6871 6915
7012 7084
7556 7602
7695 7704
8145 8188
8604 8611
8665 8980
9116 9167
9574 9609
9847 9926
254 332
571 636
832 892
1316 1322
1427 1449
1776 1861
2316 2318
2444 2651
2762 2968
3002 3191
3574 3648
3747 3862
3998 4237
4332 4454
4719 4784
5160 5214
5412 5573
5721 5919
6260 6321
6454 6512
6723 6749
7257 7296
7445 7636
7941 7944
8039 8222
8518 8536
8790 8990
9302 9308
9447 9589
9726 9928
173 207
652 654
968 998
1078 1290
1474 1521
1889 1933
2193 2198
2652 2658
2788 2970
3321 3322
3605 3625
3905 3967
4096 4226
4395 4463
4667 4810
5147 5154
5444 5568
5752 5881
6004 6024
6419 6638
6836 6908
7177 7256
7539 7656
7932 7932
8314 8316
8618 8634
8797 8822
9193 9226
9357 9640
9795 9796
162 193
535 627
861 944
1164 1194
1442 1608
1878 1943
2305 2307
2347 2628
2767 2978
3251 3301
3389 3389
3893 3978
4142 4181
4635 4649
4833 4931
5291 5306
5617 5655
5991 5991
6313 6320
6496 6651
6883 6980
7288 7305
7473 7651
7741 7860
8271 8310
8651 8651
8814 8922
9079 9310
9334 9426
9830 9923
148 247
630 645
938 974
1204 1321
1579 1580
1981 1994
2168 2181
2599 2639
2977 2983
3162 3173
3409 3463
3935 3995
4016 4123
4496 4637
4690 4910
5015 5147
5563 5631
5669 5739
6244 6254
6416 6417
6914 6961
7103 7199
7480 7572
7665 7744
8171 8209
8555 8583
8820 8831
9300 9320
9369 9450
9747 9853
174 332
425 548
960 972
1034 1145
1480 1553
1754 1849
2114 2243
2523 2564
2967 2983
3057 3167
3560 3572
3838 3906
4155 4189
4438 4556
4709 4953
5123 5235
5553 5624
5890 5975
6078 6079
6338 6491
6715 6717
6996 7310
7468 7518
7796 7878
8287 8319
8409 8454
8713 8970
9228 9256
9430 9549
9919 9965
141 308
449 457
719 993
1292 1309
1424 1619
1838 1986
2203 2283
2453 2626
2765 2815
3251 3291
3405 3623
3721 3822
4065 4114
4618 4621
4903 4914
5180 5208
5370 5609
5850 5873
6252 6296
6358 6630
6699 6746
7176 7258
7412 7432
7805 7844
8014 8194
8459 8498
8842 8945
9065 9137
9600 9641
9687 9917
208 272
492 633
840 920
1049 1329
1344 1602
1803 1842
2214 2280
2575 2603
2703 2845
3032 3329
3642 3650
3690 3794
4000 4249
4376 4498
4879 4931
5024 5259
5540 5641
5870 5873
6305 6305
6633 6648
6702 6916
7232 7239
7620 7639
7796 7853
8098 8105
8596 8632
8835 8933
9145 9320
9389 9399
9876 9928
229 237
427 441
805 827
1162 1170
1408 1492
1769 1856
2259 2280
2474 2652
2821 2863
3172 3251
3545 3631
3832 3881
4297 4300
4342 4404
4831 4992
5256 5293
5480 5549
5721 5920
6189 6283
6399 6473
6919 6987
7090 7232
7431 7582
7663 7903
8048 8212
8340 8536
8710 8806
9140 9256
9547 9558
9697 9802
260 294
572 646
850 946
1229 1264
1470 1470
1864 1951
2259 2299
2368 2632
2957 2982
3231 3299
3351 3557
3877 3955
4023 4230
4530 4544
4753 4857
5276 5276
5413 5462
5891 5955
6246 6264
6474 6481
6706 6977
7066 7151
7489 7579
7783 7795
8013 8093
8332 8564
8709 8839
9097 9289
9447 9582
9680 9828
39 312
494 647
993 995
1254 1319
1621 1662
1710 1721
2225 2255
2560 2655
2727 2995
3039 3137
3439 3639
3719 3993
4097 4209
4424 4576
4972 4979
5185 5216
5574 5583
5918 5974
6274 6324
6624 6639
6786 6958
7295 7297
7470 7658
7962 7980
8283 8304
8482 8636
8928 8944
9318 9320
9425 9492
9668 9843
209 272
440 463
778 986
1206 1315
1345 1655
1834 1917
2098 2154
2577 2635
2981 2995
3173 3180
3581 3583
3856 3979
4142 4328
4517 4614
4673 4728
5119 5165
5644 5647
5893 5939
6044 6112
6546 6570
6975 6977
7149 7234
7610 7621
7699 7800
8296 8319
8612 8634
8964 8976
9059 9204
9408 9650
9947 9987
258 271
614 628
960 982
1327 1329
1637 1661
1670 1823
2028 2092
2650 2651
2955 2980
3261 3313
3363 3457
3887 3969
4244 4302
4646 4654
4844 4970
5273 5319
5408 5477
5676 5743
6101 6286
6489 6527
6895 6899
7007 7180
7384 7546
7689 7775
8187 8238
8580 8627
8809 8878
9156 9235
9467 9637
9711 9809
144 231
467 510
862 967
1254 1315
1466 1574
1670 1682
2166 2204
2549 2596
2806 2838
3056 3290
3385 3501
3666 3684
4255 4273
4533 4542
4810 4878
5192 5278
5437 5481
5909 5941
6002 6133
6452 6486
6886 6934
7253 7291
7344 7366
7730 7920
8031 8164
8326 8634
8746 8965
9274 9292
9586 9614
9859 9973
28 137
541 618
926 995
1228 1316
1466 1629
1719 1960
2319 2324
2506 2657
2784 2869
3280 3317
3349 3494
3741 3822
4201 4214
4440 4468
4922 4940
5224 5325
5489 5585
5854 5891
6247 6263
6358 6500
6741 6958
7037 7316
7449 7556
7713 7987
8139 8236
8361 8446
8730 8806
9132 9206
9548 9618
9671 9823
36 123
586 618
973 995
1250 1330
1626 1659
1850 1865
2318 2322
2529 2657
2818 2941
3179 3302
3378 3434
3891 3905
4118 4301
4585 4656
4777 4906
5004 5160
5399 5503
5763 5882
6084 6211
6352 6524
6772 6873
6997 7060
7350 7545
7965 7971
8216 8301
8360 8482
8968 8989
9229 9267
9592 9647
9858 9932
185 260
382 382
747 759
1178 1205
1549 1657
1916 1943
2312 2322
2638 2647
2857 2941
3091 3220
3547 3567
3868 3899
4226 4293
4332 4587
4983 4983
5160 5320
5531 5543
5664 5702
6223 6251
6568 6595
6912 6955
7138 7154
7477 7634
7860 7950
8198 8241
8572 8621
8841 8958
9097 9141
9585 9652
9748 9947
289 289
472 631
881 963
1231 1255
1549 1603
1848 1856
2183 2300
2492 2640
2665 2931
3267 3310
3417 3660
3882 3966
4201 4284
4339 4392
4677 4990
5012 5206
5411 5538
5870 5979
6246 6252
6415 6562
6757 6825
7247 7268
7408 7561
7779 7906
8233 8271
8343 8377
8790 8936
9020 9267
9421 9521
9869 9954
321 330
450 480
747 773
1175 1176
1633 1659
1685 1753
2286 2320
2446 2478
2920 2946
3201 3264
3504 3627
3721 3872
4127 4301
4518 4540
4965 4985
5228 5315
5430 5441
5727 5875
6233 6241
6378 6531
6689 6861
7109 7153
7386 7576
7718 7901
8260 8274
8426 8469
8677 8868
9087 9103
9525 9585
9889 9913
324 325
473 490
874 893
1161 1186
1627 1648
1751 1961
2172 2269
2486 2604
2951 2984
3079 3211
3441 3513
3823 3862
4190 4227
4570 4624
4798 4967
5243 5254
5425 5473
5736 5792
6006 6306
6627 6653
6807 6972
7143 7321
7640 7643
7782 7904
8255 8280
8633 8656
8669 8931
9105 9303
9654 9655
9800 9909
7 88
376 626
907 972
1246 1327
1644 1655
1672 1819
2130 2258
2611 2611
2749 2822
3141 3208
3612 3659
3955 3970
4217 4256
4417 4635
4939 4967
5164 5289
5514 5522
5981 5992
6075 6101
6357 6363
6667 6792
7312 7322
7591 7600
7774 7787
8118 8242
8499 8622
8823 8877
9019 9152
9355 9397
9928 9954
6 206
556 628
851 904
1185 1234
1456 1486
1896 1943
2190 2308
2498 2650
2728 2909
3140 3191
3331 3487
3914 3948
4219 4262
4373 4502
4802 4968
5025 5243
5536 5651
5950 5980
6205 6220
6576 6617
6933 6962
7255 7309
7466 7594
7934 7940
8231 8255
8651 8657
8957 8974
9301 9318
9566 9656
9668 9947
171 280
481 522
893 947
1085 1252
1335 1449
1699 1907
2166 2325
2358 2574
2735 2996
3086 3305
3550 3596
3905 3907
4220 4233
4494 4614
4896 4972
5177 5215
5641 5654
5693 5826
6326 6326
6647 6656
6692 6906
7042 7260
7651 7652
7764 7956
8027 8312
8361 8620
8897 8928
9252 9297
9332 9623
9974 9989
326 329
658 662
817 913
1182 1206
1531 1591
1791 1960
2058 2084
2461 2495
2845 2918
3223 3314
3587 3618
3739 3791
4153 4295
4476 4548
4913 4940
5123 5142
5483 5572
5798 5972
6290 6312
6387 6477
6928 6937
7079 7113
7500 7526
7840 7866
8114 8312
8478 8596
8665 8937
9086 9184
9590 9619
9700 9792
72 100
585 632
923 939
1262 1326
1411 1618
1902 1950
2145 2297
2632 2635
2908 2971
3187 3280
3356 3433
3672 3928
4111 4270
4557 4599
4771 4870
5004 5015
5421 5610
5761 5923
6317 6317
6337 6427
6855 6901
7000 7299
7574 7610
7897 7932
8061 8126
8330 8537
8783 8833
9062 9116
9595 9597
9858 9908
330 331
641 651
839 955
1116 1187
1604 1653
1700 1960
2101 2313
2366 2571
2699 2850
3102 3156
3397 3468
3678 3828
4241 4320
4594 4643
4671 4891
5260 5273
5610 5652
5796 5938
6164 6166
6642 6642
6687 6947
7161 7211
7348 7533
7741 7795
8174 8318
8384 8390
8780 8989
9090 9217
9539 9581
9788 9883
60 289
594 647
703 939
1067 1137
1438 1491
1766 1907
2170 2276
2632 2645
2767 2799
3110 3257
3553 3561
3684 3812
4009 4225
4606 4622
4690 4908
5107 5115
5389 5647
5884 5934
6231 6272
6394 6496
6768 6935
7315 7320
7407 7508
7728 7814
8074 8258
8619 8654
8896 8923
9160 9309
9459 9636
9851 9873
311 323
472 624
838 955
1100 1143
1564 1564
1854 1910
2320 2323
2478 2556
2792 2837
3068 3279
3458 3482
3855 3899
4255 4299
4449 4520
4759 4985
5250 5311
5634 5644
5800 5949
6286 6311
6406 6441
6979 6988
7219 7265
7393 7421
7726 7828
8237 8269
8553 8601
8926 8956
9234 9281
9360 9445
9935 9969
29 94
508 536
891 947
1070 1132
1651 1658
1988 1990
2219 2252
2618 2626
2989 2990
3138 3165
3381 3578
3773 3987
4297 4324
4417 4639
4852 4990
5211 5214
5465 5521
5858 5892
6058 6161
6429 6632
6924 6966
7197 7211
7640 7645
7872 7903
8300 8323
8594 8626
8839 8858
9197 9237
9334 9594
9797 9886
241 289
633 641
685 967
1151 1182
1518 1543
1775 1828
2263 2322
2475 2546
2951 2968
3115 3283
3558 3659
3878 3912
4075 4191
4576 4596
4839 4896
5102 5218
5593 5643
5694 5718
6316 6316
6462 6641
6946 6951
7228 7308
7603 7626
7743 7845
7993 8172
8416 8626
8680 8706
9024 9196
9621 9624
9813 9960
251 318
652 660
690 920
1172 1274
1509 1528
1776 1802
2020 2309
2590 2627
2853 2873
3164 3218
3386 3389
3941 3966
4004 4153
4634 4648
4988 4993
5262 5293
5485 5631
5920 5940
6177 6288
6491 6617
6922 6951
7214 7282
7403 7637
7839 7853
8280 8284
8623 8639
8990 8990
9090 9170
9494 9646
9726 9817
61 225
507 560
889 919
1034 1139
1426 1473
1715 1841
2014 2167
2372 2540
2935 2951
3317 3329
3344 3498
3846 3920
4229 4311
4515 4628
4960 4986
5063 5219
5556 5557
5720 5828
6166 6300
6370 6590
6972 6984
7215 7307
7338 7620
7754 7937
8273 8290
8362 8500
8704 8796
9287 9297
9594 9650
9895 9927
308 319
509 583
811 873
1238 1261
1394 1401
1758 1861
2247 2315
2600 2631
2947 2994
3025 3185
3504 3506
3721 3764
4066 4150
4400 4501
4792 4986
5052 5189
5403 5565
5723 5926
6090 6285
6480 6651
6809 6903
7312 7325
7338 7610
7929 7990
8001 8003
8647 8654
8955 8973
9297 9319
9365 9441
9983 9988
323 325
502 587
978 986
1195 1291
1664 1664
1787 1993
2149 2183
2518 2519
2675 2798
3326 3329
3454 3577
3684 3787
4302 4312
4400 4588
4854 4971
5099 5142
5476 5618
5822 5837
6110 6163
6377 6568
6696 6722
7032 7133
7568 7591
7796 7796
8241 8304
8404 8420
8721 8751
9156 9312
9506 9583
9691 9734
331 332
565 644
688 868
1275 1313
1604 1635
1849 1951
2050 2185
2463 2545
2852 2991
3149 3242
3558 3624
3930 3932
4071 4132
4425 4580
4945 4968
5129 5238
5644 5653
5842 5890
6181 6250
6359 6500
6865 6949
7013 7311
7560 7591
7952 7979
8088 8117
8574 8614
8981 8988
9099 9290
9337 9395
9984 9988
3 85
404 586
693 888
1200 1216
1638 1661
1703 1925
2223 2297
2405 2584
2685 2866
3038 3048
3640 3652
3749 3985
4186 4296
4401 4661
4709 4808
5220 5231
5544 5627
5693 5723
6135 6234
6504 6504
6717 6984
7309 7317
7413 7534
7862 7899
8155 8163
8458 8599
8692 8716
9265 9286
9594 9641
9935 9935
221 250
479 645
671 752
1064 1140
1573 1609
1675 1946
2104 2164
2342 2649
2996 2996
3152 3246
3431 3477
3800 3861
4222 4227
4515 4641
4885 4967
5181 5323
5435 5535
5850 5859
6175 6315
6407 6625
6782 6987
7206 7267
7372 7491
7824 7880
8005 8197
8377 8402
8768 8908
9243 9285
9342 9559
9829 9873
96 142
405 503
941 979
1157 1262
1487 1589
1772 1817
2251 2306
2428 2574
2679 2761
3145 3222
3505 3566
3873 3965
4069 4273
4341 4659
4752 4979
5242 5256
5367 5499
5811 5955
6248 6284
6530 6657
6775 6913
7156 7297
7588 7649
7746 7761
8224 8305
8581 8609
8696 8743
9267 9294
9347 9385
9918 9930
38 85
536 541
965 967
1148 1173
1557 1592
1757 1765
2002 2311
2408 2469
2917 2971
3146 3254
3488 3519
3778 3973
4010 4109
4443 4655
4976 4978
5163 5259
5573 5588
5662 5698
6206 6238
6553 6601
6970 6977
7218 7263
7554 7619
7727 7920
8071 8094
8467 8584
8782 8922
9167 9246
9530 9601
9979 9982
129 267
637 659
965 978
1183 1236
1635 1656
1975 1991
2274 2288
2510 2652
2790 2907
3090 3122
3507 3584
3828 3833
4259 4261
4567 4638
4889 4948
5025 5086
5397 5423
5917 5968
6057 6082
6567 6602
6855 6916
7250 7274
7426 7561
7869 7900
8231 8318
8391 8573
8872 8897
9177 9230
9580 9638
9732 9953
172 304
412 443
966 971
1309 1317
1541 1645
1783 1910
2172 2281
2476 2571
2939 2949
3123 3249
3341 3599
3694 3708
4063 4071
4650 4652
4670 4989
5184 5284
5552 5647
5864 5906
6284 6312
6400 6497
6818 6823
7310 7317
7645 7647
7806 7951
8234 8302
8597 8620
8835 8954
9215 9248
9544 9611
9909 9918
39 232
506 606
938 987
1200 1244
1365 1544
1771 1941
2323 2329
2532 2635
2833 2925
3173 3267
3508 3605
3929 3995
4269 4306
4615 4631
4976 4993
5241 5260
5493 5597
5957 5957
6295 6296
6436 6654
6845 6898
7034 7036
7362 7596
7822 7833
8141 8304
8462 8536
8916 8978
9317 9323
9461 9610
9662 9863
102 134
482 559
778 851
1233 1234
1642 1664
1700 1775
2089 2099
2533 2662
2700 2967
3127 3261
3619 3624
3907 3949
4162 4182
4437 4557
4844 4992
5141 5276
5520 5630
5749 5777
6117 6306
6414 6469
6743 6884
7072 7195
7504 7526
7721 7747
8250 8270
8582 8598
8758 8771
9042 9298
9511 9653
9789 9937
122 276
349 421
850 853
1246 1249
1541 1656
1806 1828
2321 2323
2435 2580
2810 2820
3128 3165
3507 3570
3712 3902
4149 4249
4568 4607
4874 4958
5117 5239
5429 5608
5924 5981
6061 6201
6583 6648
6688 6928
7288 7291
7473 7523
7975 7980
8214 8263
8568 8576
8822 8861
9014 9199
9518 9571
9720 9810
141 238
573 591
914 917
1059 1247
1557 1591
1945 1978
2162 2240
2535 2578
2991 2992
3248 3264
3587 3639
3703 3990
4113 4315
4623 4633
4806 4854
5020 5068
5485 5644
5695 5916
6066 6255
6361 6593
6765 6771
7094 7127
7615 7616
7709 7728
8304 8312
8512 8607
8774 8817
9261 9311
9468 9655
9797 9967
234 250
368 507
770 994
1289 1323
1447 1565
1858 1983
2123 2158
2520 2536
2755 2908
3229 3277
3647 3662
3666 3910
4282 4282
4656 4659
4697 4835
5219 5324
5574 5652
5834 5928
6062 6168
6498 6500
6686 6897
6999 7040
7570 7617
7735 7750
8316 8321
8486 8620
8676 8785
8993 9220
9474 9598
9736 9773
239 325
536 628
742 858
1309 1316
1591 1623
1951 1993
2206 2211
2592 2654
2980 2981
3109 3264
3362 3372
3941 3970
4312 4327
4452 4602
4867 4874
5028 5294
5561 5649
5711 5863
6103 6256
6387 6574
6898 6916
7254 7286
7537 7606
7749 7958
8035 8164
8345 8627
8898 8903
9290 9323
9452 9468
9814 9954
77 122
595 660
971 996
1094 1249
1459 1593
1767 1885
2171 2202
2426 2565
2820 2978
3184 3211
3419 3616
3826 3960
3998 4122
4336 4508
4818 4866
5119 5318
5349 5646
5767 5785
6118 6212
6544 6576
6817 6882
7279 7316
7382 7449
7719 7932
8170 8224
8482 8587
8814 8905
9177 9276
9498 9575
9778 9929
209 279
454 535
804 915
1160 1216
1548 1575
1912 1931
2129 2312
2420 2519
2927 2983
3230 3244
3659 3660
3969 3994
4198 4268
4575 4638
4694 4876
5260 5289
5514 5643
5759 5802
6066 6325
6522 6617
6940 6950
7164 7325
7615 7630
7970 7980
8248 8304
8496 8593
8800 8968
9236 9260
9602 9618
9668 9801
18 178
463 626
883 946
1067 1229
1403 1656
1766 1886
2289 2311
2349 2406
2735 2830
3081 3249
3391 3620
3969 3971
4160 4207
4547 4634
4706 4714
5222 5255
5638 5642
5901 5922
6075 6238
6534 6638
6938 6940
7222 7251
7518 7649
7819 7949
8232 8297
8390 8432
8863 8863
9078 9316
9391 9566
9698 9790
129 197
347 441
951 962
1043 1080
1621 1621
1893 1975
2242 2289
2364 2536
2726 2834
3282 3314
3594 3634
3866 3943
4311 4324
4610 4636
4798 4897
5084 5201
5497 5616
5787 5842
6175 6250
6420 6574
6692 6907
7151 7275
7522 7564
7754 7759
8060 8068
8542 8596
8947 8987
9251 9298
9600 9637
9682 9920
80 313
366 588
826 838
1177 1220
1609 1664
1968 1993
2072 2120
2471 2623
2893 2929
3199 3326
3463 3653
3989 3995
4146 4185
4645 4660
4876 4889
5102 5194
5424 5650
5670 5791
6077 6129
6361 6403
6727 6839
7325 7325
7418 7509
7979 7979
8053 8224
8499 8615
8769 8917
9060 9261
9577 9593
9833 9863
125 152
506 663
906 947
1157 1233
1609 1610
1932 1984
2247 2259
2342 2609
2777 2845
3250 3254
3410 3511
3757 3913
4097 4240
4549 4549
4848 4867
5212 5277
5639 5658
5802 5905
6223 6323
6360 6605
6799 6852
7123 7288
7358 7525
7853 7892
8183 8283
8532 8617
8976 8976
9120 9208
9340 9347
9798 9883
118 258
615 661
867 953
1105 1164
1399 1545
1689 1978
2281 2283
2587 2600
2965 2970
3199 3203
3381 3568
3860 3986
4125 4148
4482 4506
4756 4762
5089 5237
5367 5557
5690 5924
6271 6317
6602 6645
6889 6987
7007 7214
7357 7359
7713 7906
8164 8292
8463 8541
8852 8874
9198 9285
9325 9343
9691 9840
183 261
627 639
973 988
1141 1328
1461 1570
1704 1740
2216 2300
2627 2633
2930 2963
3319 3329
3441 3472
3742 3743
4115 4304
4603 4610
4922 4985
5218 5325
5651 5659
5782 5846
6123 6186
6539 6582
6949 6986
7090 7176
7383 7542
7712 7743
8024 8058
8613 8639
8668 8910
9307 9310
9651 9655
9862 9912
10 125
622 660
778 873
1085 1103
1507 1576
1981 1982
2091 2183
2504 2549
2715 2869
3138 3254
3522 3638
3829 3983
4107 4299
4553 4638
4699 4843
5282 5290
5439 5444
5882 5928
6143 6159
6649 6653
6863 6992
7149 7324
7545 7625
7696 7865
8030 8317
8603 8609
8678 8966
9200 9220
9565 9579
9934 9950
256 326
334 490
909 962
1034 1136
1647 1661
1880 1935
2091 2275
2585 2658
2735 2822
3235 3266
3450 3555
3693 3962
4085 4294
4443 4489
4757 4980
5108 5154
5418 5608
5677 5972
6275 6278
6476 6568
6676 6859
7257 7273
7437 7655
7930 7987
8280 8316
8521 8582
8943 8964
9196 9291
9595 9640
9897 9921
227 294
356 469
673 824
1082 1292
1596 1623
1854 1860
2308 2326
2561 2582
2796 2924
3048 3263
3492 3625
3904 3914
4266 4272
4583 4631
4818 4890
4997 5169
5612 5655
5819 5824
6253 6309
6484 6575
6851 6956
7098 7217
7613 7621
7679 7732
8143 8228
8501 8540
8823 8905
9303 9304
9353 9365
9979 9987
264 272
426 576
836 866
1013 1151
1363 1407
1962 1984
2126 2310
2540 2624
2798 2987
3015 3178
3365 3623
3700 3863
4297 4303
4395 4645
4749 4906
5145 5210
5588 5623
5969 5979
6242 6251
6655 6656
6844 6970
7217 7294
7462 7637
7896 7963
8171 8202
8394 8633
8920 8930
9220 9239
9362 9504
9885 9905
137 165
630 631
816 967
1318 1329
1367 1467
1705 1992
2073 2275
2433 2473
2939 2989
3244 3245
3390 3551
3808 3881
4304 4317
4432 4532
4978 4983
5145 5146
5361 5448
5924 5987
6300 6300
6462 6579
6761 6990
7030 7100
7495 7567
7839 7878
8215 8305
8563 8653
8842 8864
9242 9271
9462 9581
9850 9968
53 267
642 660
844 853
1027 1150
1494 1535
1975 1986
2197 2245
2443 2575
2781 2788
3022 3237
3577 3584
3875 3900
4023 4318
4548 4602
4991 4993
5251 5256
5629 5633
5746 5842
6045 6119
6602 6647
6931 6966
7271 7285
7348 7439
7978 7983
8062 8276
8447 8479
8666 8801
9056 9187
9407 9528
9880 9984
3 271
501 528
903 915
1310 1314
1401 1584
1895 1898
2328 2329
2581 2643
2954 2995
3036 3195
3547 3578
3872 3952
4032 4124
4469 4615
4733 4861
5286 5296
5413 5514
5699 5729
6002 6003
6334 6485
6662 6822
7037 7265
7339 7368
7988 7989
7996 8033
8608 8619
8928 8963
9148 9212
9373 9654
9722 9770
99 188
620 647
978 979
1185 1287
1614 1618
1837 1901
2063 2179
2583 2619
2860 2860
3296 3318
3475 3605
3932 3956
4304 4328
4627 4638
4894 4956
5063 5271
5621 5653
5884 5968
6093 6251
6383 6568
6711 6898
7258 7288
7338 7423
7860 7899
8007 8180
8333 8391
8699 8973
9129 9313
9469 9563
9819 9832
233 234
504 583
856 946
1268 1300
1481 1664
1763 1813
2097 2127
2487 2528
2799 2901
3300 3307
3378 3430
3811 3985
4100 4215
4465 4519
4683 4990
5295 5311
5652 5655
5883 5962
6175 6188
6564 6590
6679 6947
7195 7259
7600 7656
7810 7827
8313 8324
8351 8410
8879 8954
9310 9318
9362 9575
9781 9903
201 281
637 656
845 995
1258 1291
1467 1514
1769 1790
2101 2173
2540 2578
2749 2809
3002 3193
3364 3401
3989 3989
4265 4305
4641 4655
4914 4967
4997 5023
5595 5618
5727 5870
6100 6108
6376 6635
6677 6759
7070 7167
7618 7628
7878 7939
8317 8324
8611 8657
8976 8987
9213 9214
9528 9597
9723 9886
56 130
563 660
940 946
1226 1317
1628 1648
1896 1950
2199 2301
2517 2535
2790 2850
3254 3321
3595 3614
3903 3959
4057 4125
4595 4631
4734 4843
5147 5222
5492 5505
5825 5993
6100 6289
6466 6582
6958 6979
7127 7295
7429 7502
7813 7946
8238 8289
8532 8603
8783 8837
9276 9284
9563 9655
9781 9811
192 286
387 633
692 916
1291 1306
1588 1609
1810 1940
2051 2165
2346 2620
2717 2930
3169 3210
3514 3643
3969 3973
4154 4175
4634 4660
4879 4963
5266 5280
5583 5659
5784 5877
6208 6308
6429 6544
6670 6952
7170 7318
7410 7569
7983 7987
8208 8270
8358 8611
8744 8866
9106 9111
9518 9568
9672 9708
171 247
477 590
738 964
1283 1301
1353 1397
1746 1958
2315 2327
2596 2636
2916 2986
3298 3326
3659 3661
3985 3989
4112 4176
4544 4568
4753 4791
5215 5321
5606 5648
5993 5993
6315 6324
6381 6474
6984 6992
7051 7141
7373 7511
7712 7771
8122 8300
8646 8654
8737 8912
8993 9224
9336 9493
9918 9945
155 329
510 556
898 969
1229 1296
1614 1615
1782 1796
2080 2180
2597 2643
2788 2952
3207 3317
3577 3650
3936 3981
4097 4107
4425 4575
4746 4848
5064 5105
5636 5638
5832 5837
6171 6192
6616 6617
6726 6882
7240 7289
7647 7657
7795 7889
8076 8125
8446 8603
8792 8905
9011 9294
9541 9602
9852 9922
194 283
530 616
780 903
1015 1291
1335 1564
1684 1761
2119 2224
2389 2393
2686 2811
3203 3259
3548 3569
3873 3945
4007 4115
4593 4658
4724 4819
5046 5302
5360 5611
5683 5916
6134 6325
6427 6474
6720 6801
6998 7135
7633 7656
7786 7971
8169 8317
8638 8641
8757 8985
9230 9292
9561 9631
9852 9899
56 123
610 651
907 929
1133 1195
1460 1644
1717 1874
2122 2131
2382 2439
2742 2832
3166 3219
3382 3469
3775 3920
4038 4166
4530 4606
4962 4963
5258 5287
5485 5565
5700 5844
6292 6295
6505 6555
6793 6816
7134 7206
7389 7407
7752 7885
7999 8110
8613 8641
8731 8788
8999 9242
9435 9469
9696 9847
135 281
581 619
917 928
1103 1185
1467 1488
1706 1723
2173 2312
2482 2559
2681 2770
3116 3168
3482 3567
3753 3856
4168 4273
4474 4659
4745 4839
5130 5242
5454 5479
5848 5954
6225 6269
6536 6570
6833 6920
7168 7228
7571 7613
7715 7820
8028 8292
8416 8473
8972 8974
9235 9238
9346 9511
9916 9981
258 314
595 624
869 980
1133 1233
1664 1664
1700 1986
2125 2277
2480 2563
2686 2735
3058 3121
3458 3513
3729 3737
4123 4271
4578 4634
4885 4985
5144 5205
5344 5510
5763 5919
6280 6288
6605 6659
6903 6923
7034 7226
7363 7381
7688 7709
8072 8256
8532 8633
8801 8825
9081 9239
9492 9509
9690 9966
131 290
383 509
670 736
1066 1103
1400 1502
1972 1972
2159 2281
2484 2541
2941 2961
3116 3308
3514 3652
3779 3884
4048 4294
4453 4463
4817 4827
5188 5196
5546 5622
5719 5829
6254 6314
6496 6513
6986 6987
7084 7313
7540 7627
7905 7961
8111 8240
8642 8650
8671 8700
9038 9132
9362 9524
9850 9961
262 282
381 510
895 924
1134 1227
1587 1591
1692 1880
2110 2282
2528 2642
2790 2846
3157 3217
3618 3626
3757 3871
4247 4308
4503 4533
4962 4970
5267 5299
5426 5476
5988 5992
6251 6312
6468 6475
6938 6973
7256 7299
7369 7646
7760 7872
8260 8272
8405 8556
8721 8865
9282 9306
9339 9599
9946 9948
327 327
496 497
811 834
1216 1298
1573 1608
1745 1834
2037 2053
2370 2451
2681 2764
3203 3252
3565 3577
3800 3909
4263 4294
4438 4442
4983 4993
5008 5255
5415 5543
5936 5972
6308 6319
6402 6579
6683 6937
7317 7323
7340 7378
7715 7734
8324 8324
8610 8644
8725 8906
9124 9321
9350 9617
9792 9930
200 227
341 616
694 875
1229 1320
1363 1490
1964 1986
2108 2272
2630 2657
2986 2988
3119 3293
3418 3436
3815 3988
4036 4039
4466 4491
4664 4782
5237 5284
5522 5587
5859 5909
6200 6218
6584 6585
6669 6884
7238 7306
7451 7635
7673 7950
8179 8261
8591 8616
8746 8794
9015 9272
9654 9656
9906 9926
249 323
533 538
721 790
1274 1327
1337 1475
1705 1749
2048 2049
2638 2644
2789 2972
3013 3167
3478 3602
3834 3847
4159 4218
4464 4559
4829 4993
5075 5291
5356 5562
5784 5917
6287 6300
6626 6630
6763 6864
7175 7207
7608 7613
7805 7893
8280 8307
8627 8629
8777 8971
9294 9318
9465 9571
9690 9988
54 290
654 655
946 998
1246 1284
1358 1428
1891 1970
2115 2258
2566 2654
2984 2996
3277 3278
3574 3608
3947 3979
4214 4249
4426 4475
4852 4907
5178 5314
5497 5574
5834 5890
6246 6258
6610 6622
6969 6975
7062 7320
7474 7626
7990 7991
8001 8177
8350 8457
8677 8844
9122 9279
9597 9608
9910 9941
127 286
379 523
966 995
1030 1075
1638 1654
1789 1924
2005 2269
2367 2372
2749 2869
3175 3233
3400 3476
3958 3958
4207 4298
4534 4584
4742 4985
5174 5245
5637 5648
5902 5975
6160 6300
6526 6545
6661 6846
7136 7227
7514 7537
7739 7991
8150 8210
8619 8654
8937 8947
9310 9319
9545 9653
9818 9945
156 331
637 662
773 961
1170 1178
1400 1638
1846 1889
2294 2313
2395 2618
2875 2957
3210 3313
3617 3624
3858 3858
4205 4213
4620 4638
4911 4964
5319 5324
5444 5656
5914 5917
6290 6312
6502 6602
6771 6849
7283 7321
7479 7562
7707 7846
8143 8211
8396 8641
8874 8883
9067 9181
9434 9620
9738 9951
167 201
633 638
689 986
1033 1175
1539 1568
1991 1994
2260 2289
2616 2617
2922 2963
3254 3300
3548 3612
3924 3960
4228 4269
4601 4601
4816 4819
5087 5160
5552 5592
5760 5877
6306 6325
6454 6609
6773 6798
7009 7031
7627 7630
7787 7853
8166 8217
8504 8547
8817 8940
9180 9246
9546 9597
9946 9976
116 150
644 660
739 783
1188 1224
1375 1381
1844 1961
2310 2318
2636 2653
2743 2860
3085 3213
3542 3586
3799 3839
4115 4303
4630 4653
4948 4988
5322 5324
5612 5640
5664 5793
6119 6140
6492 6615
6872 6963
7187 7315
7539 7587
7668 7965
8054 8243
8395 8473
8850 8897
9059 9167
9539 9576
9979 9986
276 287
629 633
961 971
1035 1181
1619 1658
1859 1927
2196 2256
2525 2525
2763 2800
3011 3101
3603 3648
3809 3922
4173 4253
4561 4647
4940 4944
5185 5198
5499 5597
5879 5906
6159 6297
6589 6639
6780 6793
7323 7325
7577 7642
7665 7868
8100 8155
8626 8640
8715 8814
9220 9256
9621 9643
9911 9980
207 232
479 643
698 899
1090 1302
1535 1545
1987 1991
2014 2134
2652 2658
2957 2993
3155 3306
3368 3411
3927 3967
4277 4320
4346 4441
4824 4885
5154 5222
5430 5636
5745 5759
6308 6322
6333 6343
6818 6961
7179 7319
7422 7625
7972 7979
8029 8045
8638 8646
8921 8927
9218 9283
9441 9569
9949 9982
180 264
644 645
987 987
1318 1331
1650 1652
1939 1940
2038 2084
2650 2657
2816 2950
3168 3259
3364 3515
3940 3956
4042 4309
4620 4644
4667 4788
5230 5286
5628 5643
5724 5943
6261 6264
6478 6568
6806 6807
7050 7324
7597 7623
7706 7736
8055 8228
8382 8486
8938 8952
9153 9162
9536 9652
9684 9715
192 258
496 529
980 998
1267 1317
1482 1568
1828 1874
2187 2246
2384 2496
2671 2839
3099 3207
3454 3598
3953 3956
4026 4112
4591 4651
4686 4713
5261 5274
5593 5617
5849 5856
6153 6246
6440 6596
6721 6784
7131 7234
7439 7503
7859 7893
8234 8279
8518 8603
8833 8875
9151 9263
9482 9590
9960 9968
