26 25703
563670281 876310946 612555
831221580 847676953 897137
532426650 663057563 587700
34248334 453633584 318185
425542512 626176997 411370
756072157 885724777 853683
174349844 568910709 997777
394482837 639737625 977248
964843561 976258321 93881
430458563 971438597 145352
39140089 692727463 236381
597693806 744874253 119272
916751 775096416 483715
112766461 956827030 351337
542576805 948448313 515375
129677208 859948201 1437
573273214 985235621 652463
679098724 850948010 241154
779322320 858388670 134122
1816926 882802519 585805
644927003 689126543 709889
846565847 890093343 115389
626623387 666999469 481251
796414216 840582880 697065
998113927 999047396 824195
740642198 811529279 731134
