1281 756
610641321 718637731 556002
884336014 925015283 603108
440492832 624081237 380659
56049137 608334806 862246
535988182 785918863 278540
86583120 786624990 869685
176373031 686440646 427236
416205478 728659861 768137
918267685 988489020 871051
951178665 959683280 610550
425755246 823235265 257132
528531845 796205987 793912
541882731 908844140 862500
690018729 764654293 432963
317741991 499437641 423292
930374237 970127334 639903
797611831 920337750 7552
565910225 677084875 331895
15606057 479125912 108530
689487317 755468168 334099
448580631 609919544 983575
638818967 860550944 612834
2607466 499787170 685880
702877449 874156169 802753
341891770 576973676 322863
884649267 988620038 87282
891196737 943758322 163273
237552218 290945236 695162
811967186 813426296 457400
337548034 749474745 785691
567838762 618350013 361849
124895021 980635556 23591
507798969 813542913 765727
122195395 372538316 401913
283705760 412009114 361505
196281226 336874032 430981
643261420 724505249 825716
767705700 999693644 25303
196914768 615708649 461224
221779799 333880418 552086
568058398 651935973 979814
322636199 360585173 521696
443154760 645468329 65130
889813266 992464697 559027
619922995 802139058 326047
706045105 822565857 515524
257166464 471475368 679036
81417673 715742485 980628
629860510 700784492 802414
932688960 955911764 19784
621515126 890758817 315758
409513659 932792760 792681
751503695 903416936 257030
411671961 507016556 320421
413238177 772931774 67647
667866367 749879275 211737
828190072 980993747 454603
614393954 942550802 59656
508462111 527601138 67166
974196777 999898597 490021
152767139 579241293 738607
319054893 372334496 704866
975060981 985003234 249313
736922490 921147100 147908
270686725 329332673 560543
910566383 950578395 147960
115812218 720057071 908562
853960110 906879375 281036
707918844 740911731 395820
831852516 991366153 972073
439742026 528988207 824466
881994855 975102099 321663
572689537 801971965 331732
259124592 338507511 661638
421902402 644110006 478856
836940623 846980053 112688
486838035 829136779 49473
479432328 656815573 91870
360143794 370474976 133305
759371387 868304698 155357
701466310 922832469 731047
396452473 777078200 737927
736791209 760772036 253542
691182244 899943096 959405
736333238 831687568 772643
688515979 928753851 80181
921021250 944205714 320683
734895306 972070111 105855
829000969 838199384 451744
510287879 800269637 355928
941056279 995323464 542954
925368017 977050191 8210
953280124 959415020 842127
519624406 831153686 480126
431588733 780029435 986009
879739821 934049146 711930
999763158 999918388 561702
744803022 910176218 714414
589605394 831013419 141627
324726329 584775519 653817
380462962 740379644 539339
392137346 854810280 641885
457098374 474630589 140508
673568789 940308175 774955
422133742 737269782 797776
330147633 624919836 177968
951557711 990068686 313382
302740316 309067823 810561
894010443 937258000 690370
410700643 836543830 719289
286005293 577268791 215161
498436585 807601581 11642
283229571 889833890 237581
386447492 660120947 955202
151338652 905644377 659451
495203162 772201804 456365
467358179 744019740 180144
516661666 634325541 727535
9746853 843261233 983904
258996539 481934518 927334
854800996 956469013 748361
868204215 915806622 617642
142706144 302895709 950294
853991511 923394757 937616
778415359 975517539 959029
758602479 981060757 809852
567477073 732812975 661366
823627126 908626050 789281
789404569 824258452 456172
841619794 930519387 221082
348215214 687400464 820546
365139132 864978655 189671
937283884 974200657 906273
636393650 788686341 225682
356819277 587199238 745339
836738729 988136555 559374
303450011 702724937 431802
896527779 919318828 679412
826485905 890956366 415784
989623639 991385080 425075
699550981 761233189 483451
489737653 499474271 857748
400096384 938747425 192926
196483362 825227759 871717
812339764 922321620 775494
502289273 711567942 171886
212006980 766393788 678402
340286888 895446367 833269
629948454 981259647 841046
572605876 908822345 115128
344251937 494726102 447458
649306170 989519461 211991
631511979 868069422 281483
644285474 873273302 632056
791859246 953396541 180129
597761565 735218498 719175
56825863 643847725 10583
769103926 786328103 164192
271407424 667229897 426450
839114331 884626235 493980
702429476 800110619 373067
457433521 896604330 795188
115940225 894745306 973584
424740845 767622847 125293
308387394 435547023 63896
657291483 843512902 971945
696104259 882932355 412656
57042000 821854068 497272
995078123 996012383 514336
635258444 741934721 31472
314170743 431570072 807223
854190141 945431151 822500
641567568 880642184 307928
299695809 981359048 971780
302943623 944594380 248996
327507202 743960828 95241
717588686 753481530 100900
93035958 165633027 556862
167560898 720347135 560876
857988714 927240644 554341
634421149 692673756 304823
869006481 908995692 120
10203755 909904735 606033
464074376 848872347 607234
197015181 806699764 888838
845564839 973767678 84802
187258713 284624528 829810
30936933 95425642 330027
864682149 931634013 801201
169519496 736491862 601343
993117187 993255809 141690
492421910 972734228 34311
355289415 828120911 764023
440580014 999662178 311323
429630025 880303529 555911
199438032 856233617 633227
350085516 363670749 246166
421143689 512432089 220523
733900627 932118403 580164
806218015 963326820 458810
303599950 671737900 980567
309498573 388339894 59797
77648522 469061085 175570
608097894 650806833 78471
724922265 735771263 748499
57177154 128927272 120389
622685381 903240849 480514
84383824 329607987 222509
934743711 935477984 279738
374866975 933737496 463976
943452643 946057404 69349
203460119 397837381 425433
741846792 960261537 488654
706877410 850143471 852147
339001888 738922864 354870
713202651 950345098 910626
390409392 682901998 256642
664212414 733540434 428166
473483935 985145573 437447
642340207 778289327 608136
260952439 969277758 800285
879721384 988475895 68613
920487775 947662204 975823
857989008 954259938 160871
959632687 993432635 336023
655052561 976053143 661278
106107994 942637494 332590
896457120 965074981 787395
940375633 988093340 99680
920641690 952432091 189472
776431985 989652760 220126
474947299 779246165 10998
687015679 885875750 656005
945424910 952002282 212814
130706786 152680870 83477
983452428 994559512 205933
858318122 903974546 247303
583483812 985732939 110957
172886822 519125868 887402
489775295 618970049 801861
448285818 881293463 625710
442623508 887861035 898437
702213836 907945906 37846
137289596 538954342 179383
909308278 988835187 11002
752048747 833378801 431899
721268954 954133592 224886
392763321 643929798 98163
480267053 784504150 102228
61592758 785033040 544893
625654927 634425300 287953
805829228 814100667 906831
596990046 747284625 677966
177444443 288547448 731447
822694932 903746920 918754
710940022 912073327 942499
386692182 591785698 242072
670207115 764734633 524105
437862724 617373066 180331
202037609 878612421 177582
859061144 940264122 609941
176266567 518244730 214575
974795299 989161851 921224
801953162 840434100 185186
159366276 800307117 660621
934059085 977352964 514426
800661671 899479721 663661
326652589 492533745 84391
860944267 925195787 466541
110719814 969481985 352167
430013747 871472248 342111
259641865 390039439 437714
578071691 841410036 984956
325843119 687784488 949842
965362257 985577541 988068
966720178 989098270 395783
880149025 908858335 721639
347931569 421073916 230894
652339399 822082657 394579
22557630 284509994 280340
858356576 972531716 630664
437018753 749821109 428860
789433737 816018650 377982
729254958 927624534 657184
22613894 782233165 901441
355577407 717662049 613950
256209651 599328810 252206
319257069 564565089 432242
544398871 803025909 362399
981966401 993660662 801933
313893107 653513395 833003
679933670 701398629 649898
231700247 951047836 268108
679388407 699489884 517599
396643632 786222285 345995
544602807 552271678 200561
768339628 797080468 198655
460874241 657730027 705094
369122410 525605505 400790
610923501 802584264 43695
254838968 463799476 903420
559071801 603940007 856689
362015917 386184585 61303
403539703 644402042 725517
699449948 812715083 108690
96382903 418977361 323116
868035417 873083790 94557
221329113 419106501 584818
139574882 516814899 904026
957737730 967123924 623999
82634652 232832348 321891
676848750 725084894 198000
445110964 541226048 813429
746477039 939774668 882758
189279327 812604412 976781
229238512 314396141 286181
212034630 634429914 137655
544423476 673380460 538116
905506628 936267186 97989
421203629 866989764 850762
621984185 801235108 544340
780369545 923930083 135839
878020572 976201369 332093
760106605 816986893 236276
168167731 519847178 395379
940918204 957347857 305568
584711982 974495310 382913
555802477 937219561 216026
181460591 693791332 20188
352137804 388705871 40617
633802014 929439155 13538
724341923 905247533 716271
701146087 870658025 966311
660236217 996667074 520770
265949635 906371181 12271
639662921 801527114 251192
704729024 758055921 790958
94335436 678577643 501878
890470478 966980010 521584
199141148 453208846 614357
205386755 480627723 296794
243272397 688753639 634308
504250849 961703955 25967
312748519 886848944 629362
338193910 489211468 36631
827471957 913607674 988891
267310235 789527764 752449
671558960 979511377 514883
54159581 651573629 592169
604456386 853906439 927507
274140482 426407954 780170
36543844 904417577 696117
948090869 953875331 926595
393842767 672956061 715685
367847873 710332113 60250
296276427 548385422 909401
718906169 770925282 369108
726662492 868368508 365085
772938860 925680198 462276
213997117 325804612 778829
216676096 710246565 406521
318376255 456945247 67984
294946257 691401146 152546
737022409 759358947 213398
33357522 658668065 283795
935851813 968923818 429723
152408218 645252558 438771
152330728 939908134 312303
563627743 649762201 608373
885807192 988739614 662842
621286728 862877339 949017
129919701 491452596 924841
507637743 555242720 164638
427375719 801415273 609738
568847259 804094216 303422
697652632 721501666 321500
627224910 744116120 274413
552421761 804249259 171203
391908273 538411327 10559
255873382 513166859 243501
591346615 910701305 882620
901795841 991545137 455083
327037312 919475820 709523
691396581 697775990 560672
954212247 992882516 469087
83645309 493663679 900081
308745606 925020757 758452
575655068 586716897 220302
871257648 895673701 374000
633987165 704508589 977311
262303774 325246798 777646
407661048 731317574 94188
480016579 919367979 708413
829636660 941418831 567955
338727996 396131738 419794
623984323 639873285 586020
871889265 923436554 48325
506279697 803318341 614464
987879989 991412976 922712
617050198 668610566 960713
999762792 999962313 199228
850381522 936360152 124146
71958974 681638581 151921
283741090 537196073 474270
957283239 966928882 296420
532548475 962901547 738730
23704686 859072113 739388
652753562 858524865 583577
522924605 897246832 36690
208273883 933508116 342733
760021388 760170708 549660
204823819 958648649 320686
912226472 990132778 503068
568558329 837047402 599488
747476664 892493835 189075
551702044 669598799 993136
103213150 830841587 339920
696332594 876256010 718430
611136882 839616935 644147
321247981 435346265 10308
189942968 379382246 826407
705679221 926628413 570420
406604079 564263475 527798
741418182 742955480 85841
158102779 489739207 888711
487068055 495030496 200815
870504791 989459521 989435
937459346 999114451 388630
582036381 748777007 306578
557047564 863824674 60672
434971430 523602433 251493
178772482 214863383 445405
906285472 969205750 115904
704036237 786923791 743888
703300512 901613850 620702
659583284 786559434 256031
624789298 852016016 690936
290456937 376542928 680151
263464802 563961808 896133
194161146 279184414 534368
123449272 949485204 959976
551973049 929476369 920783
75062059 932478810 728740
574375602 980885423 348499
653707509 951445911 532279
59993906 686799535 316623
535614782 991917589 642913
651433822 803336144 516934
851092481 980972097 705861
756241520 999742152 66304
287379939 810844509 503008
154539121 900468234 508628
471640838 815042432 400530
496771306 731276903 662787
107110116 153258549 248842
262098127 651969808 355602
481216509 767897125 382918
565350115 567085373 598534
564555649 798290067 236757
639284025 655595503 620240
557639373 809123069 988136
181012543 347885242 876350
535574480 602752477 85280
865854016 951614012 619032
146752727 496521609 176419
933217486 950924034 480362
999321910 999522708 865133
850463665 895439042 404839
631290023 646865519 723747
475386582 572157480 389919
414847631 813414702 134357
711141136 971758773 153280
458515728 982889914 976331
174494402 530432730 963099
914874249 953106502 557001
450773425 455849277 646824
349610209 857813310 619836
952683048 971935353 670901
151508081 240783797 557416
844506537 955112003 559586
815690507 832812872 140084
5691911 824826700 931762
139325992 936043683 547907
780774194 806003414 367093
522717568 644906078 422085
957157593 974412316 263883
603860586 638296140 490091
727364399 930657504 322828
799255267 883842386 190807
616436812 745411284 662472
253949817 502655547 695017
66024298 261385937 775979
991392023 999701672 872624
826185343 826561334 453954
468021990 538556548 645845
472035049 726609733 69186
941353392 979248815 976496
547070958 644903465 879319
732177904 891552963 248681
810590554 916489211 303817
86247782 911763698 227240
900505570 980021904 228284
245288585 834163355 742333
464385278 566770812 284777
538017266 852631384 512326
253317169 431462441 725692
753755959 931767567 301665
402987906 552225064 568734
170153800 907811278 36527
700015229 884473114 816259
486038589 598619507 709188
436108933 621529419 553791
907635354 938445156 606743
274928991 419450108 155135
772675969 998956306 889320
347222361 956053252 604137
106248550 270850194 611204
191716732 494072347 909704
96933328 975745464 905848
32621991 419632162 224128
720183957 823677329 816958
861217538 991663679 873187
116536045 716932297 612741
245843657 807383399 576221
910510392 926269143 658356
533307916 942917967 855858
81175707 854678786 520122
80880317 407678822 726379
616872489 688191157 741463
476767052 934434275 961378
118093517 885627943 392451
931246439 988771273 643084
948636353 988192033 178296
426588965 471051438 987823
167593572 551569832 520806
184273823 374270916 608295
517465251 919330316 977862
339747843 488260956 612796
180219477 700688343 309598
560202764 722662018 303667
472842981 904831985 372456
463392016 584521788 539585
105074723 998129032 426538
261955001 516647189 551038
85563392 709133021 667424
716873252 969205581 854223
344031143 671873094 360376
317228252 481348659 889117
61482766 224990283 168513
574156831 772536113 54049
550404544 736555456 283482
536069352 617363374 153641
864980440 895319360 620841
734393848 813109316 125836
806482425 826715063 127182
560554351 988532250 193909
383150419 804391525 116781
282268999 614026386 793207
143361998 933976257 423417
186717592 262989804 449905
639251921 886344702 422537
128801810 693208826 345927
18291829 30224473 291706
898642502 978129275 138923
698830885 866110452 839544
829464262 985474467 121576
559270916 778509491 815289
144930666 625851763 668927
466947237 595064558 21976
634189916 742216729 719116
758237623 848113539 827290
521534566 536261901 195467
413029237 579186326 563602
526782676 698865504 468523
637791459 840855097 891440
853355013 925629615 923418
404171462 952816497 536742
450694927 458990284 797663
832253588 989452198 234449
1131276 924113128 469314
347626901 467486019 863487
115815990 320057914 846020
727545184 872985428 947548
941815917 947246066 338757
665458073 970838819 948965
163080836 498996392 134963
456790828 731070974 978108
408914814 452963851 688810
542528768 758551077 140318
724281774 957835104 843257
260944045 524920826 490981
742420625 878740348 985628
896797254 897827608 261310
487076668 621013847 61278
15880500 212243772 720632
971300298 989972822 110702
711781150 878977136 518612
883879514 946937406 84346
766215366 853236017 981339
471185787 511216262 953436
98161459 630136836 788340
599890206 768380943 810869
810446908 886998829 6732
813803161 851215400 345372
144172706 550609483 626080
850422621 998489829 477748
338341692 432334613 137924
850713595 865459522 911730
796191482 906355793 855299
918127266 918158665 920962
661540658 991843258 679078
43237969 639867617 559122
220853586 435487936 571780
748630216 957817495 366132
991376931 992082055 395653
798445074 899587201 390171
201956369 849761158 555293
115261241 663036634 88140
10279336 650356382 157628
902865936 924012901 907834
424007619 621976973 367504
958907483 978161629 52007
854734614 953707849 69285
122877077 411395448 561320
526871486 824320152 501103
859497664 965078833 743414
645756347 975798777 82378
387001943 567610047 224338
208070312 247399119 423002
30237723 518197520 969908
101092504 762394473 540499
955466718 978100248 450424
816650763 903138334 536181
681757733 953034973 247975
463741491 468574454 739111
746879697 968274504 572503
415957231 791961705 45820
288443315 708797857 828718
767043892 938373097 916789
636450881 777437103 389383
202381516 275075375 726867
121465290 832252710 217196
373588402 740059521 195610
582628393 663382332 688596
203941311 843436938 165723
304704745 777972690 310218
664359962 923029614 377651
879595192 955765192 165033
349375585 773193692 573475
672981214 817861996 817730
917063390 958155306 3445
400599014 872444288 344767
246558986 618898400 748669
336303305 660550675 17859
776364058 818305473 794852
503536520 641524842 620137
871293309 885790578 148124
345773385 359574668 161899
322195708 858176151 299348
568848502 671072462 559694
987536824 996182430 232555
364078744 483926834 380930
968321877 985258362 813354
577054118 669214114 199624
918216459 985074669 330193
243790953 770201936 588899
534989556 841398956 982805
787680936 904243645 38981
327950220 538996293 30383
846476621 937032767 447325
177756641 931407026 683500
37952817 785803514 339178
20118783 512859095 293686
388900835 656756049 503998
560857951 755111166 290032
141266003 995799343 748895
709304566 794249826 928866
265136349 675592087 913463
353236227 965752551 139296
353700226 898053729 600811
922955111 964863592 991067
220229901 703728020 572180
686666142 730446698 530066
704609044 888974491 753003
290404688 614404856 266720
780175085 992084949 327160
848942337 863840112 467741
167658838 708576586 459590
799783244 892629679 781436
130620078 397924213 549905
118334516 460571865 494131
851507874 871528509 642621
575771819 904679931 759091
557031100 774193916 940445
76445415 306464505 901680
602702887 941638056 171164
735011614 825184996 194044
609244464 751802553 709828
430296842 879451526 38689
854493034 956625057 623230
874199504 957058379 422985
895339862 940943770 840806
918503681 936738569 903714
726606773 897236886 852881
492369560 558711439 776323
728693409 731632690 662719
357140534 450635002 318526
127571384 831292433 986293
86151140 202522554 122596
800494784 958212111 437932
644235267 951889404 781669
792430147 928128992 296310
549630329 823189154 699259
574105588 813774345 940083
104286490 596867523 452539
683686294 928262818 132014
481413319 802157865 582790
793337315 808353328 313327
264453650 884636037 767189
756563165 802406509 222487
374241512 707455532 684872
987131578 994257730 235147
515720512 709490076 853907
27988879 703381786 675232
995484458 996728584 98985
502281976 801546415 870835
591060735 849497073 488140
962649365 991894432 132090
488162826 885570009 349433
712629934 755016474 138155
198846484 321956958 764283
948852310 973456311 120287
407182462 457889096 994159
632038866 950449891 388928
28660503 758470415 116279
406778420 541074623 510483
657831558 962884789 746027
499239343 944171927 201646
699611472 771400478 489959
380412594 966527711 162826
107933254 678500090 94805
532407069 581143049 960998
144227360 232861431 324826
601089574 916228747 243957
146783092 726253551 736787
226500292 384937262 327908
591723849 668564329 881876
773166069 897804596 829140
747623074 986177395 650164
854038304 938004878 789539
218588285 653895605 459596
916197785 943656563 766724
293225034 701805055 504368
12834200 802346180 697863
685086228 848583201 754594
85327425 399350045 436371
956647729 979742256 239023
676750194 840494683 657747
132089023 428377079 83693
704204316 825477249 932543
620823752 986915549 431594
866428407 923675861 370946
474450623 987895376 948489
524464912 540214735 26426
376388959 721595761 529662
162720697 260563456 333507
84320231 911555724 495622
13303591 699662598 291398
552742774 869752142 622615
955768808 991771868 828414
990529057 991183874 9073
202636257 944158059 660078
970615952 979575647 338149
848532051 965013246 693864
136697453 750405826 380708
852448112 953441256 801074
446671494 578476724 817817
451479986 555729328 177160
286819259 618357364 689471
334517547 774151744 714837
972443092 997680458 565172
350201504 416577298 240202
406237156 753906452 879424
789571135 870839888 602088
342273079 626758686 102170
412653579 612947377 164144
86104682 312856204 577182
143874352 175099112 6432
585456564 759273275 285587
505594709 562463512 198314
24567982 947471162 452477
656158346 790615310 675524
478345358 782715699 284536
629668175 805063941 527051
894713652 931153545 917965
853753615 879879438 808933
797715805 898985020 496959
640359922 901559025 838522
308888808 801146442 285716
425400087 803914562 987758
879627193 935626588 778260
219304744 977471950 535087
220539008 763157483 664210
939660419 982607706 719759
985593074 989965324 667368
484090043 803036147 295450
781943454 818003895 434906
344670786 665022243 586376
601629787 799993680 539493
560870943 655538703 603226
661130228 851748725 784888
381701496 744209052 909025
447017199 477371867 66249
619086445 865218284 559016
9763618 43040435 332903
575259663 840239757 132115
561692738 621843988 831145
955273629 971854033 438585
942328795 950387477 337955
383580576 674523660 156612
16147654 474167787 258073
165010109 212015338 529035
474280708 747736106 680681
124707247 310016866 562987
15364367 714609721 109578
540483610 959658639 77944
992286684 995191751 402960
418978145 666034681 421518
631278831 720633914 28815
506190 925774128 510323
697248680 833884915 203650
101323768 221769602 749222
974109458 984250537 19092
203978221 605368797 200067
361441485 735447130 261790
953696863 990373379 41452
877337471 956423512 257447
968281397 971840080 671928
379427292 854386011 393256
176308577 366337485 203453
604057858 692448394 957639
431474046 582134082 902711
654709937 663998516 336075
181826293 253264557 448300
90899045 114365803 816648
838672281 908817239 849196
565607089 716433349 65244
681785810 906531851 967019
386103169 768791583 934077
59951008 978792954 881007
989299047 989836676 307047
813040563 834916675 83771
979756706 979900027 61804
469508684 742240820 770720
217275077 561828187 356285
952748399 975835497 376277
380026994 807249056 505445
385878125 764611327 453058
791464584 918288757 430673
670441552 768603625 963296
121846873 368582131 529628
773382189 893924719 739599
941115948 946601822 527775
982244422 988962565 523909
656253613 726777043 104584
338480410 603029729 640451
689240153 905780154 554887
58391237 355192220 829419
648666875 917838641 258634
446840758 930560594 155819
144622072 198471192 634609
486628986 724100194 799716
953358567 960331873 965475
263184139 884379360 753469
388003343 526005625 244757
120697749 471567930 771309
531895658 662177825 526832
124425873 682091433 984454
444770000 543738307 99930
438660296 831759576 856617
114584263 844483489 595090
670158372 719583338 101885
610768393 980264374 267313
913889452 939718751 604191
443717677 490647644 966548
287559589 913150854 160822
371244143 453281491 931360
604566614 684244874 811740
634008094 967335125 823671
254324017 392824868 565754
892753643 917671160 829994
78547953 346258762 267848
834767682 952825163 8703
537485390 577916846 336534
189404659 640220888 789351
227450072 744423032 511143
786954627 793030305 986880
772349386 785722434 563498
836634551 957392225 570751
511646232 602950895 866785
34181831 218942062 337778
896291317 918003167 417389
374179244 804388161 207947
438650002 881971504 762868
773383951 782192999 349938
409075764 943734948 548159
829224437 958512253 872709
811376430 835337311 318848
84094095 967555358 200628
467086875 858212183 937798
666386471 999090211 515454
507275938 988824583 394796
691495082 943501427 998561
425846608 749705814 986302
951142266 961017244 974171
564103646 746394885 634191
693266448 735776797 180024
670558064 995985972 234572
985186843 987735340 936757
273796263 415645795 394346
472302935 733184448 445851
512705274 955155468 885896
744998181 919350665 907763
877985078 913256751 498658
866747726 904980444 354258
671087827 920411266 68000
855455760 972756798 637168
239613452 660522082 44148
110332323 903538182 845135
992880673 998871148 986569
416039974 830490956 332522
945946344 987105499 288069
525782711 882882306 476513
755335387 773610190 565159
14833987 96028487 263318
701695668 765294953 78140
344886599 714146418 911395
440904264 445571429 332699
430345293 935079075 269249
893487722 900324871 825488
724996624 833563649 777365
660698061 759184884 500781
664558217 967794436 286389
490842799 581004137 416657
236402927 880300953 73461
25713893 957107094 548904
646775826 745057347 490934
964657521 972912503 245920
380553412 844950116 803645
833327371 865436253 84752
383966956 496673837 683422
952081972 992398388 86620
926914474 997963084 899861
372798593 428321086 622632
243777838 667128531 487007
159587366 505437306 927454
232454270 520568544 743023
857970955 921459619 651190
899219655 916345490 422291
219506800 529905182 702528
154319757 221882019 477721
524808873 855404648 947443
535700296 999866803 769283
91442845 667827120 487952
4979477 77151956 334879
739548204 844054319 662714
946327118 999735363 251506
663622986 968471391 592448
446423060 494474579 609959
518010265 653978937 167864
212675373 631409040 56361
465767019 577910513 310381
140256924 677754262 675158
723882283 825843219 295180
125914241 456530309 388321
157161852 216774297 391001
710810633 744880304 571021
883903912 929574005 954487
766866962 953249485 768164
102831253 685820915 406252
879723928 936887181 416416
931568609 996200591 145456
83655329 814749574 114978
844624285 942306247 157778
224044168 369480685 779619
973386057 986091517 158825
530285935 838749577 436567
511757644 823197098 938035
557206257 993558868 979516
944593187 966353536 42799
465350282 903323030 322898
431080571 503384061 577432
777823621 916936157 998492
740774379 875308404 612910
723150805 816293029 325722
643505053 917509665 295470
62623695 344249557 305745
759951681 885873196 17
915277531 984566430 79345
98802550 249110718 94746
138211855 543309043 74638
550999153 820314729 40158
191998540 894176203 793010
560153675 801241139 824500
719367612 933336695 920818
273278288 278107214 375410
531012523 937394051 58589
441322045 834309499 21155
743114717 750464776 739007
253775952 418217273 957801
845229993 893702934 19823
288704409 733344530 69632
231310075 576380316 444882
37367588 486761446 86166
751848058 766055526 125320
820530413 978419706 629520
808789558 896451279 323518
683351700 970950948 175297
25704833 842047048 555643
762018872 936006183 677914
363230502 944251265 58932
825161005 834421606 961508
387322139 454277436 542295
404033776 805233795 606103
47890095 623003274 699169
883181308 965019708 567281
23349662 404535970 466396
910249112 965833998 295986
658731 779843318 994680
50339605 627725511 321339
922024863 971522259 228332
605389596 878946041 283362
262037722 983620320 494370
512691859 974102510 223566
655624082 866953882 196466
777673054 790280102 665603
428633188 514631274 257442
323160793 461897622 681940
532168874 944290402 306329
66882819 105335220 308830
314722667 475481352 583662
864155227 876177320 402062
24734195 755269026 678295
913605807 915903504 330920
244595579 582802591 844381
125179898 830673280 556870
216788467 485890073 373658
686883289 835712781 531883
488079852 795940547 253578
661517672 736282095 645262
751702590 851292974 638827
791347749 967672355 635465
530962823 728745697 982714
334917518 617157475 322837
119848386 574947147 943279
105664782 664579458 749000
757746086 808357349 422386
652762174 844476888 216487
709973581 778152188 532341
405033449 945904738 821522
554979289 786274020 482157
457404917 890685995 649637
685425016 897580325 917898
329539784 854330733 834844
732192951 870604135 447233
677311820 718373107 924168
127246029 195264867 668786
48999275 851658777 940587
106815124 330733020 558457
351313662 642872910 540044
530025780 881731710 736955
229304460 348280884 513474
739536536 778816848 502513
611372737 756515715 965671
52509862 466689091 701035
809901485 829302510 596377
317099312 777103743 306955
518438745 591498424 749026
79632110 169933064 718066
840919312 917462414 809786
732907302 915253721 332054
521683036 616449865 464692
590799668 660765403 293080
827550256 951408923 604493
863099210 956317254 455863
942560812 989316916 84776
59449529 532726683 131191
934347427 934443694 579353
321380946 971874071 69063
278142410 889942384 407886
114256463 139265759 721446
468596313 959493866 316123
382217510 680659376 68794
107351595 297428959 144779
748058757 862234497 46975
34671121 48345280 930683
912189843 999629031 22711
98331915 446116193 197690
842932526 870429395 167455
480097114 505866162 107511
623707120 914199790 594164
936208569 970091963 195714
461500259 977071106 664485
770292115 951458411 146388
395268862 489538546 589261
951580913 974145764 301989
94609158 577286284 878573
849791609 960017766 465354
427462057 572156462 153823
54069669 95589722 426506
719261273 957695326 43110
866938717 968324574 61098
972090745 993706334 588346
57935997 666307138 524033
84161904 664388683 565768
413512511 552045020 875838
338224476 900494764 288142
146188821 975409575 148781
708961060 838666474 774586
632940660 746603371 229889
318230050 730652683 901795
18816647 731197980 446699
981449984 993739646 602142
476597701 649117681 86392
500533910 918705177 802920
996725904 996821258 486898
175161164 756977484 744843
311497006 827426552 227981
883020330 967053999 65310
796708753 962645227 698826
122446629 409175616 405663
963237376 990407610 329883
890896922 921057314 274438
283666883 364929281 559830
484491221 581581980 358600
298323054 872177727 881092
30956533 979355268 310961
379500846 451203336 20322
115286234 293110533 985504
431794838 813308633 890172
937076527 965290869 182715
667154188 934403269 677924
586767430 674903728 833882
132522078 364625684 794518
887747934 895190333 410286
738902779 851722147 659502
165993562 218753528 849862
742291864 902640756 382417
867244497 986552695 199806
678229984 714474607 84100
585555269 897442800 912751
416920455 441144249 636702
91658920 656240144 954950
576926466 770030510 35058
142537993 748176161 487485
945670393 953392530 287135
944136215 951481288 933735
930173054 972658302 421370
520567353 665659209 880259
250567070 720970822 774686
606384395 830361473 758956
998983582 999672519 268466
622634585 931714948 727945
995078037 998407054 310872
182094550 952037687 431294
498119817 579051178 137424
95731148 961202025 342029
318668121 453236619 329540
483155264 988470159 997932
78750261 572611889 240175
630408058 638667874 342564
228526284 479904494 56109
592393731 714919605 127203
977370572 983928453 53442
550553417 637726591 301368
687464574 957700317 388032
556376480 919543654 441823
817308955 946927526 678345
711270771 907812310 245884
680816441 704167641 441023
154691848 394059469 788935
112917259 500551482 205239
951606590 959302459 178123
463150913 908993111 796376
782107811 849798311 449538
972979637 985695932 608980
596235333 730546825 888147
598952792 979991285 138563
882826232 920629096 5308
658138631 717604159 667994
559497599 945435368 192736
396120632 612721389 729732
950868972 986511675 19426
140828920 869802405 889912
798388948 971321895 156959
423964575 783358592 980389
64655717 907359018 929964
309502278 684328209 205359
726750495 774480434 146046
492012555 997182996 517574
241751943 753926484 242866
533191813 554312392 73596
737149316 978611724 116164
572020578 903360765 258493
630905765 911289347 648225
967549748 979029070 437126
647512622 935441796 379564
31140414 880389569 711998
849313564 858931801 999856
883197910 931413089 288449
111254959 961263847 296311
182668039 420421148 790072
512667657 840819960 357759
748020921 789879182 654117
501817471 840243382 305652
251817541 890370995 734412
447151790 824430650 704416
331816114 361330043 236204
503867712 863521346 499971
981187729 987884214 325662
767243838 846000582 133981
53886351 658399629 266062
39713494 455696574 433698
541683977 657147567 999848
301648253 685886056 370595
351438826 630756955 399710
64874780 548683840 193226
385113578 480544353 127081
267805966 617256736 218007
995891773 998114237 985571
508466477 871009445 472105
918589017 931444728 797442
128248187 299670190 9964
418012900 579732200 949259
63906270 575114485 948618
164637724 749536989 557430
852482665 998141459 136677
505593770 844288769 239175
773564378 776486556 247288
705596153 807103573 142232
632979735 874517095 861728
505634184 591194373 280417
11287620 19050038 483248
753892627 900455672 825017
410847918 461374630 887482
664213224 697868657 871307
379327971 861118530 378628
693033825 977984173 677473
405426163 689835812 859445
384905430 429312484 814037
563951888 772772566 851322
108675686 989937334 420643
72568002 149980674 310585
37402669 395981835 177516
747333860 758855378 166331
227583779 292456239 49034
825539564 850502235 7145
760973084 849192858 103329
210098688 589885895 324876
716919377 888234132 523257
1498595 704223039 121475
303829897 894943158 701558
264898916 342112490 330095
906358796 975903214 509397
393332284 463216307 787658
481502138 484480484 729305
80143295 424770894 852668
67482064 615498003 6136
681637433 908356219 999525
168806957 865262950 322576
989589866 996941213 943654
942866290 965259108 473290
936294191 976157400 200588
415747997 842261922 311250
86101281 451977368 603942
631877704 783852408 695177
761793984 898330684 527525
548197818 747791551 997440
654221792 847446969 86470
323862409 399939702 152841
331918053 556023163 435425
