2519 372
29693074 826292217 852089
136864444 205619292 689246
253435480 372123234 95544
850598682 930641391 71785
901746927 978412187 60895
395137987 478341822 686600
192661255 820827516 151212
273805458 373842176 491277
103369745 251878096 413048
790186469 825708580 832875
886911167 992472761 220412
186203000 807445490 418177
359108442 846662447 396766
863873777 907048754 607624
161102282 577837501 719418
401266889 424707848 225438
865840665 902099757 568503
975847623 991527805 632204
496164855 865859795 487167
798314696 847025777 591769
406206823 530151086 131335
797913209 853051143 906134
606840280 929391967 314530
336828212 675236383 233419
34168088 441419954 267271
602628435 944332269 17584
782689221 942607234 97923
966289916 990241125 351792
272458394 425849541 143784
255634942 881674650 385247
745193606 745883333 5939
632135943 987751266 581702
830059137 963499671 223942
957166674 967229677 400621
12964768 741990635 312376
558987438 655270986 480174
833800744 861823864 324092
826679666 849912528 950904
649509485 738964496 191203
637871006 863951161 341910
209734916 954865792 353141
510637780 903330728 188480
410625896 605798587 622566
116204362 653278228 433499
858806393 951043841 563758
10582353 378039422 295952
933916209 975070910 829386
953430741 962946286 939894
157931319 890334127 443416
272808542 472219621 905608
643081071 770577291 119200
92780629 921292081 118480
427756739 758159329 867231
774956053 947338995 205442
713438782 727169684 602206
726889869 763778617 14662
173472888 997508658 309795
657837402 948661393 596696
471822169 579418313 478541
722076650 886193280 682433
916180709 997115445 773377
142475378 874628440 328333
233244504 262352630 63665
798167805 976991270 853722
810846801 995422926 610662
629002543 873585392 822268
627648217 791841898 837096
905652434 953185862 187874
718382123 890878702 148085
77467164 320701079 17152
60262476 865621651 544241
940285399 944966429 682157
571607132 822375526 58211
534126052 795431517 428838
22885550 162969622 311150
617142554 936076341 463058
32784542 94168920 434318
444233424 819529124 267285
534986898 985901290 744363
773090543 919516950 279553
294939478 676997894 864700
606022811 709325367 460188
314471173 910013454 991447
217324028 573558792 413645
743603663 867671596 527236
511531729 701724413 47698
505841605 853344867 714333
432277968 970041376 845631
310722399 859259876 11108
463361591 704152308 370550
610326491 708027974 692780
240210032 692504643 275380
544895093 674195496 730006
26763792 902843580 626271
290735370 837395466 471451
465794777 783980441 898650
499307633 666029019 353583
862236359 952763013 853782
406294954 770713913 769244
669927591 726849947 148184
494732793 758840025 538576
614080735 999761781 305507
123449288 167004302 813472
591136014 645911258 258759
913153116 965542436 457290
459674550 658696834 211814
76017844 661821315 586340
299439129 987421812 954191
126184605 396369784 862543
307548149 789109718 66123
559295080 880066769 397134
771657717 807998270 522501
80141512 351520545 606683
433102816 922561439 485505
818912916 966684129 954639
305040171 867517720 438278
631838336 977690271 699667
583410720 741500866 46735
746260146 939464698 357140
722704545 884010358 499036
872592712 969592924 473483
217861956 501672741 586721
709371626 814579007 64354
846026132 986446952 205620
527488870 793543607 143866
900134482 929693063 676104
468845918 982110695 659514
173864061 594856214 703518
774551742 904575026 18566
513050685 952464373 221714
546564737 816433010 83472
719482327 932705732 162621
835306435 836045106 370600
11591001 498202592 241734
790762131 853794230 192563
834133227 886314036 493652
81599025 630523559 362035
137937296 314568242 135511
42040362 114639627 179324
463938151 696832934 995650
416278241 470977210 930924
920033582 956355794 781134
217248740 701843253 997830
119182289 416841156 790297
418045040 782310161 942067
493454836 908836290 802192
388544261 618055323 782345
936096582 980977827 81199
193620633 801850083 435510
764425559 860515406 794253
738329424 821766097 1007
527519445 908230530 404
359043072 992056672 26698
511009869 634411456 52590
639853231 680454504 888853
642240686 938875979 838351
540591304 685239572 659908
632522625 941751911 796640
898677346 940894634 29914
164454136 744034575 487917
549462945 791223568 394450
961410416 986022033 90119
682889712 819374243 541178
762660879 899538413 496646
233417731 922481983 488046
201881488 423857764 248544
456367022 870623726 868366
308973828 532358601 904939
995550786 997788280 796025
299250368 928976084 4644
791242225 838406704 850893
656431589 775860843 410860
43749599 977090253 519008
623258577 736601396 812892
39641213 433397064 486129
177660731 936348881 915446
160247587 723677953 5469
338262914 955956394 975107
919917820 971711547 752274
602722883 914422755 940306
938161347 966972314 808992
796020442 980238441 509543
897433460 923560932 682815
871172212 982885800 203490
418035568 554186462 278964
86477091 202790407 299125
248146692 537336580 369084
974722000 988552307 241212
855502059 922330881 512988
976524001 993350876 374414
281455592 654117345 394547
937950738 962028391 95102
564508667 629601839 85280
523326959 615267934 278259
597347728 686452369 219529
805957533 871484603 278193
470492889 580763276 939625
725598154 769764175 637911
434696424 843701079 229573
631097213 757025673 567132
266386212 591095195 230354
308223131 355426998 199062
352429804 607185668 296153
232144127 766616538 210091
814098875 862092652 917090
573909191 786314288 657341
640234763 902864494 422625
503867905 954098865 945870
99517943 226122338 635939
181356870 259289266 912756
611988357 880353836 67492
363499521 768362177 558545
473714153 702844497 873562
226264189 841718314 758102
195870070 219266845 487043
976902068 992170947 383582
830115333 940407066 844108
143199129 758865244 84512
993914289 996026073 93241
971947755 977563655 341402
179290568 798017456 86043
229476562 448983439 818528
505191099 824778969 91600
423142179 747905816 495934
625985897 660352251 494239
806113082 843720777 940645
712005671 960359176 424978
897592346 915828274 394543
553809258 585396559 957186
22310959 105925039 911353
83144655 322708406 238582
329074761 624364452 908788
820000921 964015023 567731
634106397 777212041 222733
552041419 572246659 156033
372945482 433599144 644662
293457742 320904170 516659
685998694 769322843 644132
222245798 784495104 519752
193522937 326914229 815599
289777838 530391065 388333
369319489 765606368 958454
602977253 860994027 941758
35400554 895044181 932212
794086904 897344852 238251
225196066 923562642 634642
338494190 568024064 727156
440011331 738213675 518854
909151541 953454218 367158
426051175 744655329 541700
948468203 950298496 421270
98049103 217202752 488325
378347425 839405802 940705
187538206 491968434 752128
862688453 921648348 939657
438185564 888699605 793880
600306943 827810138 552537
943149200 970720273 592229
512554694 913676240 489428
692011013 979953423 255754
982106725 995625073 588112
659868359 908985598 536795
563127355 608270767 46557
647334421 709030512 590159
994194897 997987537 213290
732395430 864914019 548520
184426650 315070080 214279
852700802 900073987 164613
213719643 741051476 990307
54341479 346977312 11902
789859119 848611722 2810
258512380 922989845 658625
550233454 863417847 427318
278845381 591672464 701515
820687777 921747279 235089
570939093 664717224 495649
413731352 973437196 113561
669188331 914139103 195917
208830682 978845487 336197
333534596 956539953 560439
902275386 989565456 77697
60987470 899985060 542502
118797236 655407362 398090
811969780 816709996 205379
760833137 774954704 533208
619991791 880188386 888349
66735431 425163883 23161
932220046 978821966 169669
680550123 983092488 115929
275838693 897526473 560823
410339384 971424626 744078
767849151 947846302 630896
398537637 748584607 370975
188055394 811546454 591272
468761465 684513825 180931
286103607 773240948 664599
282388127 328191504 484160
472877630 710833096 472956
376402983 539100864 204476
211551577 495233741 615215
331398676 993334573 306734
541036990 976896006 87230
769673481 845930402 802088
99786818 559465404 227113
539706135 895839309 261804
676864285 729355964 133708
28840071 130917957 653253
276810763 316458018 385260
641686771 704338471 897655
358322927 660852180 436466
758943538 976272696 334418
935407562 946451456 210006
803639033 832255606 493831
688055148 982067975 195394
762050867 820542308 210511
112249982 434469982 789665
346692658 489121065 989556
535889061 643121474 409265
952393844 976276623 776864
128057885 896241199 527447
397241832 423252390 679002
15834765 286211037 147979
482885491 798888336 961790
404441840 569593656 843934
773097200 940192281 956068
279653318 931460248 776349
647373261 796503259 776658
367191548 965553094 57716
277046291 654085673 228241
70565424 115215949 951296
366408304 785063631 47397
91314757 766848206 153564
436601039 944663743 294418
560206906 768556771 598941
140729996 974353680 189660
403864227 936347767 331668
38794008 444525445 971726
452129233 547381604 644256
56257311 473540884 807436
472817037 554967567 313703
737372135 949240516 474488
303075877 842973800 538259
346939456 627591170 301727
713390062 805058471 388210
936157806 999947262 268259
105591849 356381379 452489
137885105 478590067 863213
7385936 10881353 779139
421861252 790361743 589593
699443761 922322326 647807
985247003 987922153 438884
694080226 873037701 208196
533873338 871812623 301788
626920024 718849412 651094
933845813 997696890 914776
129410534 552772861 946082
648030182 816862170 272757
901754361 939735257 674771
563353582 969829379 328795
881710810 975617955 245363
532276689 552914166 813637
141784906 757890726 718676
364049633 677120126 146094
189578941 373239637 815344
530772498 630245343 614779
683477523 842188596 241832
691866046 807275256 421148
183196557 500863051 105754
205505288 762626354 327283
401022020 708067218 236250
365196810 452006987 918956
774069077 936453415 344702
686759263 990700361 744610
971969454 977218369 67483
735090912 759302780 797507
541867175 997332269 197289
621947923 813547042 655445
28627531 648232907 650845
770552009 966844753 668168
507654422 990536288 461360
510506995 896438492 348971
640697265 705321445 784928
263211447 859209830 331509
547400724 919063635 244608
582197007 851763407 825154
56875405 258061963 548354
102543787 465517752 441400
320178303 852944341 765910
603172730 714485076 318524
632791009 919047283 232661
12087226 953622316 954704
487961588 792584846 299026
379533018 712142577 146934
157316628 892497731 639585
839969357 921115704 570316
574265302 583788878 229709
45197989 52778622 677412
82647292 366635842 927852
780795383 786783750 16364
357697290 857299885 296295
542105081 810664804 821193
108504460 157132268 582094
956513574 982349637 780655
966032941 999639941 232419
206494206 805393074 213452
431646680 621618833 972083
472385506 491154750 451008
682849983 957777681 144006
693229828 722964906 748868
742047441 907265046 262973
442215749 612455513 937025
704587112 826520762 392329
64044967 963865193 840768
836189385 895214253 63681
967729417 998588760 196569
242607710 561031283 72055
213593997 548070591 410364
265950830 531349039 799952
23828815 181864559 521953
767833162 967213034 686368
536279915 685351327 181601
131972953 958891631 907706
133478073 203022766 580870
500792861 967886131 188529
704996874 744080747 929601
952284365 962808899 284831
143364193 917538245 992699
89016922 898059829 771243
118670252 782389853 725716
194643770 469932065 823131
741044309 974933082 586279
599731792 827145700 170275
33169949 176781293 280198
2095268 749318396 983768
153142618 683714170 538963
939908009 952881897 338602
160292421 871166346 420757
275319452 512268193 918859
634325517 736257522 53662
855290718 890002487 206057
658694461 909951592 167985
736802598 876967148 515482
576218080 645524298 970876
586020503 956808088 707183
790016961 812294060 112421
316894810 766849505 838717
364585535 702778476 54721
572755704 726732183 780722
586066014 979378257 378287
449641690 548597591 431179
42657411 766728640 864121
752135260 854864334 391112
178598659 181270495 399367
308766027 920048763 702262
774005841 932980851 547777
894252045 940461535 671277
582482256 947401598 274997
440367331 832657377 736868
753958917 940193552 437479
13159595 119773039 693983
215503528 810043315 35111
645292692 755567416 763237
824376151 881821635 27947
328732491 418409542 411451
170375750 551276149 784732
902947944 937429637 493256
693655679 745104059 101797
339240122 748717858 301638
984875582 997864554 328282
628450905 879409315 355342
94611279 437061627 923277
877801707 933641703 215930
951343737 973886175 894512
629268193 828230667 753759
361342798 795256620 548150
254301116 291764324 254046
931285696 960463737 303217
739315463 955499332 637322
587127910 755585840 145710
731287117 984022558 789544
326726367 778730564 747583
727316937 991122838 495827
127211054 356197826 179740
17542531 634163893 677221
385118656 409155620 323044
574035500 928411621 178912
821668406 880784098 991710
764933040 809670680 692400
640294210 891488026 200226
497604370 696029382 859945
205659723 380877365 750651
299863661 823310531 892106
393557698 515333135 611205
811750218 913027921 583310
974658953 999949978 232840
629342723 841647583 258110
992558143 994851211 604298
165240764 491681291 956426
179995388 946634473 852171
730807728 834386388 724272
852913619 932758217 460004
412181209 604860613 677653
184430697 774488801 391130
168848272 675332825 766174
356945278 863333434 359283
558057798 665326851 688622
386524430 586544180 505390
201316581 466363704 325116
638257461 899389575 595124
85578586 566054120 436289
518060497 610797588 433038
749101862 834047444 491666
170670152 915594784 643487
503815741 661724072 404457
605596504 837855135 457372
28563964 412013219 698674
402440154 699094054 61111
967693987 988818244 261385
962538847 985042526 922595
964719714 976240825 99004
977726780 989664850 403500
480335901 493067560 494345
924333641 972477456 269775
524507687 921648485 137451
521734649 536542047 539474
90863777 411551967 349279
437579924 472911546 78289
573669504 774906138 129891
214005403 620844271 77597
379803892 957706224 730135
77950273 865705018 270441
11034086 74926384 707197
5511600 992986720 117615
738450716 802862430 936325
184746743 340104493 307460
640057190 702586230 19489
4482528 582752659 632998
989987587 997171248 85490
726947796 812440793 119814
806314290 976847512 572893
688824983 727966464 446438
493078968 558547363 513003
808839133 955837965 443393
963707001 976566073 423658
489727532 668860412 359027
423978738 731740683 672788
795222751 993777366 565692
630037521 964562290 548491
531064859 686118830 811717
405423521 678849684 611174
559054184 734702240 773652
322559708 903580075 523838
421671654 427216525 61216
406656909 860078269 25810
194132113 947175653 871906
759156220 770272303 890068
70502994 425772881 228357
649177550 874124644 200691
893773252 997290188 857335
127834918 852906231 204660
457204292 841580944 933072
295372732 654466454 161175
61976987 860004732 842091
783451530 931103796 850036
8637245 667633732 859392
430646431 846761057 608591
498608991 836049688 160872
648311272 724187761 662851
665896917 752009100 230087
298842456 704454418 851078
665414203 949333496 32179
52214010 645532111 124935
859627174 943685549 145798
70699416 766327591 980481
330417879 915267398 267125
210046254 565508862 804948
58986270 744097870 769488
946152871 994796122 308187
784302995 898008578 200044
416200742 817945424 687198
847028109 994129910 310228
64508398 149374497 857481
832664263 955517746 595276
232870829 797083903 965988
530435777 587939535 146040
594352678 877165617 301003
771096614 888709800 963632
704541654 940798833 442550
919544021 925154177 890629
787304191 921809188 637862
100347055 716471574 473259
739611198 860239012 339744
996644958 998602275 599046
629188022 969524489 207628
489269809 773324973 673055
357971248 533407484 565663
72360490 138990497 796139
378477841 623849556 574120
899383553 958565327 13865
285359247 812505502 139771
510122432 792160982 640971
44482379 167490610 361262
440979606 850783200 247077
192553963 723008680 300199
795514009 936007962 422942
203262445 260885749 506850
911561665 922411923 614403
884576961 998339194 882345
609616459 918681282 586572
463058849 654270596 981067
465035062 982422655 88940
359980195 584626892 25744
797877261 920734554 883692
199047362 954325628 578460
129393848 362670216 602395
896519927 989671179 216101
523485820 636016221 284809
949094954 961888118 636516
182325775 701050653 1056
172269530 888412193 184228
149386267 849150497 356331
926563309 931863189 482028
761774738 937841401 130628
120195688 237557158 357207
746702882 809852205 330442
905682390 956544683 564723
361789378 376829057 449127
54861603 794735810 665380
770958859 783292802 850121
358536072 456035624 23578
894124956 901545629 866374
822179808 909010365 312651
317229329 766890244 526566
71851640 527053053 435521
552435711 694558696 547688
318677372 919240549 463328
363745903 696591266 250541
862373125 947094767 418204
701848420 741627977 971070
579478420 586604625 61353
94041834 711684993 100912
90111331 800713223 412594
862018161 984430834 604759
375814092 866940114 290967
469920514 630370510 426079
110740094 986847428 725742
328308114 529192178 749032
644073169 727990676 559954
899785796 981015200 781429
150437609 692311098 18906
943443219 948966442 664813
971902167 978114933 253202
394127502 499345657 581500
452878928 694458001 274233
370844890 907093827 824822
531904758 738476943 503944
318839863 794253504 654202
640397633 980807720 877140
769338230 874315228 903619
711741823 839847115 370757
746733971 971196036 673001
579896394 758540633 631359
830098641 932944926 433528
272604429 595187950 790897
282164449 603365467 195093
189030224 719920897 424853
312997652 870879286 854045
411509572 710402049 127511
775466250 808459391 422316
199448404 851149666 31073
258477043 970959094 539475
240754516 260003152 801599
151873461 908777100 971442
715542873 992192601 402845
337929343 757852468 741318
64207562 669747447 277409
875043393 964297951 937769
406707666 622903322 291571
949349748 998866376 252817
984872731 993691412 107078
826286121 874646265 255344
354234739 573793278 84551
718331730 969976747 97453
394362878 609307403 547030
552270455 767653666 392454
883353351 892414887 782637
906152038 965673149 783770
154969133 229501636 504054
444953668 570066374 723044
270792577 983488145 553160
317339081 938169482 546759
371444373 656601341 465547
696334921 962320608 195637
297513797 834221565 709339
456411005 668803310 497296
343047059 939345252 484431
713127629 916750613 182937
882113871 972831002 545769
558247537 854670428 373194
174213630 597607553 904066
427636270 862381628 187511
217089507 868100606 73842
128054250 535300556 62606
688541513 823848355 536196
659409917 737577353 696106
537171603 699280252 398689
53117061 430141053 932428
700696375 746891064 479304
756483747 864875570 620543
534976292 706286042 789
924981677 943156650 364570
827067815 939430236 449812
495390734 996557557 397759
71746295 243058696 305591
197977225 525287323 512034
750999590 933488314 651442
754791839 990217042 915423
894545195 918244799 85627
209900392 425078558 334604
736625036 942853160 546152
315649161 840009842 931876
387247716 703636974 321387
594238318 834863983 195432
250052440 742627842 57548
784486106 828256173 342798
770109020 781542105 744298
41211334 479698001 384256
780681349 966640502 712056
194968387 468795072 572395
448811974 672834515 414908
855907422 994528697 736305
424311894 805944476 99603
887756029 941434081 418372
636839354 931096302 633264
282315749 886134936 609293
309228541 381524030 409232
144395631 846154616 581129
424480935 884729458 269832
86620882 413350959 877487
446735357 562943288 917628
926851772 959300212 723537
866186747 899647831 750775
205305780 596185576 939191
224415268 759552549 651486
729852637 921238321 28294
135188647 391152545 31168
447215014 711330477 739756
463870489 913247655 876272
860780825 979707170 701959
620313879 741196195 210084
185685193 574477806 503889
553478297 608596473 790103
745484879 980408871 986715
714891750 950139431 743662
811431364 909175511 933148
854537092 986068060 248480
887961653 986228272 239916
473366933 970020924 383113
385665291 726775587 367218
823408128 986475920 180064
485540717 831976516 319330
487292112 611122877 152546
126653103 625883618 182032
501520543 903901955 966381
432778995 529355077 504954
128448551 435136371 522983
994317785 997943790 673916
238465691 834996764 891006
615733467 834710711 685636
397330327 910026393 449398
607806944 718656177 461138
761083959 947057258 490858
71706851 313692853 717441
14604088 964740731 245946
906983271 921614402 804704
863771824 952960460 145134
896241713 947945239 505391
87880959 532774998 943788
671225685 919086094 268146
523904325 894681002 502555
458582306 913314720 877937
662936523 786241707 662091
915707364 937125105 180910
495308527 666384371 161434
137963219 795362572 330308
279989936 462094159 974630
458076930 564932353 894846
216408953 225104409 526650
998535213 999980866 256132
716257047 968267372 937009
338272971 775184917 889813
488191511 917809824 142020
560399352 997391112 379038
452198377 520276606 204594
971662500 991368858 281019
39633513 264269765 179634
688923317 858184422 453878
213565801 344789768 880044
992003585 995556407 971150
316514712 581026166 146341
451831366 651181368 973299
265757427 684616321 496101
76135993 194982934 829916
788309364 938946760 596526
713835548 714654209 175276
607433405 825625142 270678
257222598 751214141 428123
694838460 733879899 758336
173180915 645890466 26706
937443075 937794211 485041
76419249 252658312 459604
546899412 900753870 958578
456173572 929417727 121077
114353760 176339443 781699
12636764 354165127 604753
597832245 990006461 286963
579432981 879197993 307999
623929787 882705368 529715
535094589 910722559 116436
92517110 472223506 154895
178099559 246661067 136804
114630839 391850928 871944
370768764 516707480 338964
920397224 995391850 122194
684650213 800631913 173055
93878677 865835381 314949
474668855 682305550 151413
836911271 896459999 701120
872903131 980686262 166748
738540209 977191514 701
673003706 694178952 779536
380750384 750388770 267489
981788534 983828399 17808
127199915 862656106 278081
40644122 557917643 644475
599409904 754234508 141812
691214557 832781386 543075
804611230 862670587 723138
475654906 971353455 784273
46952989 638657119 944909
525796999 953665707 292892
394065235 515183098 600540
493823151 728123177 592928
451794931 645261595 815064
933497594 939955606 81302
705103006 887972408 757411
57687202 640714389 278415
476790504 948185547 552589
457078590 498704720 902287
192092391 738704602 322675
95067490 239424334 785121
65732711 72783295 471277
933234523 992259773 539091
168184770 790520130 826101
128782427 363971659 223864
554089301 584546209 611357
807902009 858825264 582025
817715051 876192054 511809
127006405 172014109 372245
474033137 859756888 899530
253932609 545738080 577756
974901921 987485642 811780
45806559 122887449 289354
978335338 997702380 81628
697731526 896698986 57857
267162667 847560833 768044
429578351 747848667 122525
867027080 999516910 476496
535026557 718354691 575344
546999035 577021515 23245
785178167 922005183 454182
442845899 713465712 14115
532549377 810308158 857659
435245654 952806195 99918
89222396 600782909 996546
700894804 821832731 267001
916332457 948381843 427963
935961827 970567248 526823
390751649 610365166 30963
818480794 982120727 649396
866119338 881755322 893979
51981325 210810495 459451
765066339 871763041 315
580647692 635003755 273356
671659327 939790264 948042
702450104 937042378 826056
689546068 799061237 351039
263129384 371305468 347247
535114522 667805299 165577
612642050 892788404 469249
733462271 750461901 649968
843493268 968316414 191595
673135438 996058753 423993
918804941 977104403 662169
499431894 723773005 695507
734231172 758109733 876395
117319574 703712279 808164
206579484 656184148 730336
785167084 846779869 721899
520980174 772218183 97082
572979456 888836517 157068
947062898 964927253 285847
286447327 724569544 729469
87083363 960941617 64996
531420163 980387290 992184
415390061 782717686 211822
287568554 781413101 969718
542216988 664817499 110726
566060875 897784238 544167
537296862 976251223 875262
174155622 851090624 112045
712673483 838903432 140586
223461201 877820531 635279
231610931 587883667 360311
204568520 236597240 345559
897435512 910528282 782262
926112893 947039163 836180
773592098 801855706 493744
73147589 543889070 843427
996233542 997567436 224393
224204583 392963759 551155
834713630 996715252 269235
297574037 717639415 663792
368792705 908653751 526813
965495546 991324608 861945
408809071 610465826 992102
964383168 993147130 274093
491861935 718892403 166443
832155651 938391589 671358
528104849 872579631 28840
783893520 820507385 475960
812857331 919890097 882860
695362539 854750751 722712
589014729 932374844 48224
920909785 937508530 716007
767415795 848775526 734121
376336397 649517438 655806
667941152 879351975 513608
928913762 990761649 230313
48085560 875744782 636362
842428287 889218250 136471
752124152 995784439 705257
898199041 899432667 302017
88085932 941523966 611747
767703738 963491909 556623
422849680 849095100 948812
403928060 904947433 198626
326464977 804196317 335290
596494850 719257035 143649
341042429 448073038 177805
764153692 774805308 170423
607031671 951187872 224109
800335179 989625085 661298
817125385 850891697 716333
457052103 668423372 942750
628857755 701943515 52593
49183632 135764907 245013
991193751 996737105 379070
485990731 496379246 356267
800682494 960971665 262765
720359470 877209084 152809
37497000 353684714 75462
550903414 793953010 245216
778043800 900601269 955233
992408577 997704953 124672
903862987 957305486 522393
176247973 442089855 675422
947057610 972015481 324540
610505309 683425469 680312
85854719 760754638 735225
893049347 937803411 1277
36285923 229781873 591097
916222132 968487971 693930
928175540 973228020 356725
17485381 694806431 7084
912915032 945627295 922266
206745949 835427702 77569
593668855 835099013 875469
219937116 448240600 425634
445984880 700747215 895078
241031012 796558341 523629
299834398 558888043 163443
271291279 651174654 340505
762007483 872118760 626812
471200190 664867373 70490
535486791 617659452 905377
669258640 737371339 27041
351775099 702223280 764164
958981601 963882192 326822
737208479 798710358 780249
959259276 986021080 964725
253427877 977154511 355759
739863052 742480572 447592
1365476 633164699 543581
51911015 233035408 931954
347944323 940647363 268839
376773453 841424976 63139
214287829 777897719 919460
57826558 179757828 414317
158693718 562022924 531771
138846853 993510030 828434
880771374 955622842 682617
694994851 932509369 19271
417449434 576427000 928438
812924679 959405745 519105
810011686 924157279 5251
725256220 931568029 656055
806497653 951168900 911177
762273500 948897859 804922
741002289 803228132 14843
963549826 969189511 501543
748729836 975886577 671095
606885653 857465634 803
924182094 960452020 488608
517305435 904377657 644586
211545988 256759966 104932
240427752 573697824 980341
999823744 999907667 133407
902189819 959461566 992288
979942031 999703439 1037
635042235 715925275 607855
519459624 980462988 61422
775791315 933235275 441669
938210749 986377334 162056
120106094 367663786 140535
434055331 981697707 590439
178786076 295660941 510294
988644046 993116492 931414
699925568 771911933 103694
15516537 875667245 598687
814655612 816240609 274770
31282103 977448882 399226
963962127 968952493 404304
156297377 379988898 630500
429908460 928412692 146203
486962977 631119302 506346
952637458 996362092 209298
234690773 968635816 695030
415489218 483387110 871510
476707545 922656050 792971
142638828 584624047 653501
791395894 919084779 410575
782845287 954141439 535099
71303764 144353974 485146
289734857 750627926 477388
795477287 807688703 990541
390041061 937320607 265243
160962053 763787014 254477
292408673 511895157 799556
395700443 474399102 39868
737428259 925643651 104314
894930277 980354227 610771
655930509 660236899 533866
532450559 636028898 26017
213261728 293202176 725885
109621257 799841952 312425
511390214 696489054 878617
652498740 837066975 467192
213413093 985205654 756152
248992326 444673814 329915
683238115 833856405 299974
589270668 743244838 207922
977400012 992872977 222492
458588706 549571701 335405
858217793 954493545 11116
294612633 553066237 507193
11787941 144345292 293713
29174022 176817458 571052
924791496 929542498 646468
339709746 829927785 366907
225559098 243593029 529544
175498686 885240887 162300
317135411 482986970 251896
843560536 859632771 373202
419162653 976082892 902463
696971372 779253072 279518
557252592 730071417 645469
38115002 559640320 104153
19161413 664593501 448684
984658855 990789301 744665
939790506 958012419 929301
846723135 893225322 149275
188553138 296969420 947682
827301384 903962942 281171
436355037 542991050 328350
613445875 882260059 329501
87231510 425031382 263620
574928231 973982179 571487
523884283 702347154 464242
671777309 792524827 667373
247792339 851173063 208827
993392232 998526949 358858
282726745 799802036 15123
865250993 942193031 451520
601856885 845913856 681015
295723256 328210907 414030
279741186 765319758 103245
750827248 977710908 53183
380644026 918053337 548015
751617619 953434332 411755
679025183 682519903 271895
139247465 947108762 504839
474402312 517785597 160095
554382168 672615266 694715
813364760 984873908 899507
138327859 628829715 339323
986674694 991249461 133748
491690878 688067111 628306
591506521 996957596 201513
253382478 660348180 232026
893593231 933517710 984960
906883293 956085307 673507
16342662 895093337 402651
846242470 867770201 735913
322437263 659166024 752977
811057143 899101026 347200
83671598 928771841 122804
708951744 933854933 95868
394569602 915369421 176155
687546522 781935713 737997
624303511 835271926 147575
669170618 773528517 84078
425509711 541677383 93105
143499137 279116250 288354
160271559 942714866 551380
260836498 390198260 369475
917812418 996743384 146794
987790486 990965466 367751
640057772 971222159 104871
373375617 456859973 354946
116180799 739529805 728966
268010294 908012816 39099
441367703 631601056 996298
672763945 713638348 858970
879813926 939207350 723742
241435048 305630199 567026
710593604 914914633 330117
896469118 910740047 146435
736564365 741672837 531514
183649497 280556622 990026
854775336 919035004 273786
480350054 646765639 267720
861439799 962963652 878573
969615535 977122584 554023
1282299 896886943 253673
330108040 965640331 352502
436116669 807515867 995105
736576547 947827175 912682
768599734 811507745 329337
459639914 956336928 266672
202120020 769963539 943103
203472311 887493437 983018
209481250 533061815 685173
588237323 988164190 91432
511284521 862158266 516283
126623163 489917200 901776
526203875 912049733 57578
808188922 977904136 651969
81208029 643831176 33095
785899563 942688933 640600
413664751 606810372 556000
265728428 455894879 715691
530463034 704664766 194824
152385984 282204626 900233
12813421 717464251 358421
876862532 895749957 902425
852652204 889659017 78238
146297270 156175628 139421
334689791 996956635 871624
730103922 861783105 943617
883693150 925468661 975801
639397979 664071303 536810
471959815 624474043 407746
445579036 957285711 774414
771269075 900003093 617386
456870375 844210814 316142
895935656 997102304 587230
222820442 359917422 403095
30141390 624005622 701582
250457935 989357065 997809
805786824 861130939 997216
325788724 539867597 61063
802985379 897048502 64293
195762676 222575850 657080
750325963 830950284 814695
969201502 986134695 662559
343019658 410838163 475539
796863515 888125210 955454
211454951 621699645 151322
121506183 905542983 388630
79112837 922102151 541203
573626392 999579294 855772
21572010 226031600 787463
838687678 921402779 159045
882418064 957335994 247235
811238089 896457903 416229
723469093 812524958 449048
841237541 957115442 883903
625936862 942085043 237257
790610931 820295916 593847
603314775 853697441 470872
786649831 804069282 987040
164326401 941855879 385987
515659694 939854699 182547
206640837 741323859 997731
870313352 944948818 526859
942607151 967792062 994731
730655576 809835461 877407
605659865 978316368 83360
152486893 694415831 240809
246186332 790321070 120774
302922359 609746677 930681
250732645 729557496 816603
116326861 996889376 448427
282364938 880399397 909695
769087788 771388397 794282
26393987 553378923 819117
367237690 622341668 128087
272028805 389143599 138881
48365835 531381787 44909
353207805 635400276 479951
294151469 948750163 412017
120402289 362102917 879576
931152258 999982772 66054
443863704 986433697 38670
592696357 931117569 243296
593172012 899303762 796151
766719438 824530063 90544
674318733 764997619 194479
49006996 686875778 107177
766252333 897855919 96882
211021751 546174498 251682
340758262 813324619 979858
728005286 905350524 740644
175176408 429102175 357433
393010550 835123897 33453
761511139 790992083 798589
393209258 912094448 247482
536791018 567351354 541385
820895586 857542702 718484
467244500 531522931 379530
649386507 784265893 763913
997515722 998042688 52296
939064955 961854271 745498
598800119 784284190 634529
18985131 246334357 972609
633701489 663718817 518004
936734616 954044545 762688
423279275 723829588 195435
431914193 843674286 179200
611177448 644798689 241034
943457585 956140306 620440
142360630 764215138 573286
682918015 902756951 487988
840811503 847658723 427325
318874504 630301621 674571
386320201 511398727 297973
629909855 772408170 695325
295145071 898850273 686712
745154356 893536455 210677
380714745 572618583 486213
836269723 850897590 138962
719570702 907479085 241022
665286331 697119713 830003
964985994 991805846 740219
681846242 828376505 301286
62587042 611210987 408591
766321686 884290963 542579
581778004 893564913 429962
132346028 404037340 172392
626938803 688916091 189013
163005257 827900573 304495
247091142 967400594 448546
22166552 926927472 307574
289826025 299289248 92759
177369741 354506331 503050
141893217 730840582 646008
265928305 475942621 528091
377134166 576946129 506107
987069390 999013669 194818
472247678 733549516 958363
15290682 69050174 755439
689212619 750431415 395412
872842971 911889990 411225
461480179 747003428 894139
568322533 685384852 416209
459571284 567260404 253896
876089761 981605293 180758
810473587 982378078 490292
841956050 848959154 573601
591933853 953434937 597673
944068973 999498521 258916
321151844 788266488 996559
252980359 770304908 668442
925505991 932583087 218483
571547001 809668145 298323
808110004 849212906 468050
896275597 919846516 693454
795503884 935611035 346183
840847626 845622658 648612
77998841 155410838 395107
754127762 832745514 455261
840836399 955901067 62552
774869851 864324760 665109
464803186 982948260 233316
764136798 806682272 627091
790049465 793215398 416994
351789379 379520414 535328
348918421 372613328 137069
178906445 519226562 545299
43782940 435796669 663950
814111121 936962395 59012
157714553 926447825 977476
710426527 747598584 234946
831396911 951475925 101309
675495149 763590396 733736
598922063 883986459 797858
550479169 674451973 470636
386429234 547984162 800404
59548438 593248452 699571
22976537 996784871 533740
384611736 634052274 363469
978699176 985356458 217600
780674651 921690637 314844
182407004 699572713 877503
134333538 977574613 208159
554125578 863840099 590438
604287712 982507651 357346
112970078 563541826 46950
386699906 909262781 661343
375438938 615495920 927679
921372818 996093745 865050
127373226 428189881 779514
478475916 836010286 325846
929409988 982560283 479435
469455810 812066360 367159
337705217 765478557 860772
850583151 858631893 544960
728738574 751728614 748683
966779156 993150580 808364
191268469 348371674 979967
981911443 996573548 647611
206602975 853496375 751343
542694521 736324290 126892
414147276 945143396 985802
912422656 994771619 235436
736233048 797165738 393677
303653130 331851236 751850
275055474 683228779 410217
184893470 694488470 611598
245598317 976190435 838501
911788199 947467941 228145
307573805 545278188 878019
879884283 908665150 954201
940413025 998570762 926495
769849636 940435174 860805
524470437 986094922 540221
257042670 601651906 717956
947501087 988918591 651955
330451874 959820207 525050
567315090 685561415 875888
572244432 885391171 693713
152884267 577444611 292860
501856600 922872828 309495
953552769 986181959 193734
349025034 758406832 257915
837909484 852571825 822963
839363345 844202681 467226
981676643 987721616 973259
676504135 813177757 425417
187142633 875272609 953995
960688573 962024497 839803
757472649 761995365 165719
682410300 973719366 664464
974750485 978303279 537174
434850426 840141116 81538
723651183 936710409 513219
817821692 994285832 677062
945160349 997037498 901465
231575392 813551739 451575
111978613 235993678 239106
717222769 930201233 67844
937213211 951193057 806856
344052396 780152999 245727
570613745 999607106 318668
983104269 987349364 65381
216667632 384184365 239832
7617598 87154826 426322
475756526 896638456 422034
408145879 469956576 449686
726463415 926221216 602197
250018642 717085503 994791
245994851 254369270 841305
782287850 800208170 665501
919536629 998404774 372018
462121704 566366228 928657
77505090 354080613 692207
892719638 987101836 597067
358579056 891159649 951643
788103811 886713505 422997
333166993 626771354 938738
733252791 794274629 403135
238092349 642813723 433366
958884848 985721603 826904
811913935 816885569 387630
730629429 836004154 858863
729106309 865930707 87137
345726468 701013577 712863
611596421 828954176 124981
775990645 994075321 233530
960725213 999544557 213332
502700125 624402811 622268
630095363 882787646 975682
472459935 875091758 514972
940484248 980324998 515877
666928115 793892176 606549
630355639 870446160 136707
894362017 962148558 295919
360995496 382664018 517814
416091788 796745291 117432
876757901 968028431 473095
368161631 986576356 169303
843879346 912394419 178753
279424203 975442465 484074
761850752 845644591 767126
654355195 812630421 528731
962199332 963583667 417768
967285463 994996946 235964
287735066 770765880 836131
230538643 863923104 998969
476462523 684324658 678804
80626591 664882553 240442
118766249 370209189 526207
701231776 811582569 781919
541374458 901020032 657076
807065210 825202951 850707
448973620 985588323 913023
504419395 548960727 194807
230991497 269727357 269824
639681448 641535137 69683
571938576 811788943 22099
718118100 751524352 166497
4069115 59000688 906026
286028460 442343580 881037
822988277 840601675 374295
302955752 448351165 600315
200895026 423325313 464831
905589561 993953572 283776
685466055 919076534 815338
488156208 863731107 549266
62180132 738108500 933029
988251646 995776100 747916
771312100 861558353 427906
796190591 828167776 52173
972669465 983902851 296469
814156168 817809516 850715
951471946 967498148 114102
983695590 988180427 494302
563360174 928215339 494621
556311267 955431665 432785
531710744 973884667 67107
816537284 830085680 899317
851044199 868735220 460022
19755058 699203790 266024
733141816 742217803 250938
78289672 601665270 99437
308530900 370451002 103786
460734901 980928036 377117
271316746 495806969 148637
510057201 529733781 819181
697200109 968232627 903841
637864903 782350070 661539
259275264 962462873 508598
350397010 552026162 613488
232481946 889633403 374827
381770718 434760519 160026
793534989 899025852 610913
757067307 829752524 773183
466336249 771300568 181957
138844088 446425733 313850
31458499 337401219 543392
526171728 705706551 234963
959640105 985256924 532689
597817743 852890192 488574
46520452 292280771 576282
708357978 922617021 472900
972550778 982339256 561807
915430575 922701540 741797
64718692 312258152 397422
781033501 834939642 296263
512782689 581108100 890072
704514677 832372322 244731
797748161 895858474 704947
739269745 860101579 791543
261508345 843510034 792683
38757330 164612424 405365
566014986 822072024 359834
441520897 755687677 179182
454916810 977231539 646168
769923875 807207556 764064
898742562 991388633 59066
490036082 639407488 719230
281813828 434408833 539563
266041156 537793569 840387
731736922 811073691 20404
631207935 985320929 790058
547264302 996764357 639718
462089678 907237138 67058
203606602 731531827 169408
463413472 621649550 474858
974215363 983205452 929038
783323584 904979391 514505
874697545 930522093 706149
96842989 371879465 733408
204330164 426264703 276512
329044144 810401493 935364
736239659 778226409 941524
244656671 892760193 274350
111666859 135060198 140736
85208800 736821556 251491
177581413 242580269 761355
779944547 805137026 572910
834371609 920822607 477359
63327901 764832934 248074
615319862 937918577 584692
708772297 723932578 425906
639663787 784755639 47217
725544074 939167217 284704
74663951 142734790 230969
84033041 189135055 476949
461541780 865096638 155775
758371156 886844018 851904
342715981 741200097 767612
502942547 510320854 566302
501898536 648118683 752035
65835072 972273209 863380
423620616 825963151 117071
588708785 814213544 739788
709861817 872370502 781835
324154864 766365575 541666
579496112 688910750 356831
460516384 464177325 404650
630705330 992903137 371560
86263263 102650980 604884
538987767 965702527 672349
383146422 715266398 947949
741395685 794023628 862296
557478952 637856772 121278
227453357 549738823 32539
411113983 750378930 297598
270783735 300150297 23216
195304185 832424265 655767
779553731 881523267 105372
300621644 521664214 898172
408544286 546312012 526728
298156612 385910455 835708
937192690 968199524 705309
303639086 381851392 336298
408183472 882620623 474908
49285379 444663002 413444
197886729 821480542 423518
524819395 713116656 306549
663973988 731328693 61867
221182945 482279092 794363
431770437 599156642 817261
292424895 407730164 548744
467290142 974020721 655930
376324320 567040343 289943
135711927 205548356 417688
362699763 791991375 682502
550768322 631458635 228032
400287204 661979825 757691
82012264 660608862 715079
675207940 784269812 485913
58316250 676508922 481320
14814355 687940617 425836
417276223 747378208 49701
838670884 954379083 409856
793778399 878027829 280828
186304451 264379266 839850
755958683 929438555 997743
3676688 953893461 653929
18767756 369899093 735265
570110972 674674364 449048
803258360 893320773 147278
55243775 57639075 229718
335353665 415933770 223647
69491532 268319737 812050
861394661 933537932 363728
929255510 934925400 645417
353832712 862452464 756773
282606990 749513308 317483
982117420 998007768 304700
928513795 994871094 460369
132763473 605133882 908037
249821110 720092884 178607
316641672 822618131 700329
133914134 280915950 17269
171235802 414552383 432630
738478016 833697146 69600
899882992 918705735 315037
562993996 968574949 332494
936057369 978507945 378894
779394752 968766830 558203
296298638 571183797 429496
375104477 716824290 283218
79554420 205811736 613489
430546738 584202557 688691
579924033 610495375 408162
958160944 969960751 565856
179129119 271058979 333433
397853872 804466615 823075
920340250 926663730 876975
951343301 969911466 234354
853191077 922678197 10395
601623640 899605233 633150
429146104 526687122 774364
705078762 789565998 784896
701244139 976822940 635470
395994445 679192233 150470
250908628 531282924 357897
444285920 950583306 961347
784249644 972926292 715424
121882376 649795078 593394
866420606 908168499 71437
130240248 432194054 952377
917755396 930799027 567412
534611367 635341906 660070
286461215 441862903 72108
741818022 832581890 174515
453543783 971694060 140060
70286126 139190035 668831
724824667 759087583 986248
59761039 410506474 220368
274235979 584739333 51088
196257272 671726957 84719
833409588 902579468 376382
782816262 976290352 716884
989040813 998613121 776445
716117940 976941723 787337
446575679 630866404 70107
884379226 885743707 40488
572267038 840447153 55961
299153553 654665044 474400
576686551 883573487 530454
909955005 964829737 465358
225885371 678210995 268394
515768925 995718850 149709
525119348 900439973 987661
941857669 972582870 370959
22131665 937885230 442556
282928567 578383694 268187
194046511 515963361 945113
183698979 271029439 970839
117754459 863693608 884438
849747287 938730562 885037
163641020 658502266 862527
238227900 331844158 141249
463584936 873659912 812204
766383383 985053571 272708
48561651 899191783 756215
237573517 327680731 785852
370567505 818741692 93734
276466239 341952221 238385
56525605 295825292 908881
392537212 533868358 736295
232895820 799408221 986373
859736396 957694854 622518
196151033 747709091 821464
737583250 811874752 929991
614453939 641639510 102288
671051817 954385057 64453
548168928 685204660 803128
770521673 883082248 964289
279191351 953451610 514884
794312197 820409125 725553
259712560 482145815 917550
251270044 463768792 945226
429960232 814618210 358773
494262879 855349806 958817
31130465 78392116 316250
298663386 409594473 30317
547232942 784766862 530825
52823073 836447831 252550
53471163 309299886 282
940427708 964907699 568705
936097632 985746590 951009
913376076 987898475 652123
52211818 347586187 701910
92247477 225701937 142859
739064900 798161316 186597
977967253 988546296 802913
699969293 978886979 436550
743126658 766564522 853459
817555798 975773584 35350
927684453 941848521 185094
68052417 781881187 435654
939149065 954254161 703543
11322444 205745974 64338
884705037 931960981 370832
519219839 930632371 74106
259175485 639611359 158303
966262860 990690219 551672
384419005 898669211 598034
835407447 984047170 866932
271103561 923657758 341057
258767326 447795364 212943
817218023 943463263 338032
414076275 417022321 434995
722103576 998151140 618261
395380023 865504238 695429
639110903 975583887 994378
191360012 685402301 386512
438332386 970869513 466713
262112114 300593962 627158
45225341 119160349 663723
827432801 893091467 199314
457747716 884375961 364644
987664509 989671961 576123
77406962 966752924 995275
300172600 661096537 174964
67354409 479592383 748780
521682655 697838155 860839
357341987 617009398 534463
368158900 443062178 663146
301184294 855198534 765849
400867392 894209795 815158
582948517 799741270 91108
860714710 879077233 643816
251762601 997019496 828165
679964843 817439970 418913
384901690 853028834 887194
515923696 774949452 756391
351540216 588238384 8511
271965993 538540702 455279
518914065 903784810 70837
552317897 624836218 437868
406422757 878485460 704116
164862912 912829125 830260
695249259 701962058 763306
722900331 958330660 757559
981457696 984206692 979693
138880967 288792891 378943
758299537 845732404 164696
322068828 887095762 705957
189708867 715980423 976249
866009772 922595971 843664
307634587 728390159 919074
756470524 796650323 159101
283207168 793501452 918341
889280050 965768444 262631
615366033 873907088 958018
129469094 200867146 530455
637887977 821727604 915635
878295009 997719603 449292
504091148 726926578 826192
510304228 783851055 556127
898082005 965306627 670303
762823075 905280215 147653
110675768 218965954 974540
166748023 575865918 102164
3034998 895434650 413161
122600148 563857293 160187
691840064 701799233 714802
868740603 938063682 308211
838984146 985941260 266720
166366283 926554275 85951
845654982 861173367 829793
175106034 709660666 115490
277972102 487474130 575708
97477843 932514323 936489
802230573 932533627 381576
284320415 532631325 414313
208006148 773125682 203035
394520507 511786368 178553
593553131 775879587 378148
785127980 921117562 266245
531711749 620673479 720379
942659911 978806436 922592
19346749 276481706 13134
893792586 957635283 433256
290286868 728252341 220072
777540610 852100306 359722
961058616 971721602 735978
374358254 471629899 751461
886320712 905946789 688179
880036174 944865742 303463
191735025 725114902 585473
13133079 635707471 667885
59444311 868182116 683333
296534803 957714565 782001
539368832 608469260 446912
670492768 971825842 171607
105920298 230632933 634369
724608686 809770373 595419
429032055 962750384 21120
80442667 394310754 70195
747227904 996214217 489192
944071107 990134568 139051
600817252 999773407 201101
922992483 952277350 326395
543875423 784269547 338746
492328725 586553384 947286
372415007 537395796 535924
810480239 921537565 2004
489984503 945910696 890342
207392478 616746511 953605
449406387 760295695 241416
540722269 668044064 507325
375873644 435040371 92836
407812167 890371350 980728
843835944 929529462 438847
198920347 411697294 137323
295413289 787522772 757465
68493293 396439678 397013
509723871 696451915 783811
237415861 266710041 21037
886965267 895941713 642853
333105075 514327926 15037
154277132 856947285 644951
168374104 962107501 401865
600301748 616764089 340447
7692142 678422813 571934
802739495 940600412 490798
633016041 913832571 919510
499904554 819921111 280280
583427363 953224200 796896
751770250 925275114 380296
321757139 847758608 25228
438618027 658764934 273971
491525098 588484442 625540
965485978 988294118 694204
729565219 979319812 752522
825742244 949013745 392074
977529099 983386660 520049
891573565 925423739 714224
54267044 876284186 320512
368094900 722483938 557646
555664248 891746815 453706
837335275 975841743 458359
261386863 319973723 21264
617480821 798615006 895815
197471343 990803558 665918
27480759 928945883 809986
83719995 643202666 80286
455082057 830008240 40930
827886750 990286670 149623
156539798 235173699 768331
17734509 693441965 87982
161946364 194946401 319439
394669443 991744185 126574
701733879 984299829 725580
255095964 826943685 984200
399059457 533830424 278533
853662686 913733427 155138
184436248 816861880 435414
547217267 998579414 583380
362670566 810175786 921686
670346850 726326426 20132
949156267 986252405 538802
399126212 910338207 948716
715445591 823295230 167250
343221439 823863142 975379
585870962 774315050 230475
44296774 582567811 2104
148050751 372418134 215534
464124562 563225166 327674
636888131 979272957 417562
277018889 465370813 242258
656781057 851684847 858395
665913209 997853984 28799
797567154 999461984 602425
273040072 991956369 446845
846820753 956216263 28826
570718663 744911706 39786
12548380 749955267 328859
283478932 906745815 839460
660938956 884786080 225841
547905220 702365609 997472
509605427 832085520 224003
304618700 885311901 971017
778111090 853247244 822403
190809573 661624376 893247
185453579 394757662 419950
746983836 883344999 377464
900786764 961780162 652951
169641145 185699083 60007
98707685 923021052 846611
858744372 941612334 799078
539994098 727707001 763217
788970874 980837762 893447
703761306 815807631 934086
598627578 702014692 491951
287632282 757358341 497652
795354737 848565429 469286
894445999 923362601 134137
658478951 991308717 424363
703226343 877007849 39950
499344185 546679459 530727
793853680 958566376 537213
479665428 741866973 614898
91293341 99821059 748050
850273894 917017412 40527
34790926 152594176 753149
936502717 982286553 170030
528335104 590968907 296115
310629624 970974987 390367
295595630 898922439 499691
441223243 583645654 5173
975495425 984011481 561950
852138644 973547153 868782
157940643 834604770 973379
620256980 737137563 814218
461491932 841836986 115087
289597617 573963595 296597
704247904 994486922 628695
479891435 666995828 998917
985249087 994440482 60154
592413310 833000740 278776
688257381 963296080 498372
262875064 276589815 250003
558945631 987458634 457686
99489520 106080056 928321
955265891 983066004 711311
608713352 943226405 477452
416694378 448617624 405554
990284511 991865745 384283
436899440 783274327 420686
265555466 350744175 229954
878938767 971142786 3846
479423609 580318888 255338
569121943 857197672 532715
810345402 977206983 382641
60982295 730432442 797381
346941607 379903920 892094
969026573 981653202 227333
16287725 834999141 359669
937377977 978181868 348573
126978383 734930986 160043
843311703 999897043 164442
359088964 829443211 734285
537964394 794556324 586233
971760020 973816125 287408
601343603 639401731 646653
782762940 818144771 605519
396931153 613388107 435164
715390266 914172581 772990
651039221 854829898 518469
803909404 844623409 618662
305373656 804972566 111964
668021209 761983235 280274
329194350 484666854 405977
469319599 721107136 839110
534107465 944323031 832025
631407807 684582310 834779
570125506 824268883 778693
491432450 935732669 34769
121322725 949397168 511570
581068147 780144409 632970
256689501 913415477 393474
884313392 943180175 802126
480042602 641847403 348369
547851422 552517505 624431
962454845 982051596 921432
339607861 599173375 28237
111562908 599607267 923388
987051082 989639281 996919
612290420 894845551 891721
373528720 424610933 322416
113211198 196715249 584318
895133305 998321111 391080
63592740 544164686 157292
612383034 741602515 176682
365759867 855221343 199342
725363291 959357509 523199
87161576 119458958 276144
726715321 912681133 910430
228716909 824048496 617947
913422667 944306873 675257
771801852 911339801 319895
603467386 901353544 198438
540735539 782138620 669101
225109706 648193075 806078
345878138 360442105 207984
542152611 796253313 868130
283905995 670617654 33737
997502981 998933000 387555
195102782 912787408 375141
610930335 719881088 436244
621842112 918042392 917042
917590830 977653454 294088
938788533 945792933 282190
276714334 392811475 169328
365338966 728955668 815196
213716442 704405287 766657
250291003 771745636 656178
954188332 986268646 231346
194544044 583098584 609558
868303206 878284030 136493
474606548 827484828 878405
176721382 342476437 152030
576463643 612074452 892989
405832838 536555348 45280
784072278 995172872 502242
67403009 344941108 416290
805305911 821046039 417660
660767298 740147899 974845
625440166 762062930 686299
858044762 877046827 895959
487042753 604800140 874487
920869118 925360547 24523
206908135 671963203 864278
390353222 433030031 793604
333688445 551931030 163320
307609821 989998510 879309
950941792 995335790 250218
697309623 755299018 464883
703902834 708287731 353515
546285489 654190154 450523
257067687 673644468 193322
17776577 913086185 225651
339168134 537270123 361787
503022381 869126885 333657
834099917 855121474 589863
330692278 521740293 498687
336285159 615752804 794697
399772274 922607662 866024
324763097 546408344 480918
619496547 895773712 617332
160082109 663302563 468195
819324999 849562037 325959
836932979 892984231 526077
640697891 762829029 253890
418306171 990512366 324685
682814601 709191295 574805
283775068 395510523 9609
596724360 720314569 144122
177338396 897119622 102358
330900499 397924074 440180
754714448 942708262 744384
188295757 815900986 506221
626714097 678492148 840560
585927770 801620555 678504
688044977 763147879 855555
397617282 553585755 860087
827891982 941644687 225301
387693876 401426799 620322
247628885 748839820 378456
141267053 497697617 556783
38418165 438878334 854552
750964694 754604214 39638
870742302 891539094 488987
289844408 327112025 302298
986276595 991215756 519874
849313736 944248991 850919
121744920 723242852 734563
363628424 872174610 228852
894295701 941993144 720084
372734974 394813202 961670
138724073 508197368 857020
716418744 774852780 36886
928193785 950854542 32798
680558319 821434488 68021
918616359 971496382 795159
83963212 711099295 853323
214057597 277103913 878471
285891264 959522158 133346
15513756 991496436 289482
52998988 583267997 627629
112083581 897219519 286278
26762090 949522887 894407
410559714 794423580 54300
902769839 951248503 219776
512661310 947680789 537014
522464026 851501558 21538
687718394 752806502 936400
92047549 618366626 456725
265071111 425781698 426100
93803318 621246626 614976
759923552 954498781 157674
24132357 500566167 675540
243246786 736399253 237846
64389890 818087869 567473
578130340 887038792 140663
565152295 644334126 358433
383408915 966020912 638156
11632123 951348009 437929
142418105 240929547 864313
491101353 865486816 167816
706648366 956848341 331347
657455646 891370619 864995
3524119 612856702 261568
200273982 269046140 694355
103836029 748915798 83788
439229472 815102249 672582
797237729 886004041 418068
659279788 808932921 153703
291139617 568243379 550517
728167811 834304246 555637
538294481 923263467 8544
780542381 811057150 184086
774158453 792368609 793215
191144340 215954679 80714
39600504 91763896 379692
975023219 982156279 306580
278271825 613579613 179425
803170393 965192362 258996
469111074 508408699 424192
389165535 475626510 944843
626645977 886341162 814681
684838867 929228450 493936
545071983 878999496 453569
584159059 840420335 85543
766039288 769157473 934117
685087712 969123363 340110
187596263 326018576 136128
847473957 934343869 310507
939830324 952222173 722849
962040005 995562969 296364
369634982 619181202 51940
943517279 953613808 710717
628544238 674941759 462152
241858999 645595382 283328
538736616 671805885 305239
267806085 471095474 143869
717067936 781198861 343736
522555579 654694032 673390
408656896 518841686 5119
639922088 805083488 502834
492814844 543342429 670360
596420785 616145720 845806
593777096 982338511 922501
728234963 901820817 545273
615734196 979396265 932722
814419603 908045245 745155
683067628 986816859 852382
86149958 230078848 641001
236490809 605757080 520164
743077308 882817247 519328
249430560 863534875 625268
719275926 992855001 201079
724629575 813444210 53767
193616323 557651238 991608
843086642 968263466 706314
982929410 989159406 885985
705559259 909517557 528806
603180012 644458363 286200
546567183 612891245 886562
264326992 426109879 462979
692207694 870313667 651205
640235372 718868060 916849
333623473 712361259 924463
419384132 455235084 765970
555318507 918121856 448032
991450445 993867241 318684
957106342 976516339 275582
517357670 930486481 167285
354321917 668645449 152045
916299783 935309300 314348
800196606 830105914 63677
606270990 880211525 445900
283596699 903065386 441696
210501266 298392359 621549
136247949 189012361 299712
406748434 741722428 548352
263586685 651509080 192422
394491294 482913731 530209
757539557 942971255 469856
131481362 494584176 284773
283235481 606914040 564794
102385280 119234298 682485
531789319 970245815 455496
126592008 206557007 971179
925878168 944137839 256213
936001964 986448470 263571
844197669 946125608 963485
419944194 514150150 381176
926815467 994130432 804465
652544678 776253549 936622
268031471 941407256 577823
669333556 994742428 961351
184662955 296423874 281129
590667957 908350722 654397
886455478 911051007 331376
690996626 696002091 730025
727365019 977974618 236577
929475096 979351500 375226
203964696 232949209 378727
60528446 660297552 45268
768671324 882681006 528636
165064434 564587861 6053
549386736 685682252 384612
585701910 891836589 700079
849746208 989024629 638666
124636808 450717779 379141
852863656 998650458 586024
293547884 698159918 853117
144148643 370775056 323719
315202625 838779765 966405
673280668 787179827 306758
447841095 883725063 898240
288097072 482684358 294207
757992839 773716469 88033
155445711 598865357 948091
975353545 990176880 643362
941390252 963778707 156909
918888406 989565124 938998
519004067 945303899 794730
805971611 883113085 781478
69506972 803429632 414862
213635038 358763926 721761
565591815 736210886 163971
947807759 965168674 721226
878723508 996887977 84926
904524689 915478115 724448
832156234 891367459 985710
455518225 999974846 88088
746506135 752345399 356210
52263656 310927808 832542
214809853 385034828 985094
664324210 956822830 177904
844980021 913585628 709648
197424288 598709079 498785
767470689 898340003 902630
606685272 812064605 483542
685541548 740138381 68482
539801564 733140841 384335
832059367 905526844 150100
483312273 500297079 598791
211681802 245292720 468354
677445032 812822540 23027
77359139 969287775 311263
46161139 356786029 645764
557643351 731180834 768109
504023806 534047246 586345
314282392 651638255 177171
168812810 435134532 719767
964740528 972588989 283440
169647856 243961407 82430
541297857 840299931 961303
674321054 916016053 14715
66684328 602441069 484116
824254301 993879585 718912
354249845 912420074 596015
488528755 880349044 832208
814719528 855654030 550202
87080674 226976154 952657
542221352 960542567 60189
361388770 838537082 658137
48470987 529162503 281805
575772208 738311929 624630
999256969 999818830 339687
230330668 827714434 436525
451507194 658805871 465956
754439096 758843728 359123
358762743 438652463 998729
994182839 999584494 990537
219671388 347457580 744693
770261445 950500453 69611
670036011 801231908 34185
336843399 360284961 356387
322006022 912717660 403755
656551369 939346983 190632
386058987 778895593 587346
780028337 865552019 876492
990158497 995567774 100858
769614495 984515283 596402
267685080 682775606 104027
259751176 686880569 821735
664225330 738830841 551175
65987903 527091428 310327
452237280 596649240 158618
745558122 747598956 467143
461169006 982712343 44214
438836402 621456303 677078
716149364 906617598 877732
97628514 770363239 68822
738067397 885502164 377654
628957429 947015356 887834
487278136 943658560 969332
354608447 780936303 172294
806238448 931660770 774221
308981071 332347922 11401
15217071 910513329 1731
729326167 780038647 51238
509473160 511615788 700621
130288908 875757720 297831
249347646 960857811 277232
941583546 987750505 424193
212747522 257457587 89278
110100033 344953400 566264
529792825 770299175 340006
156530380 442080275 182162
124296833 988947168 249187
504218728 639625880 203672
469207172 863167815 269128
971876979 986271473 256702
222443936 682183362 106156
602133284 646306028 57970
990007750 996337359 822230
991649932 999611035 420776
865543992 888361686 174684
775718660 879563356 454585
265362174 418552018 936238
281411597 877529000 26934
99349832 670156676 88055
125358055 927344903 402764
470024223 679026420 142140
301846511 751783792 497623
52404981 897790915 632907
20040305 633409844 736254
734535292 900541514 959363
536166055 570647985 597504
933008241 943445670 661809
368107059 460530508 308766
305013912 455117890 31289
488207849 676600648 960909
351511591 581373553 222408
255594032 568241761 22875
85276066 234671915 661723
43697423 549925711 595932
350038442 525641678 958529
682600393 741343232 109064
873055567 878316309 935624
273376182 363158627 811430
339038779 708717276 993006
961584631 982487138 774673
138146333 957694465 409415
451941002 935564090 548148
456893575 639582595 73012
501157972 589126309 478135
837934435 951510652 939302
461555506 892987631 777220
930153834 958484786 249039
924135411 967004219 148217
331515775 756512772 321369
158133966 983684408 435629
255777817 896753216 521422
505625587 857574601 243471
436141122 899102489 741150
520369639 685756327 363178
77758920 575824782 432127
232508883 948491678 746304
378225111 541345477 88756
426406887 458123128 744167
5308235 940597005 416426
90558102 530239902 184906
311684025 752086503 585765
411915704 589211017 222452
171891374 324614537 271076
938508582 992129906 576837
9640850 274707395 441915
35465269 140648780 549309
590088487 733910248 604773
213121290 502636298 80569
255427724 664140569 430237
571281724 669998082 311564
390376698 895456525 672320
138303680 847084166 237797
669618996 999386799 832610
364708360 536333483 988075
960181748 979415638 983456
604840887 796785882 994187
202365839 518754493 382753
422561456 504043718 975352
118075581 343480580 507784
508660586 916318325 436188
941214596 999168153 320450
294135797 943742539 617318
820714194 827020379 965756
579273989 790235983 598378
372590217 474064893 510974
562669424 896923775 443582
61709493 238136631 112185
663982692 680245292 601445
614787583 798074580 249373
865086866 944375307 256551
246459831 621084979 300619
736189313 912740289 761869
580074428 920989060 678444
89701826 714875633 411596
254476611 415108737 4993
36216647 481886976 342347
482627076 646349582 989361
465229852 740371593 958223
163872048 864563572 520870
300028577 905874608 74606
744535260 754135251 48816
345931454 441077685 736346
792444865 921062836 198352
780756523 989936622 967484
453184899 808007965 589463
178513541 696789281 153022
410911433 783863629 823221
398890864 489583014 172818
155375860 657165608 888708
688910341 847110693 541894
996885534 998392581 101302
663432454 774308171 558758
660507374 716688847 651860
67459776 630084857 771705
661845560 900820615 510221
252761300 518218258 91981
312195064 395171409 363710
3086480 324527032 715799
387216154 418395141 551959
783488546 972421764 202416
941499485 976565479 956545
274106642 342913339 447201
961262537 964940457 429247
28427135 91828571 747860
60920552 110540132 148335
789275632 805822726 482199
869964086 900005950 652598
720655696 907261406 693977
779163583 796790816 229590
182575226 922350660 298575
661956192 965645181 454042
793459577 943811830 548025
37914068 357512045 431579
448895727 905407310 889190
730277485 941182939 674366
794187985 948584746 296461
153322181 223894694 854100
532722983 874862331 541761
984378195 986694746 325525
472312219 548295705 599955
815339974 848621703 64431
679214785 975362066 679426
712164040 781487509 360808
916651909 969867328 156497
128596267 731120509 939920
452252769 945316117 909427
614707300 712007884 608364
813820963 915438291 558237
127611536 275970942 573962
101795154 102232717 944254
242648341 316133920 796064
829410198 968949066 424356
398531420 698530954 423191
320050390 797140904 97234
173857395 234796866 613034
184853748 279440851 725260
264596094 752615478 625477
779550291 924797140 164299
201878034 588786083 961506
542026759 573694199 667695
15819282 207422683 810135
440276451 556901862 191142
671483598 739029189 829591
79124684 744041944 809862
798304883 873678145 100063
151236222 332118677 601848
581773407 691944559 743863
210016821 310790732 56604
154173975 391826746 979839
672847994 823762483 336824
76146865 786029239 829049
637137020 869572750 280097
75849529 259788788 99090
873220557 950413521 532639
687881307 841977003 442456
596317719 848376195 768535
819308822 866998666 357856
222658411 556892091 95894
358691237 372577629 825071
422329751 483678639 195500
915939660 939248025 467680
959888073 984602392 500847
435110384 827518822 726606
206746370 605926491 49809
33158603 344064945 81271
45455373 185940916 258053
281348132 331488723 882806
404739264 452343551 351754
280947452 842573179 191446
873463411 992211279 907988
43993125 393775991 771407
884155688 997791741 807575
693112912 984597438 313839
657685285 894641563 391050
155373210 459957217 732013
470172122 779591177 605338
212799457 425050512 945638
423227770 998937392 531207
634532911 910164736 948311
712317410 911986274 701054
780734273 835292960 618389
415727591 922767485 628461
421044836 695694337 403296
871220440 939295496 628077
777692303 988652438 990769
700766055 992739705 29847
396650625 439365674 116929
711611238 923874532 420617
1756531 234420218 387278
637987016 799360417 957476
113871289 782083506 652180
234566851 339258866 276721
107181489 190206133 323487
898632483 903972232 504625
466061947 894778941 991399
353912046 476974453 547245
403317554 495974440 126558
637116747 871544665 467906
210646737 604647577 524642
442408268 451778623 429756
980621167 996189714 892482
64090279 691209594 453397
991214172 999287139 719009
229465176 674752612 87968
961542779 963234572 907581
67861551 490590318 28369
677870735 697637572 564439
725425857 863100232 152108
502127308 752067764 749959
59461974 464847634 120344
793587456 813785009 535859
112151093 465464150 577653
