2834 163
552104667 629751476 336572
307955767 835884617 100346
999857919 999973972 971002
111620690 332987418 781474
326190310 591824542 985196
709282896 977561324 794896
551415761 858711442 537234
460299769 976496242 517483
194316537 787810769 806648
810155480 924692603 898575
204702411 700768055 538156
316103730 639738471 347920
555228195 702137026 916637
985171468 992655548 488608
292638506 602850391 715905
185437907 722052307 991763
373930221 583905355 488533
848673337 898715806 765553
487266174 493379521 369501
589010452 791046692 420516
469211630 509496420 852555
261237989 790458772 83162
749045147 954973935 263105
515594372 744450937 418988
462931084 624703833 501084
859834083 939629474 939671
653141114 785640917 40416
190491004 384125748 666905
666177897 841574153 581931
747874698 977654527 767309
792586196 829851663 932926
420648296 511762475 988759
274470875 876706475 882268
498957788 923935937 223975
73337907 229464292 415216
177746824 373309946 972256
617276353 691165376 727760
673336047 733449782 941812
842185859 852320585 61985
925109976 990678323 508574
183779157 238850584 771422
406468718 564971752 241646
618888306 694440747 482418
524797417 970349182 656754
616418334 764666445 340915
798106190 817428913 836359
554031761 676987378 627270
95522165 547221193 708295
164014803 985543866 415759
42021943 653327497 34486
808082866 883330587 474617
687097394 853317515 248527
955018079 999618288 898793
759516817 784889401 956684
921878697 998518791 153744
518715900 830971655 344274
944330103 958083437 432213
118329682 542857754 82162
981319497 999635832 610910
177648341 980794391 672241
421773701 722453520 676382
503363450 574945923 792940
584837613 600080477 366745
548427325 639776970 797157
206381416 950943019 315713
113365620 918557801 120565
6982681 794895801 887254
383598124 721624493 824849
894811240 931116568 119619
875008422 983151142 793094
693493921 898848918 922075
314507495 668635728 679073
318946418 671464945 179780
502960582 532081474 835023
202629198 774975068 360070
677028570 857606353 217626
510582474 655028417 425735
25036828 542948464 747783
962204910 994939783 558540
944053129 995269721 404621
223516310 507148817 884012
190651484 907828001 879498
89728604 379677063 349862
544153871 984030356 973087
845799903 867273927 884491
851095009 921304060 430023
393848473 925422529 547825
147948419 802221290 270133
521322014 944360806 59972
831767943 953830834 204277
820017023 876881443 424668
494094760 524352558 292206
731183528 794098551 565142
301019180 362300872 518140
745805522 913842183 149945
839233797 930062310 418082
265039053 393864304 996980
689408945 755837863 932687
140640615 993518310 510479
273962525 347934986 706569
263561240 475951424 717332
659590642 817714075 156935
397251515 574726021 917054
420485233 730040373 927941
815203393 831333794 232584
358460362 992026657 558567
714281848 767053217 64804
39632108 840734942 242440
282813149 678051754 287254
669817619 738713195 490065
368020545 981993119 520252
216518914 676364894 89746
255822034 359969719 367580
539753433 686372847 121426
909877854 911300848 95911
102713350 263214422 442707
817638940 948146714 503922
428025646 814400086 618306
942005844 978678348 575089
699599088 819687870 798313
250970711 848960570 325631
114527048 118075471 651220
294904343 653078023 372166
120882483 919600391 866829
917798623 983398014 137197
409871284 900497329 293186
154982772 309450885 287071
327919388 404009514 404656
469912530 480584291 360318
967750034 981165304 6445
722075560 915484030 239166
381385080 497312727 644499
904655268 910722851 77142
963484878 973814111 974127
971083436 978248037 168707
914018272 954990625 118241
900189341 914165459 403940
679157962 834803941 980310
442765828 748927340 970472
754037107 852006203 426640
642955741 811232732 824292
829972803 890950221 737205
593692117 920271146 851251
342548640 448034555 203178
994256840 998552652 644331
798092823 846845451 513777
861421631 870478830 433217
838943560 989276840 65630
451113528 812537958 368889
155814058 375306644 167326
344135545 652064656 796906
650139936 822481494 492020
712191309 741771795 760555
745125580 905957361 127993
491200923 616495344 522577
237212006 442886771 22466
248299897 580964134 511654
777270342 956153145 926944
915533875 958498597 647009
453668753 618487158 676671
419981783 423356180 874997
364149632 766547806 773060
425914054 863700291 208253
422140790 487105166 538920
818554672 968529229 11415
383153761 583907158 607387
695234594 857446672 393447
823358445 838791237 556642
561382543 625875662 854400
498355448 700297103 774896
840182023 911594596 164637
715604297 760576607 52673
112917331 854677434 934755
659137913 716200032 764655
556310344 970333479 358160
789803564 911916361 510610
276345648 752401805 484253
659767923 829925831 840633
841689884 889090576 935630
344090340 657347994 228037
229474125 858570693 814216
134969848 409272460 265824
392274909 403220712 568575
292743907 901270734 904045
714873856 754743262 521715
264836895 975547098 981295
206760314 715877412 723485
695198735 954820914 157991
825278417 977868123 990204
26674050 497668576 815235
242241572 421665077 812831
460278583 529191806 774330
530392215 839724756 376051
690714773 992789551 879000
339022554 979046709 348617
628606087 685273372 403618
493167310 655046462 999179
397677517 458572553 670697
180262520 572785511 453750
726745213 749739977 365336
96768298 158653956 964204
835732364 925504595 733446
487962520 844970308 706052
579748580 815505849 343675
581945932 653314764 512262
784109756 854893154 800098
469718445 940140706 678703
954558340 994521398 12410
428796716 868416277 18709
824081191 897244348 640822
793988349 995350524 358699
274048675 433106352 744453
3301803 455573797 295774
875216172 891446987 846483
485337916 663026232 498825
286514453 386787296 570826
90574581 128887536 663286
883317024 945906362 500866
35004021 920254336 952386
704404315 801383543 862353
665676611 874422199 246645
340041157 721104518 127532
439308496 834163036 955933
262274863 812953888 720650
558876697 685791813 942615
926006118 932068149 784361
174589985 595055271 736097
403485817 493022519 178052
420134709 780129667 882620
718000624 830968761 270101
135470868 228096934 38086
63727500 482446411 393526
270569840 765758026 992812
263216384 388856692 190222
219420956 778715160 583419
351881679 441099417 19886
365652738 898755106 455158
903248342 931954118 414516
808063022 853953355 36894
299892959 971660546 494839
617311607 938428778 400404
637199530 713837302 252668
742162799 961120954 48551
389811959 863963800 601674
680431121 704208711 199358
701283285 778068810 101673
953938923 975161473 409653
506319834 735189720 27685
868439637 985661010 477571
835441982 888417819 889096
209850969 812819847 180140
755138775 762931088 758729
352431961 688520974 199117
196887078 227711438 167960
450073637 590810368 96775
787061758 891669306 629350
762766018 958062874 579420
238121328 635689193 528770
9509683 329987279 241699
326886682 368158455 127166
741339871 820737774 598684
548281474 873340406 742297
257953080 799001178 699846
176804560 473463042 78956
825090003 900454685 988860
72857083 731368355 313777
220103367 555767915 929915
301540590 632904073 939656
276839472 704079395 567201
933450330 945089127 102787
550850121 832071467 606656
651263906 971413355 949869
463498048 533389863 258906
409265524 531957641 580031
206151198 437892625 823940
257099253 559487622 965695
68016834 332023671 416742
294949259 804922245 471303
437176786 745273096 429522
104192851 181981504 209524
359118279 658084977 611249
264270384 500070120 754171
584437373 708192945 633831
79120991 148762264 911143
5870937 943163723 115480
387819238 428747827 587418
854562326 878654813 728257
312797517 564486904 475545
415868557 721301868 774863
357682835 531507299 363864
706448516 722340821 269905
491596485 913985482 284482
966400792 971714972 418347
333607565 550019698 643130
255860652 513312053 994830
383487793 880296700 565406
116753729 451373030 216116
178444204 908960917 713304
879348262 977782073 812182
144802479 288960893 521599
485864737 874241027 881591
516275244 819096177 743827
558619090 717144245 968975
630640269 762496627 139931
231222304 266342310 145447
801120506 936220054 573568
500547975 955234229 273584
667480829 944801268 501114
133736667 169810972 37038
973919627 982401661 544234
658372216 790077907 501590
872486977 910341874 360353
943430411 998724615 647765
833097880 928045965 554787
930914514 982613361 952943
675356492 971519616 611694
825791436 979099159 797136
869483822 873700024 725544
345621099 437808803 424921
586036547 808522528 422379
148759814 626552924 720249
276120120 369634676 376740
415795346 467219047 929143
154374464 678447112 884891
842181643 921053839 456288
510823552 726919635 28303
965656936 971411425 800385
479103042 515569809 275661
174489437 545429862 39577
265167264 449010266 625230
167927002 395366797 180853
413517596 489346302 489003
827832527 910683243 146447
854164066 954706417 510937
708376590 743677122 638975
159067105 215465533 437927
143062505 535654052 870468
764589596 816622108 274480
958100264 960079087 504209
62032284 699852755 837114
160401859 235034693 340165
836050528 836138956 105253
518325045 713973511 194068
694167245 977520020 793134
628577653 799508684 563004
983446016 995123274 930023
17280146 348291185 431637
133532060 739816925 208127
479131936 992265328 795859
650257894 845632567 524940
198693423 823513693 75284
457237796 500267763 815685
151800857 781022876 540702
892476180 959637511 397998
56708212 425775642 997878
310806851 630647983 228022
162269044 759395067 604470
381004131 493211568 997419
179791212 985295211 872198
197777282 662788056 276612
77691526 451440851 120081
443772201 867351253 484373
701591533 890116759 376701
827119597 971977874 250290
504734170 964758921 236840
158125398 811813197 300661
883106637 907476295 726409
54656805 619084752 258358
518502518 522185682 507768
118768647 539709002 351312
845193265 954676548 229983
985638433 991074247 529553
71852441 565538500 924343
963299342 967473914 127135
952937222 980439462 639797
31096005 819708265 660785
634159667 910302250 848715
420218164 589223237 384934
839612841 886656923 378966
539864257 729037841 134680
477539324 510190459 875000
517867734 714046631 68632
855202512 960277899 190057
652638695 950531620 50681
123085593 129981130 760482
175522795 504208884 860779
134142351 359960479 656934
830484657 944898206 523769
419468672 887381150 876287
449180646 777832468 142325
284986252 736429201 58017
260607115 888672723 55911
857678777 871363830 686852
461190791 928542045 372879
989903388 994396172 852224
312469827 877713760 641943
348292492 478179292 833207
607528507 803094798 627796
270660115 801191503 524546
26152400 45433315 158224
973510960 992794497 698410
618639778 798730560 541614
708219203 818270760 485742
691796264 783938993 898029
308529127 751928079 620125
756916790 789779109 288496
870841826 924741793 554190
598786055 861121388 532506
304420517 762217403 446496
774705542 829942743 963937
451342670 977341756 201762
192849990 816336722 37461
757913834 896923509 353186
2592777 761200777 420475
321482537 674431213 707834
503904187 935406532 467041
212101415 842779465 252193
349583844 861815566 929168
837803834 956029047 407131
28606873 481817403 454515
34808761 439110710 402412
744384372 773105001 638205
180292913 920547764 141464
237702966 847775720 580581
975222543 983515880 58996
146822870 261426321 512603
596633881 739702999 880298
284324283 878824056 774911
549539640 731096706 495044
540953586 667090304 29308
424680731 498314291 959406
725843599 863795382 227110
292970293 983260045 130727
181419011 987359846 865027
679008192 785716807 850348
185212927 391372111 803532
967022595 985360303 878828
103298838 887057423 725857
452874313 792613390 373637
701221639 904999045 26859
82622497 406286007 45568
471685071 633561568 393780
613538231 970852588 637827
414071339 548894659 515038
16787856 309431412 891961
178128424 562703302 39479
465242749 677348968 920346
382583968 536125103 918462
56254489 570036209 394812
461801004 646530788 27468
667142865 916257463 334921
866675522 971396124 646418
143381272 969589733 590682
395979883 589865765 78033
930716715 939625693 650395
480051635 488337655 190207
65537828 133671558 735797
378207660 900387165 330754
610099807 706198310 855701
451583456 753446716 362585
271106909 612188635 358776
899123405 906051706 402342
917274310 968884348 389762
182282546 512077115 515955
453835081 716536832 521759
832788368 874300160 88064
322565613 351123387 37000
985103726 989300498 149850
379713900 552046585 460667
972126597 980190696 766083
587522399 631197074 376462
291673803 927532607 986371
377851305 843716950 787208
846950374 849408205 544113
897583892 940188481 677602
898660794 955124648 762100
804410875 872771905 222548
561552278 704199116 479816
846818917 853411337 58182
958544604 990673539 832585
755007365 829692382 63007
581635212 884389182 789405
96402338 689275034 948555
28283873 743357336 198133
779882346 804796344 147226
274467528 877768550 558434
810187051 836913198 947399
923267034 954459883 369014
883112410 930901642 64859
606698619 698461993 809225
700080168 753156392 364483
516026849 602699993 517902
770829847 787094512 727379
160628975 821228065 933662
318259056 784619370 924955
817105600 967923326 518616
812693301 923480549 449270
395545304 919178691 22853
651944935 884182658 977054
363078362 772888520 635473
581582495 755845262 449298
78120475 121309666 804852
365174603 715992689 523510
88606014 479495725 652079
649279049 662871972 469597
434635415 798005972 537574
694898678 774209105 244653
834913928 901288351 662431
506776131 644225122 45112
577044591 931932121 510533
581671924 651218026 460119
494786755 961504412 752349
810731636 903567863 779532
519018441 823172038 18528
953774967 977557094 649484
472336574 815046645 746488
367854152 400141209 788963
799376968 920190337 173424
123204430 457893567 528888
397723855 687788589 717964
301070155 806481224 290790
101253023 471464537 76923
920609899 963051729 794472
463107253 930370441 468408
544299738 547612071 841385
609385525 825950501 914544
373032120 652422165 567862
405734362 476886415 266205
726008640 804684799 887777
506233832 938542370 605375
686582545 952637787 196436
831741839 851160548 844466
296577639 912115763 675136
628761433 652349796 193439
907471035 930289992 487561
427911184 880002214 470025
266383167 402899476 78570
698558394 893373767 394867
520151051 526197686 913573
566746412 951470314 22144
100639343 757104629 775775
673344351 887437154 542026
735512562 949509607 181772
562673860 795429781 973280
1228863 417288639 206722
959761103 987499813 777340
771977746 942144708 601719
456381121 816180400 195567
605809927 762150778 818719
254623170 639362310 673828
806115139 945392473 947571
321040880 413778331 671377
600153811 646369076 537878
755589048 784011542 347602
601225303 662735907 376666
831110904 939170530 870318
913601110 972132966 325973
122854577 503926682 353069
508851613 957825027 32109
242632253 260452325 540267
104582142 878040427 420290
290456532 901716573 188221
290443618 319210325 803107
701350981 764863493 99348
476288121 496549357 708624
214771097 479322090 476233
797979580 849558002 68340
114774383 827937377 478976
388268333 761529634 341698
631524016 728066147 375347
743688418 821559404 237127
909231615 984945767 276412
296203714 910137217 318123
427449213 697765894 886890
502010239 551468381 100819
239211827 762024700 21486
871002013 956950341 322374
323217948 875098292 935445
328786900 987008011 34097
15221470 909299160 845648
808196782 923662148 801182
183846053 868679393 24148
187853203 933225988 965372
967033972 971556970 493622
599916550 923365017 50770
343824101 403749806 974447
865356469 892279388 650170
491727580 961976381 20454
420902074 591410038 61907
219314037 925163702 436189
454650997 773904897 990160
831271497 914735412 437010
618853159 929233055 772421
167201429 866896528 369694
442196366 522395110 397308
319655188 750976208 442865
757984407 812563840 830129
950726694 964947805 329510
126987129 330509718 332277
900567833 954144672 465811
169159035 589061837 325903
592378529 680076633 96516
308174179 842571927 342327
519230853 822158996 340174
391655990 447647948 46102
620840968 737322667 26473
516983127 543539618 414146
287078760 413157073 176662
9890439 656930012 168397
307113977 951545481 377567
275782440 842091950 102332
24345140 282864979 270171
796743727 931198114 676260
121096505 429998939 176581
266120218 432960113 621050
72924819 582924209 926911
432836897 476357868 655901
696509245 931617607 385259
88129850 348522109 934146
368261572 491233445 880265
196261750 199120603 519233
549275164 964160671 970262
847660636 967282533 270909
880682161 996163007 13347
797329810 853676991 534961
160944808 263089947 973678
853360919 914181595 857542
689589978 935220430 619894
659813879 989590272 624173
397522212 690779466 676457
936923771 948718159 25879
999508242 999869351 89971
94264353 619511233 214863
827679805 899169128 800674
600463181 673838290 369361
580771791 920999552 922815
90451385 605199117 861128
290129427 373638151 547369
219393333 637300226 793429
662332764 764696632 765934
986663992 996299987 170156
198286132 443973011 473974
481893337 507275082 342252
603150458 666611358 753920
197689397 299670319 342254
703304381 918302971 679829
436437067 742865724 118660
811006469 846319675 239358
129255677 963787935 201998
637513208 811461758 710263
28902863 134965617 249040
824560519 945155571 320643
354026515 942142657 181178
893299119 919064928 943938
390933711 405448272 692988
641470322 691822106 966093
683358249 792495745 77524
286661388 598165228 94999
73282051 383341564 496332
400467074 986396126 890795
723905999 841728907 728181
633054323 889157396 899179
94004667 332857186 714035
275330985 605588990 796126
938600457 968366480 92466
761736352 956301615 125588
37453410 344593955 491807
902483915 948623046 674078
31937345 452140345 113297
999423689 999818329 985564
541599852 647161694 810995
772825860 895405061 499119
211181851 800169829 790451
60395298 916294118 122410
616507461 757994744 713415
918586613 947513513 13305
830594128 941052290 656672
931565389 960308152 782060
953768294 965784422 530638
793041236 846047163 191823
611730447 673674230 16080
595105374 783427962 563213
734926023 803864318 893049
850645840 950100677 663552
307360208 769857326 353699
199133487 931153242 599520
155246060 180179773 425912
837161152 936578053 96024
292567230 303426844 404313
284517548 805856426 55814
331659660 690631667 718903
874953977 977276093 999869
612510287 893345498 263751
501443562 518069035 88324
338330660 652487724 183472
655848138 873572913 88926
611333271 931515072 495794
313578604 983669120 755370
529616803 641166108 21400
244660620 274144471 778395
320671751 575571601 187462
666848766 806996655 964930
860005647 942274300 165494
588632842 596352279 392020
461072455 524568015 894592
411596724 927921012 933322
396749070 473260860 718079
252912264 536326777 637620
452598893 568022325 123737
288488196 477961054 438948
551232424 879496250 488585
558757697 576888504 497955
62065778 739642806 926441
604145147 853753692 890214
389791862 491046967 71245
375042241 821723960 46830
730358008 828727158 16986
863532724 986567834 705434
539752942 603899813 267605
783551536 958616914 5493
327386453 582898710 130687
41143929 747363577 17242
162270137 318007891 637136
879607251 889106844 195351
366717039 810944981 394459
839555891 885673630 593022
405929771 443365442 609166
127441010 743946012 25589
290168878 563943217 168950
377292772 979392077 495625
639041324 978370218 309207
419629196 436867072 559254
194337574 246089246 12095
205611367 646423788 435994
197638491 630939580 219062
43195215 951141907 615403
776768882 894724268 152668
394593569 974086954 792091
813139908 834847989 94465
428372551 680157624 637484
953351158 990577347 815383
840697145 841187268 263068
157469323 622410995 553036
967302080 968657072 695909
472713322 586024345 420210
285289775 413787033 857222
85408408 421579687 98801
916169843 997745334 526558
875009253 900007264 885204
739093592 809421095 785800
238457524 708361484 995312
267169494 582031467 2618
753290257 765718897 332516
332550174 599341309 116697
37279659 721481783 826652
885666074 928455080 480252
777442680 798348011 429362
434785021 580880566 478744
912046887 967083198 171387
604906448 609947514 707942
450715991 511737810 64972
339797181 685491072 960491
939283670 991330048 755722
345523865 417763378 155722
526864378 611468497 487383
650642033 766334756 138347
942657175 966899207 579924
964663631 965692298 477848
910149524 920751021 349225
530485720 967566862 893170
702459660 978937732 567174
911809514 925026082 401116
537040923 998453772 72642
997684368 998466848 186660
10189115 626066061 24833
78310198 101700400 431348
659504980 977607303 363892
419175249 870414216 476053
451428270 857024024 125569
616237641 706294781 608035
905334025 931792762 217553
24269755 52893312 689104
414608701 571593616 188092
95664433 951236026 358722
24207317 901207422 294938
751679591 838952377 538354
205886828 870451494 525352
150376137 951516136 85333
621192990 691326934 128060
468978939 723343021 177637
82494529 515453782 205045
404013297 915746997 559727
925735798 938329372 552284
48575123 443860662 388628
384682229 549900553 978816
17358867 310113006 251938
261863507 312261347 846206
464306682 922796814 627766
27583777 176976041 51376
271890573 319372951 538670
494111169 599410542 59308
136375201 254827979 846710
12329933 362258811 420004
823395477 948304689 36897
45587864 77236033 200200
698895042 921835122 969336
595069273 846343257 947
266633851 811885369 117094
124312608 410569426 308699
162010814 814428680 364353
178426484 577555918 889590
967675496 994292478 219554
716952248 798856233 59051
394225256 773632853 119712
641084326 802570715 688251
923536442 980088063 666668
581537308 627625384 295589
80014261 744606857 247101
183966239 697684585 19042
205834814 360123924 820829
753769891 814777878 294646
75265575 422498381 828232
921481057 947229719 834787
984660920 990157051 627310
452663485 653135719 605863
941238667 963147120 489379
75312399 849919652 232932
496362993 617810473 667997
27312227 783643492 639185
157982624 989760259 482850
226792305 711145351 217059
136230673 506033135 778201
580503135 991264248 167970
210801112 491016619 63195
24872697 420884534 520309
616021096 871230266 314315
150111659 608803007 410617
941716917 965912106 655395
487384283 666706331 257888
376323162 814501898 892495
580330224 781276093 473410
749647943 799601793 508625
724468950 925775991 821923
217293068 482326128 822328
644682661 886945558 556040
926529145 932489000 124378
837751968 966980934 416412
29868204 218952865 995069
60506791 163220620 927620
122721543 853367819 800023
144476919 164407074 851215
6244763 97496323 451234
443596850 755645922 69963
929113860 997570374 688404
291450984 315732566 587524
688099167 751841234 373772
617300625 922999014 121488
478752215 703854293 886301
553138376 585722737 310725
995006399 996911659 35523
912354648 933972318 746710
331224898 975410672 549698
995912732 998180255 652167
79520969 504541081 627676
832815768 876461206 481342
284156018 855062937 431122
782029678 816594193 758894
687673253 924724682 62070
839603317 931000338 724445
870106454 928467167 668197
445590456 487106679 999915
400206750 481187179 413055
603441455 921373654 21309
371566724 619152855 679191
588054193 820965462 25427
666397600 942976714 326415
267957540 680387886 536336
878574010 881190579 188398
39437205 528692105 655643
216645607 796276988 284942
935467732 982555434 480317
684950999 787806010 380715
884269454 924303400 488348
284062079 304841140 771725
377012805 380972931 657994
421892735 709694218 481626
319057385 695981374 777976
300132159 321996066 958677
9629005 215189851 478446
991675698 997964916 376998
146104517 562838444 557235
171649319 640013038 853388
443763045 459251985 419652
71056664 436977457 595613
173432925 180676954 842583
44220671 359296402 53471
45987883 774608656 288749
540483952 829386596 913244
75475854 92705164 480855
99813509 860273531 950442
114333536 542264470 934353
651906633 752915816 600993
788379800 977901386 936427
37942412 64265633 606208
336617564 427146091 593357
517369055 805999790 880259
734561058 795966305 355712
826379144 901665938 556889
806692860 858905625 186349
485129725 494527350 600736
980410266 995066187 553935
560772746 599628140 739221
226695606 299938358 870844
405053810 804907828 819492
631814344 930251376 242683
164782865 573862680 520618
574292829 617149424 866737
862182762 927422328 259182
527579157 765179383 999611
144656581 342301420 47021
504442419 634783213 164044
638603185 803204357 794089
672757039 748578721 317266
549509156 613038044 759481
279724674 742316319 621865
376398606 506967228 650920
263491609 888193542 984590
225795402 327881008 229228
69844728 900046581 827963
420279069 668852327 518439
715554519 851761181 264520
31270170 592289328 46399
270437581 434172507 523372
432083943 471484832 670972
639896286 907898805 422006
476879556 500843764 745642
930531425 997426434 248053
240651483 531244303 667106
11257659 732566231 155138
19454313 83565079 661023
608094946 717970769 167676
137036480 476804605 351911
962944004 998364469 259371
814578700 973846777 801409
753877262 840110574 703911
105980273 918027517 229698
685328423 991179534 236028
557190930 698124175 717439
963930971 993931841 575590
849593355 915565237 313885
245695486 572948199 845923
632200728 994252238 449631
323291880 359452577 388894
14872364 359140853 816434
333139761 403486956 547246
954736040 982191724 701658
35278098 75158164 845655
652812297 950214733 678857
858396849 882498452 333196
216840659 474256668 93652
378831641 899623686 914132
443757332 870126709 356285
191450200 378964091 640813
920786196 930302044 652537
864115404 960743388 917104
555981138 850325611 245852
303883058 312448911 439898
35222588 763275265 695164
153311175 452026716 511776
746574092 747419969 665637
526988646 618462519 601064
634206538 877834735 460020
492473558 735307204 901952
549242027 819955926 748162
900667280 956268373 599829
596577949 910400328 754005
592966267 782719332 243997
569529038 854272023 128431
373262863 880998408 344341
80584588 590105341 974382
680403334 910113816 801150
598107438 907845431 135080
683763895 924407267 463587
417063936 800310551 491935
647497587 692236850 611228
212212985 785423616 29220
452822424 531505612 939466
124410367 368228191 241034
551479217 629916416 658094
854117795 965497562 585563
592437000 855073738 893109
621720656 778475328 112267
216389806 233245749 505956
710151934 860698801 208229
60916632 729687243 473803
639527967 702308033 448695
227631973 863029206 838370
869509441 928172867 81753
983106089 985224574 957730
572472010 637176456 490993
535713890 896983065 894783
697370000 921083219 166918
509787566 968752862 671554
54740464 57064300 707605
445772860 852284759 254935
214125013 967915288 69814
83418244 694427440 518335
849099274 952475939 106625
734637502 784579944 758189
590908575 996260930 728078
708377355 934467490 332798
549808874 630270087 531764
220436766 280426317 768644
821033718 840731533 285256
501270513 600938905 453215
337586411 412654845 146765
771458982 815010185 347662
324706820 984115575 821732
65772323 969257495 396699
754274764 771807773 881292
408471538 462282949 435989
597888098 821235888 231486
973508035 992501092 293590
510029613 799421132 981552
217013402 715858296 234750
392915962 560232647 7923
64278881 242932456 178282
19480241 153491615 943649
621988809 717369115 573712
955405849 993462602 39698
774798880 874155168 318035
514811591 629908005 428567
600159142 611253537 635234
225533797 822078304 708437
95988323 380866176 824854
193259442 749785962 883589
864144392 950052059 71318
696319700 937440542 418879
218325090 544989823 676406
221041799 898383064 833035
552571836 646789250 431567
510662418 970668829 343021
180167978 802299614 348858
270769938 421441364 186988
951476563 975701814 462648
947575336 954916773 506928
985513135 991466815 617887
682673496 985267583 346110
118586982 655848698 220397
588045978 966045538 278318
716524256 852050699 480475
691593967 974395445 886504
779004789 867013763 726656
633382379 785174474 920690
207770672 446897091 525239
732947044 814454385 135132
803270534 864372735 93140
5436939 79722738 901339
520580344 659000345 7758
253264432 538149496 592102
30568236 398581215 6797
836928214 988481940 552275
854619709 959553776 66752
140749998 318501885 515449
428926212 785834561 345106
268838467 583299549 126527
311194930 377372425 271228
418352153 594232638 963422
345275508 418235759 798564
554447456 959340788 621282
124542047 802104202 45121
377227030 516912226 196462
105463633 857318034 405803
221830074 390482785 156035
538774443 726873520 92264
707571005 814020168 734526
575885468 905706925 651660
297722480 930303677 724979
703726878 816115931 134869
282523995 674179244 887859
252029915 969000754 986667
401879601 968157631 322430
800257971 877251822 499180
138058096 358644372 680657
438427999 785555176 962292
845958792 988006255 610586
656340819 963532440 704888
532273513 661930546 279510
121332064 306704303 540786
946364677 964156497 237527
360494400 943233395 743200
95068611 766404611 512334
372177646 520857168 931628
74702354 562619356 23562
478439925 634306641 567034
574684537 943621740 645936
147612855 213326304 193733
457937281 745566574 573105
249485870 311529664 77440
178210875 289687004 23234
726369812 905994817 707587
119327190 354860059 228157
216673051 256383579 376381
379888780 979462926 737622
466143636 630885415 47623
982665267 999276190 496612
780372775 805167033 210743
538703278 829040863 738336
380489169 629332630 904065
57246913 363461527 267333
530325480 672041317 739637
515090400 948364966 142147
892860429 973864961 23646
820117126 921897405 323810
342326234 849605407 200813
787132650 889293185 880040
591688520 963167825 740409
768998929 816622822 369690
741986613 845211447 424928
451964792 581778385 445751
477741505 873299845 862582
258335039 421416443 31633
653384279 804057052 883073
992925578 997482203 702464
416973769 470646020 228469
530484160 674459642 271190
476007634 747401309 65408
484954823 626241476 849866
505064621 646111928 789784
344809515 374327003 224195
959281432 970723137 936860
414538951 696350315 152274
275378717 549001036 603505
640151065 814071632 985569
198381866 364541111 306954
998167218 999331295 756311
142233405 218760512 287263
566617942 984309905 16872
553926646 816199890 953640
282528063 584665332 205177
652434703 970727596 920746
332156221 787516879 906603
929875929 931622818 158297
451990886 632905259 75489
707558745 846705542 236858
54771578 121511285 704413
138366404 309250088 789893
448429530 843717908 639674
81646085 711106020 855843
392099984 913690642 711993
475832710 768102981 204097
56247677 552850823 968376
210826787 323632454 9510
451548378 451683810 669304
422432039 488504030 218371
460710928 692541630 188688
23045583 845260365 379104
881318014 962838043 707030
179342177 861067877 521307
357295637 890317596 410523
729713443 873245930 154284
749171033 960279032 614068
569642765 866021759 6432
370780460 916612814 113760
79900008 338895992 709868
798802518 897312463 321801
318511903 474680075 850597
113585353 185096840 894503
506951862 692101471 742733
108628127 428597340 385102
136145367 749049877 255910
501741583 625468688 595354
524346129 803334131 250810
964522890 998955650 329020
904466187 918788746 702664
56520535 457119088 555722
930198675 948143064 487875
739087879 782347815 674319
489830015 591433505 388729
573796483 961328853 503064
57235766 273876422 715802
533024910 563860188 97647
380142380 498009967 864623
668022904 770537632 580236
695469309 966687300 717848
612458203 729363733 44193
648001061 960801972 300700
66888660 696650665 113922
939325840 943769950 855272
342893794 432034011 593848
42684995 411985623 683041
279909318 807787006 717897
559311689 644499739 226438
688732114 880778571 617889
888656617 999361125 629470
949919781 994952901 433159
872636597 897327979 16406
807475684 974238567 396884
771027623 886127939 584002
882166023 954302945 488290
593033011 845054060 968626
233410755 275657906 332917
965160330 970337327 402873
817365952 934910705 570807
240950948 786965909 366987
106402278 501868823 429378
947298995 976835742 614533
549210026 851275924 764532
807128864 922780771 634408
535006845 806892369 387962
6383296 829166540 637973
629054763 844968094 525378
456769992 553887068 181023
130004065 301869867 760136
44299720 104924054 237313
844656104 955054768 490388
848665245 937554568 326562
801576022 856059440 659148
969464431 989934505 113959
840008423 984122905 830639
494481122 980482790 646073
306946173 675646342 168012
90695823 338614951 217216
177434728 238129137 442893
169507657 925561945 623098
872436006 939870372 139487
834072523 983381179 545080
366866850 515504079 960314
475677691 903336259 927109
71066283 630112779 191058
196830463 209017687 758905
447049225 536104140 323075
482137084 833518245 656530
843619683 949200527 819325
769600119 965637194 43675
580317053 604370005 477066
815780477 850759173 578711
92230662 882577310 489284
628533126 661241530 658099
110612111 936816936 891173
203687935 955281901 245067
599723737 983840819 524109
923696354 982030280 542223
552933904 697016323 259461
250442900 376416477 401426
202865421 625557380 511069
672831972 953283454 120220
988202836 997266732 484742
199492878 472151444 923716
296790354 966577440 618348
700564726 815588843 1216
612959623 812735961 325590
539938255 742963061 651702
831009985 912458296 300527
338616893 840754373 579486
723198167 740092781 871141
134268874 703155969 771294
929375827 954558696 302731
409095153 931256453 384423
863755508 904709715 191698
529589293 974134405 898973
341338903 699674054 24391
544267300 714416300 514891
820465333 919244937 602881
830962867 911708684 677941
879076506 930851869 437660
360217721 646418724 655242
487203558 669295362 165182
515919442 606312481 293103
267653481 988612081 363706
546878597 569291024 266990
498510863 934845984 290285
213193135 239328504 560020
748818662 844580784 277509
892907829 943103260 728007
25824642 313549028 662042
544813682 944041034 808652
494444050 839126382 828939
681283454 960802704 293296
369982357 724290872 848736
684602734 843894593 187359
806755945 922317177 489813
222614868 879748739 202445
455285027 933635151 105635
415267416 458142772 884997
667882842 876226551 573085
60341030 486092180 630423
14690616 397234247 536798
381602591 480582480 454434
440878054 787386201 839037
477461600 844269186 575292
745074942 911735209 373053
605738448 652378580 794365
788869156 922686826 576231
401238602 562277733 286778
932749973 991706882 187524
899871851 977991070 155287
200235823 982016805 64041
558781790 674847318 771023
420528165 633107967 53608
413041499 922968380 86050
953625637 975556454 733677
678860001 699069491 952583
929909116 930870173 612824
16823245 431406960 434686
333551564 609345114 178134
363135826 722658837 891572
875886747 963184618 504123
768422716 816837147 491724
286707998 560476405 655339
589302579 602000729 638904
564871336 597081031 712349
731513992 823642517 884291
136130642 218111838 836721
686581776 793540404 202850
964943954 979031650 564522
70850837 627302628 691585
130635505 701900604 411787
6684751 146045174 424457
347374331 566847482 56662
252328169 626391614 39268
594329723 970817480 751476
418354550 522368418 694907
569504506 646007322 342908
956484741 968746107 481085
434941216 870849831 655747
913102214 973635922 304802
762599974 975887175 2046
52798261 746921106 464415
910693185 997046769 806931
101294533 317415059 153289
401321111 936517349 448555
932076510 995302982 903289
923632728 931893215 780224
821377045 912267939 585232
334716351 842665239 565356
820761145 922544338 535089
145256190 714215094 688654
569039648 833895358 668177
368435908 948607683 695447
300845394 612053122 928438
532603392 840161266 313165
97471819 936872218 823845
269408640 591252004 731090
85120782 982187468 414629
793663424 856782661 122950
257750519 783330704 432026
987353700 990255382 972002
437922799 851523287 671487
533233121 834564753 691527
254445235 695254660 556895
120055679 426444474 640190
355789856 386024141 194548
512050837 895176390 771754
578232479 592175005 62080
932390560 969864546 149291
460549339 807996619 657289
374024669 789323554 173159
328072171 589843513 212068
347038871 354476267 6557
847853881 917606780 628310
338598789 658586823 949114
628882904 999026648 397927
46206185 205169084 47697
508668261 868852411 932029
25219360 855035733 183395
757020499 798644023 234900
686921682 703039665 800200
783945088 787047034 136875
860353468 961261721 94283
903263125 968126971 777265
553036198 597401510 640235
429943780 800785936 406772
687216804 764784918 833712
359166944 655624559 561087
453173703 611268950 249849
927455377 993504217 8044
781640784 939858928 524102
986322017 993981371 663594
706647822 773954998 498438
461639309 727798395 329133
298615384 967333792 718731
350323809 625886399 492384
829755041 849748925 496302
337728407 679303673 447541
922970069 957569106 1169
785093571 844879257 976287
466779803 607514166 66069
758190103 966756577 670459
453821422 978454671 944245
101985469 846532994 278225
722087523 784534276 909500
564370901 787497838 838329
911603896 930361616 301790
575383533 907277333 177187
866317060 921491771 959452
850384267 980891702 799695
787037712 833905142 895011
623845847 707073259 730826
96462799 853250845 126359
203803392 875439547 249867
989339838 990098577 943361
176780440 221615452 825856
924406194 975418965 307083
88327403 242231259 612880
640631923 753441604 68021
227479515 858153581 819795
730426041 964430996 179107
42775628 579188616 504361
882001511 926531880 169155
672101486 980052232 650974
930182781 930857900 171632
491385857 530706391 447130
289886972 781986597 261808
123390786 578353506 503401
223943620 839599574 19186
108560900 517122037 32122
445761092 722740279 90337
890275662 977944288 486599
899393956 937727741 852327
78173362 838356218 490072
968668741 972026857 740067
67478743 645376819 404522
817311663 882499818 169298
172128363 351654157 144754
844721769 948378493 543007
203226100 539080789 389444
968822948 982946644 585033
866609124 883752034 14918
544262281 956786908 36490
746216573 991462635 979007
414408971 449314635 464230
227657708 639462238 895807
981586764 986037641 495402
493001370 874519968 453418
231510349 398242787 340601
116773068 361792768 504240
42018152 137888142 801656
934191254 946396134 8208
459866208 734245938 116243
841187987 982732985 904028
697532498 828173456 144474
879345616 900646790 240481
424957572 743281967 93565
598840000 772471102 92530
25474966 995624706 447595
216831057 771152731 649183
671544161 801586816 243455
648716329 890954642 776566
180278700 925859198 208854
453112660 854576070 950093
403138422 687880166 438295
820109589 845045497 588497
314353812 890579279 745019
653881646 885657794 844852
902003954 967288965 654079
549311102 862447156 241979
328029141 783616615 512774
175581099 340204049 933786
552837410 711061269 218414
707301240 738715945 339760
107957404 682583663 781016
628830166 940792467 531537
898641911 985698836 558518
534121140 875301173 644951
913693066 914230689 586127
989821841 998878892 741672
821906751 990272002 944182
303417600 640062548 816882
401872372 660759856 354125
620493491 949882853 234772
394095484 690861594 495205
835550288 949604131 917788
393951088 718081468 576521
405374466 650695125 416591
331942719 562817061 172040
951549712 961023274 498788
75709626 652138973 808538
373474247 570066792 690892
775933164 955791535 890644
386832749 812787775 456535
172268976 753371884 335026
841859483 958406162 857074
82580859 496496622 716946
679605533 961090132 652672
247815189 769214644 176671
83182757 297974146 736979
343426087 380989669 528599
458987473 643067099 46007
126661717 247186161 291331
566615220 975838078 255480
46319095 61954588 380858
857662647 975899244 569382
813504083 997590062 964444
507077878 745312651 812297
217907490 879432799 375603
941524182 984804800 959263
639050474 978460588 927180
627192466 905014163 187482
802821560 964610356 885175
564828709 865700183 328665
138742063 355484092 897045
31484089 222790434 939564
113580927 154754359 320713
770380808 821321305 672045
474545113 663058595 868952
917864851 987993637 838408
453518327 684233671 192060
439798734 547084222 427921
278617038 830977459 319438
735019465 944214684 557759
620261771 887625125 757638
51818666 198576383 549164
823554572 947456221 963037
297046897 749191230 935742
551747653 801730839 110865
257462600 261080956 690071
61815947 991140156 220914
473259060 661168000 550765
853451377 912145562 482843
858828756 988631966 711321
470386999 960825881 642444
99511303 710426923 876367
264077670 305451059 426793
191819587 234302470 841166
823122863 845997106 325814
598498931 935642009 85989
549731767 684507057 275230
906149974 959467739 824688
137213753 398849091 255296
595699499 696041841 471694
343465217 593361146 69518
361478945 751166545 992085
159604703 201049162 479237
308431056 710404946 896474
602644672 856407626 367650
161055903 924681983 385403
179157454 376379883 699773
644914886 883658273 957238
268794312 381061603 520248
282649388 569257704 484261
775250060 846147442 363875
29296165 644760177 312424
325087398 734121772 719413
242308630 588526626 706007
942314767 999054312 837735
978416304 980459906 34982
522951315 973100480 820306
782110322 802024770 550738
490642893 807284876 624628
111239447 243052075 363133
720193714 743769719 710574
258098589 585669296 258715
60542493 583390062 685816
798059693 988080116 589913
189908069 966574765 184998
257120921 966195749 147332
963277127 988267277 893960
440802363 690790979 797926
69202982 157087882 158502
482156670 591372789 977705
423618751 937292055 202020
797204269 975437606 371132
769397316 773493972 836588
252899953 582421194 529110
982950931 988388362 87037
973521321 989543584 197906
200354529 743146016 934422
202497178 225753886 673540
393972494 636506851 409109
814759596 846593651 976727
855537419 965279689 705756
229293263 569348933 677666
223134386 994168597 623586
276451487 527783697 895149
288931603 568127001 281797
504747352 991819371 393464
122112811 329437016 552604
460246967 756731183 395364
186095211 584889666 36690
630544523 644890214 869064
14580945 308045448 195282
222390327 569842219 918248
163696848 410021970 6843
968842947 997372750 651789
809415163 942450137 131687
569457532 772564399 170218
540426832 581108365 118535
623549651 824124806 106583
214268047 575332857 487848
483487540 628677871 84833
483435054 918473308 86079
472252336 774358487 854709
10029709 337637332 916680
76818071 108818395 887777
955081119 980371098 437751
266729789 991798841 500428
447496183 474545699 525532
881907513 912789108 191924
894217084 994966112 33429
30643343 873077309 866267
35664206 925422427 840005
546885576 837050946 671528
965291499 998458594 799228
792244428 931543945 88515
350204098 611780600 858523
626246227 677450006 78201
625466059 714399614 378639
718833553 794805656 532723
5283570 606769008 224907
494683369 906245173 323286
511471153 666350275 471314
372697051 548006870 702897
279075587 965961739 691700
796010319 911467354 335482
694853002 990018439 116729
898118384 917324771 837802
406585879 453688259 21593
605816190 963158583 194418
777058735 929611699 902185
707748888 892780042 101304
135956297 650491909 816515
946705070 956679889 835949
108683453 344812469 993739
545725013 713813051 906116
538681291 716274528 652855
780751706 838693464 117629
712888231 952266113 480308
912555488 950085113 907652
79514572 526617343 314071
164974335 537663836 325629
422035730 847239400 363386
59403173 487027862 676430
442833144 564080477 218126
39384728 481787373 137931
257639062 733995086 729610
254279777 928524866 934358
979505055 991787147 406910
755761646 989387883 193819
859938275 888017227 613559
874248080 951513044 640124
702763981 712255997 396273
857336805 968801419 901843
471451800 561420635 929847
888186830 913389491 488875
330264814 582650875 498916
303659478 478765671 369518
724676210 966523376 600803
830965599 881479000 716177
83650462 636992093 322546
545721205 975530193 783570
463663494 580323416 240223
142517708 655399440 360685
546456493 754625694 666039
36432486 958139005 995963
18508799 347888569 242980
997195313 999666896 801329
823673247 969020907 979389
533974961 907039506 466222
338277808 893219281 620924
617235164 850872369 861729
677363864 898829397 178377
696821116 893977059 969267
163362917 280172745 434796
407068627 759482298 959431
731846671 739146967 125830
559168537 566942419 45457
184102431 338506670 280018
425457252 527789338 399661
54597530 262145026 629740
498207915 977986584 107646
935190558 999720037 408168
993643332 998113707 840436
892134848 948951498 850152
396858243 453818842 168253
62093048 100439143 176937
99058538 601996899 513884
704932418 749882891 619324
341741316 600960356 827944
697348359 750899720 64761
413374702 456147651 111080
208865194 829776019 6827
491036261 577462108 603340
640113839 979554592 733066
469539308 868228710 963589
445209106 613097891 511335
285955969 447915170 155233
843633150 947604579 70423
451446986 674851964 301613
400224240 544279327 756869
492650451 598300123 637758
283190235 345368375 406115
774311747 820830736 781370
558667475 891379961 155510
824057723 998874223 314715
465731603 744689526 678044
230907569 535309026 125920
20996243 533520622 836634
591195557 946728796 326589
920245933 928788256 69329
944669125 947249930 420093
166388189 923121048 750812
387456452 467105913 213385
749221165 942878715 722944
791635836 929223089 206006
396502968 476577826 8160
680578417 818669559 541574
81602686 133054121 155007
871352906 942289097 605193
737047275 951081484 617938
931510761 999084398 910830
370742118 417883803 146246
240533596 368720314 630814
587691916 752404396 920572
587876094 718125624 723216
619442757 621961436 43176
913683878 914491462 604855
315095756 847492730 993665
159223564 229322555 142398
483748829 883509399 64266
841010213 881184435 590786
753026019 979768701 997867
658684580 884402795 819438
961927242 975912495 710545
101739281 515390897 916165
299393276 996747221 263211
494380207 578264882 307724
174617205 640596424 431475
440333314 967601593 91332
35559528 216541943 359398
135296263 762899172 488278
358516410 655258556 610841
345101917 445770669 200003
835175485 920531112 564421
629148806 761934168 68201
910240130 912736446 275561
347630990 362376829 404698
498393669 828994637 272159
322207063 687739688 956218
684628465 921528429 297386
733864572 970775069 706490
350194342 475688364 208127
782528972 927169812 352878
657482307 674402671 63648
609748423 684035564 648818
586933971 771645663 398587
558065606 753938965 963629
1125995 353662557 588101
474863971 659235377 649487
64579574 463000637 86432
431625019 759858982 929699
913154075 947191249 904344
807553565 891411739 597630
177960140 183208810 467746
505213018 945336081 735370
731906520 870771162 450831
466819823 772178198 868514
978978718 984280607 547280
684472369 894131434 780404
45702148 687652940 395895
789638044 804719856 991269
552001045 996325935 329966
772472193 939949873 768198
415467986 789322912 706061
372151289 870838930 396278
266545167 713095043 549398
412187993 671132479 34308
998783174 999866186 519668
214683690 927514731 787927
473698538 880635502 599258
724875888 887446074 476441
709973854 876909052 562315
685577476 903051444 941649
528551910 940085620 693229
890232152 939296631 369080
684997500 784923922 585412
11313770 643069030 181378
306061955 451295302 741110
572659862 927773084 271168
628960751 767680835 658376
903455980 943558897 81032
400824201 582159259 780598
872071902 985824800 32995
744125763 892310258 787376
138167798 859036358 985907
616047468 776110201 964438
588230496 669992151 113683
371428781 806827115 783148
138059182 660355140 429200
830283181 873354239 936184
230438898 618731700 165600
58855730 468232760 544320
109657642 259674628 383333
173374939 403609993 726919
960724477 985387562 645532
115203273 145048937 448883
391891255 403462032 921734
251854502 479615732 194328
496694328 696259412 246824
74216519 296032209 742199
925844839 928509902 383332
401612527 839911904 745459
886979925 956894289 433088
276520576 568339992 44908
991226145 996610281 201667
974312823 975454900 903514
953981768 993121079 136099
982989669 988349198 243901
63181937 957561002 180994
914308332 978212475 721432
988903997 998724230 287770
952441256 954620066 659733
643024448 889646748 294562
653388696 837983041 222022
120805464 515862654 570777
547630003 770942076 453277
839649899 989989670 890728
656220877 845941635 570798
429155642 970246183 254089
959961089 966911697 106235
773458354 909459780 466459
195578082 917245543 570982
951768459 959663836 404474
22686160 36791451 163790
30277512 831034287 936254
976460667 991105570 115505
49702115 189034960 473912
944409093 948934331 363893
887187679 942162536 531675
736469064 870638581 912026
86959659 613147271 316323
722248016 891104030 901622
596361506 999974858 629683
6310627 368658993 537675
587403836 712136616 110364
814461887 843684673 739152
296300634 999372943 163075
608236945 676231799 169256
452725465 479557218 995286
294325200 559517448 307611
70153982 472221184 892203
193180530 743472268 422231
490257948 731247495 642195
850429060 865191083 472762
640481563 991258700 192912
734454924 859137786 564251
785530106 912577275 240275
825323042 911400089 628321
111316653 692121730 863645
511376497 531301276 512242
396412960 793352497 682450
429431965 717498644 166799
589329510 877015847 221651
122756074 848704791 199476
532393027 862908278 928448
311988007 370502783 275292
558471663 876763858 953430
767685834 917445262 318890
461029590 936847550 221816
56297044 837733881 216302
486634683 637280082 904588
483974199 882859212 467667
886821427 979929667 887408
319819138 456200152 628921
268772821 394610249 477619
738940706 850056818 398730
712729780 745102143 105037
260390195 325816082 688503
319282886 554193177 271062
443880847 800732749 571759
379627984 415425616 77024
612701119 621205912 262602
654098377 980510511 668943
893867700 987964658 462382
114068692 325425337 227753
241488723 980916613 450992
750620996 955733808 406219
923298648 961276350 385324
57246337 607360542 874950
635924567 787394580 929072
359511597 553306071 809366
854492348 971006958 562456
321568140 908207576 514596
996719197 997093171 403250
863363701 991930903 153629
106352425 176579442 333512
719617721 965448933 892280
461014801 977365187 235304
393448672 507126031 43772
100435882 755892063 896309
911376561 915104265 601565
183693499 940260810 504683
965439868 980508402 462393
638984052 745302885 580382
843683604 978240531 692905
67780195 761224905 153013
2974582 278979824 851473
109985651 354732733 91821
77171328 121726431 70311
793393354 986045043 439429
697806856 852504959 215269
315286147 656731828 76831
571346282 849753972 535978
820458053 966322178 435335
223647190 415218389 146316
866585109 889634452 585902
858135150 983597916 94530
421809980 507640942 326110
425214899 943337193 48606
911997320 926481175 904180
112177947 789390515 619171
936887228 976748667 532378
106108093 422023315 602334
150594223 978194117 194347
550069364 677641733 172001
254684466 605315000 788660
806561649 895867088 936427
620280031 758276379 112470
499584227 827578324 933807
903659783 945492848 184492
212229069 700934181 98260
712130212 970204489 895384
631277159 637189846 950061
273408616 542313165 993272
982201380 984431395 904953
260397258 755904089 61227
429379557 485000506 914730
397983383 805172113 155616
272086717 743376474 402409
626011775 643562080 617425
520361434 754568952 119875
816034281 842860252 952737
549130839 819624929 799182
974251350 974974185 619841
880301651 994033346 519692
796330182 834793272 800232
453002043 488523404 716196
329234594 664206423 869383
233407689 562605662 524683
171551079 415285534 799001
457777733 665686211 127883
701615101 855474299 960244
12263829 709082180 826302
545427075 617307925 421447
517167900 640748802 463314
153909453 184457719 321974
48244517 49301194 194816
273979124 316120548 490743
699769467 746209699 404283
403669257 677026171 759133
839613960 871238008 294525
283233666 973518818 449224
928958226 950732237 13099
151359251 285753549 306285
348253757 708000278 974554
257197763 618334977 552789
297802656 622281181 144224
710002053 726073426 664600
112924543 975175563 920600
214238423 880171241 609739
805375164 970391247 860229
376870560 812272986 878442
517702411 903186958 976859
696919026 960764213 649203
78118971 174391045 648918
271388290 473942051 973504
305072420 770804933 805730
757004337 923649321 229099
933861193 950470280 693339
53794502 579557101 116102
181042998 495494062 151886
224715530 384937800 955447
111066921 905517654 769594
480068607 972802040 936598
630082814 731166297 36576
614109733 705090462 304288
939668596 961672858 552086
877403997 941012562 108938
915234858 942805234 907522
657110938 774692396 508752
435987083 678147552 303126
916602825 947700011 716707
563403185 778874138 68449
622630947 803226173 410070
339341792 969900157 855852
598007049 813023560 998483
659027084 742187651 564746
150524 138715791 772698
643569739 725823884 515493
834538868 994480701 206213
771916273 800854482 299275
962864470 965664150 102815
90716615 216101930 853382
975265503 996426761 514012
198699167 276676924 220763
540018519 616430589 208240
128916055 655004374 8115
311593156 838634093 779455
916870228 979484745 779051
677459319 883555019 78277
716575146 899780019 264459
490251375 701871737 99377
884279557 907941483 321684
434147601 597901056 672152
790753027 967523016 240911
517682337 560438221 908674
68012469 434070217 49128
94756418 225710159 58314
905257201 930547083 676775
73680995 248265178 760953
518851216 735782725 744324
190060734 638806015 510095
536010805 698004160 201054
64829169 580687293 736121
716286006 829237065 332949
732196873 971991350 972371
247950570 510315629 660127
990306383 995053840 701572
829442275 914391211 713899
501726542 689983296 164236
179566432 896360465 921925
2083445 543587787 981449
460844161 926794481 7838
909354355 958832174 307544
180020919 511666299 776140
437333203 975603532 903081
286254698 934648342 286633
412739013 590946882 930054
403434011 631875407 951731
482417097 591403143 638528
67677681 329538454 828657
701151744 960296594 805574
658631412 917304840 779748
777824611 816941415 112948
567234472 813414507 630797
170083297 600737102 578675
282129210 648246504 554349
884166708 952899269 30938
480381121 567633868 978026
591411028 746580198 44777
358470821 985412055 874625
403154881 661733291 418061
727828830 908629224 168806
21944585 542136822 837674
178105528 969287599 809177
21316438 314898304 241
206171569 925565508 128443
531982697 707050298 442483
590880242 643448553 241334
538928697 824794510 544873
792277201 840548809 170256
427584945 622855364 922137
186396668 580026608 900330
328934644 498112289 548781
979783441 988463016 626811
787580015 815644700 609036
665550716 687952932 44454
482501076 630076236 27691
222086008 553626422 206523
619986627 928844232 765859
315882596 711813433 171838
856927084 932858254 552580
965128301 973925867 550235
249828452 253050226 397726
635714504 788225924 77210
4661498 691847550 464423
550824916 776184454 876632
972858619 977540495 916097
217768186 264691682 616604
809246908 833304442 165560
451250729 875956958 391037
805272033 876056367 132309
191573060 922479804 17850
9190546 827217013 34957
22488937 424832763 974809
865442431 954819756 654863
416422892 982480543 992625
439930256 707083853 900856
715465566 737711821 795428
755912556 908723431 875057
218179163 227176145 832904
363960569 943168701 675440
344414129 923549214 822998
696185530 834051928 209894
218883094 263674966 641362
731342681 962633742 808833
686930506 751897060 97602
669558707 905075407 21620
45066324 726081023 197663
750612171 753249816 868616
748623793 832526395 779888
173900574 925990973 921336
578041025 988399660 124732
74368710 226399267 620254
228613443 469928756 226601
439393652 621919282 807195
724740641 762702328 449922
814158380 840276595 321429
111522487 168642469 366527
879139384 918144823 387683
759232873 917774285 776912
747984983 837052680 781690
540241730 754301306 611048
863777901 966865523 420612
316938398 951473964 510370
886887973 897328387 583577
131118612 818951262 656243
948650672 960355618 865799
448243926 534076131 862379
777940659 973311370 614480
225248012 418260838 581850
272690885 961305004 176017
928216481 948391429 334514
878246182 982438232 553959
224795870 591585822 756262
642988456 961103777 513650
786151609 898921686 870236
277274623 905689302 554573
54797932 795892536 549574
698630686 820083357 452583
678264823 736225691 120073
404466431 860174673 141241
684454952 728126172 141830
1823548 444278687 832633
99459617 405588370 865086
111271213 929999475 150731
263250656 518047789 574098
724742347 874360473 654595
909911843 959043582 488868
82110750 472818190 464597
83818801 916801807 931777
572433183 772390641 511901
875481615 978679801 156662
165849537 644036833 403193
628381888 759574687 210098
915961566 924257864 102130
571096249 930630632 90782
600720327 697344035 822934
463536215 872224675 184739
226111154 942014757 94279
5960460 683165362 413938
621456307 662522474 843681
861771114 868556461 809971
622093124 982685688 816337
471868081 732654598 596257
238520486 967141501 868222
291209862 554015298 929886
746194131 944915882 449983
304148670 525685224 613499
261585660 489224868 462723
801383490 897124548 329581
937110990 954958283 281507
359227581 948237390 487595
924627599 948352063 615292
884270773 994737320 54684
188087796 669225474 106764
896567870 919923388 522426
444863296 651342218 428127
559848874 859577689 995037
727895607 982445240 3867
821760206 956556435 376521
610760956 806552634 422407
115493172 727375883 22793
446938726 684303167 814119
27758567 101319360 204847
920790052 989380951 491999
451381544 562827727 502770
322455752 692289780 620413
671897498 778505574 954240
338135594 967821528 66215
822946929 917250685 964645
111112283 116472764 965861
335381465 966379800 25215
563443946 689717628 506829
877921720 995696741 610924
763663728 942183435 342066
850905216 872045968 934974
114767056 176563707 269360
511661153 646715916 415853
916388246 987839551 750221
805515150 816002266 482376
439740542 715594725 546553
78025210 976451382 512115
108539627 800217717 458391
587415355 847291163 860323
384149328 528698526 861958
106713413 146433970 541860
667660256 790475988 93114
120312255 230199301 362345
236114681 724284137 462715
506380597 781208023 321816
385759562 529690535 606828
698228844 890140472 965010
826982084 862030400 124631
15734096 186407515 655655
663110511 892352839 545895
856630205 979633061 851569
356061183 415323332 994509
556423951 672545372 355496
999066222 999393943 870411
257404778 290565658 81020
771164638 928325423 357868
430183125 916792111 526780
274064315 450677601 912050
827742102 827990597 44995
221293712 453554852 150819
920849026 988853090 954788
693921759 907605294 990801
686846003 821422662 559040
832133794 895807831 692691
131240838 585359031 980447
380664959 858925981 575132
187713790 551104553 277561
395024933 490898096 200373
408409530 521769485 678268
56166360 808613393 110650
725606610 913984039 277581
142430997 379369415 721533
100650776 972501098 426654
896789007 899741768 182771
696783615 867613243 215566
406672336 475451007 51220
294807239 395660181 871664
628825945 879734730 625412
717150536 788156802 161582
802775340 993506518 103794
829617050 882973425 972528
761079957 838987435 724863
996708284 996939146 607983
772997416 983571830 480252
297663314 950357308 647320
244077261 912267635 24573
79561584 169005193 778318
291794966 322565166 887832
4805197 480717584 83650
886827653 956483009 86629
558072093 570329942 102964
969839083 987846982 647664
505843489 730478622 255278
183185591 223700375 834597
219939576 782708412 31751
897889177 936374419 404730
997264381 999312779 913131
221478276 613756416 878673
531572092 954341057 110696
880897534 902255536 980858
314393941 811097842 503523
398949429 720959313 989510
855955324 913044039 581906
523623761 687512357 281568
978220810 994762732 904954
36582372 580684665 339115
816125284 882809842 34702
441281217 899066832 146344
829893485 962603881 688520
377223026 628031815 832019
529214526 684651034 257416
956515536 959890669 812570
813828835 824895563 497402
69681810 774006033 508651
185515931 850954439 797364
209842064 770544169 240866
39646091 52385336 415087
589413047 954205503 364020
937284150 977683052 147717
150438030 636164952 708795
744972896 914973219 875266
374134789 715198564 332621
750936045 809112451 889441
955433151 984549035 302875
37558543 630263843 427856
837766069 912486665 916736
419462675 555937311 837820
98952884 143234804 111541
21036159 255647555 569654
473431806 922229054 444
234936106 589652160 193509
534039713 864106380 193901
759460601 987933184 151640
691957521 716893768 319007
541848756 699145755 400396
367724947 394781779 87599
309093771 738467449 537450
77947262 664649523 294959
112104888 248207336 610244
277020931 987300961 663740
480063934 776712772 461813
645442278 696126872 115822
235955003 812862698 242735
800188684 870504013 537955
309282972 700514135 567376
368677541 634219226 788437
381047459 745659803 978316
60675072 563824314 585195
952501289 997020156 781439
814490433 864983798 141682
111646353 231270482 680798
821134849 922618985 909665
652636512 890082699 362399
974959736 988583861 346054
828124284 979347199 976767
922533865 930863974 689058
848135525 852102695 394858
211047928 361499728 957173
249442694 689517212 249274
423523041 765957339 722238
126942516 384897818 484504
971363402 975143345 67637
281440553 334691413 993964
843718795 934014088 525690
834044308 959100497 980290
328523687 840111323 352304
410804860 691449483 665966
166408178 410240935 380387
612483944 877751117 729815
205984251 865599512 786416
884433746 925169653 526902
160984035 638483866 670599
499492797 880896576 364026
313765980 594246946 536707
950614341 954098670 916741
87604157 984986697 94155
713573257 903456327 185288
748520520 918544458 363236
16339417 207725326 708427
47185022 848925531 666402
645176392 871900224 216847
727276585 908146406 22746
681697250 864502945 101661
711024671 821575966 95700
85479787 593262111 155000
85574596 369672614 534479
59389089 106176217 310133
327028998 354547577 925044
858324675 950896093 644613
262249143 462794801 848512
142069426 724845904 146284
702212480 803237303 182833
447985654 536472408 235878
831293196 993912819 55513
383075906 861809875 890732
82724597 207714304 670266
792106421 844637978 826714
188257532 281711367 65081
321993277 569548107 555529
615123308 759403585 479847
824161967 863617797 701189
130597195 624241557 186864
783555562 788404306 763295
572992960 815365660 413839
31023502 74116889 200098
236003043 419899592 425218
512452581 652447222 881248
240499924 379024213 202582
172578477 418347994 633054
455114913 924326289 142560
989770534 994539952 850604
558663265 891870792 218450
101177685 498503182 71007
392381195 785427512 311382
873939420 974671254 578808
527536258 698971805 314748
831361990 855628214 254977
502089488 825564068 969522
405778435 490152966 710640
757366337 875449908 940588
990158372 996824809 75672
111633019 130932479 300657
333216323 988647764 990066
936650623 981832798 730434
48721791 113447527 952830
266836960 642957142 149072
350063919 479703698 279129
50627765 939867336 744422
280825268 373067218 913196
414502816 612620816 258248
170521289 865837661 440829
400605053 443309563 293552
977590875 989860310 773522
7621443 78397327 124066
395387460 684142828 14083
211018004 540591096 410118
393370676 822741246 482161
75319751 253379265 695582
514715433 757185224 814157
963511508 999875426 409271
359212971 910684286 961672
12855192 327896856 543045
86433387 485360138 85832
692036287 804880285 352289
178060671 189734386 107736
262375278 832001316 48556
480326617 535333627 562844
807472142 906772843 984973
848737076 888680836 795131
263900017 595078879 870845
601956155 633593332 462343
261449353 473128043 50777
525510283 755300284 139019
120490823 983238509 603649
85405166 564756375 505011
476251423 822733341 497209
457265572 846496075 366182
570216833 844882343 975132
914847217 925583457 912816
64877612 708045281 739669
925793513 971384714 621295
228903440 706513519 439741
320866434 978265968 966919
218085673 368286134 728342
478151723 526219609 748810
827703176 952253676 719868
617975309 930762814 716994
835651362 890813198 358282
744411670 943214361 307364
126399477 801705561 100383
767607939 969446814 223550
136033985 400262086 895241
839013754 855300304 462826
755234799 925078887 339354
415440029 920946425 769453
648867339 781399554 976140
400832772 487881912 558181
775942972 860227051 597122
243804905 774046665 120956
626684791 915412249 374094
41202375 510095314 796496
574523228 950309189 699020
806817843 948495096 23166
625214114 926417027 420642
21557527 293982003 70558
525516370 895870091 910908
823501942 933560107 544977
41175380 963369389 325889
472582443 852287612 894345
379879503 500137028 999370
497081362 520969977 813101
7738813 685104521 997462
930785030 985874740 360099
964636728 997578327 839996
15333680 702363378 210646
427175154 693279251 738871
923079747 978579545 664010
892720575 965632006 886930
100159805 833101306 592850
3948364 811394924 866514
47182575 161746227 861871
475209085 574089692 662497
248851138 745494077 684025
41039712 963772530 126789
911401063 944485705 241333
365260750 999814512 653711
500518900 820556349 873992
601056277 748430145 345959
371185702 414004798 797778
167166110 303326548 573677
542885804 671374265 840547
714522260 805168832 171035
80786876 287352234 914853
128369326 518916739 852843
223855683 332592833 611089
48653329 97404340 841055
180421943 278298723 901065
187685822 758472418 835836
48406055 594513814 390145
218988632 890380088 759130
415097410 653499879 682229
482656090 891078699 676089
736693723 779864072 792107
253719645 278923953 238344
459685952 493088651 804272
510455758 786016618 488761
778163333 865561831 80632
723259185 966160076 948144
918486378 962417094 718482
978184433 989757446 475471
416314910 985608829 749181
326874982 859327882 90799
754470004 942582460 454595
165794445 579735379 899761
290523508 750219792 736236
673224653 931274162 888421
812208879 992513655 943543
11035207 492900912 39179
647125581 800432167 418213
84933528 996085887 576886
643286560 889263835 539221
31200796 922877646 810871
357020318 827373095 938317
949836459 977204485 483247
242703176 858485275 767276
704020575 812726071 347891
405949876 629636477 857122
227050842 460894200 176208
664002393 847591551 966770
233169708 604968214 535260
15556928 31600445 800453
737496072 844808558 691400
22176966 515578380 579493
696248847 987247135 306013
521628528 800908751 424496
239097926 513042825 790892
770370999 949086875 387201
335604780 960683434 752209
633389064 709049110 553802
434692483 878583008 785398
153353233 329485876 545902
184666702 195608915 506294
793440376 901175002 461359
287805048 295422319 249559
850736724 897072150 923885
757677720 836982207 810313
73286719 967957152 351723
594298387 853932439 679572
564744666 585783813 287844
197495159 967160965 220470
609107296 751181509 30667
827421284 940389020 808242
95581465 135299451 532762
448745006 789551998 590729
488706047 898270980 232667
357186995 957539374 855214
638557862 907285857 802994
962767067 990957957 797381
115720519 486119244 167651
87710779 386518702 131900
599274626 708961758 267557
856749635 986294889 99922
317262016 813093671 108763
740312472 966810620 24034
715270570 779281562 857596
212683538 366860320 958870
572700302 723531472 16193
586028908 771687056 397660
872906301 897666633 844479
884448295 982732565 430056
123166997 835307591 586825
540066460 882906196 24935
697447169 969477525 271166
486539587 948656509 298551
204786017 508595378 658671
826690090 839811153 108445
413238213 967016662 648656
721042506 934172394 893913
955035427 967723567 958486
949776566 967761822 760456
642534642 648342154 239361
727859677 976999497 3775
867226625 954178501 105433
818425944 870230919 523336
813419594 946456636 893735
478769083 813909644 976770
292414794 774483441 781775
580986017 875050321 201319
573275813 648577230 23959
917861790 957011534 685414
104457118 176125742 394267
294562487 729499097 382798
747824223 945628556 283696
100006414 726105196 201904
50482697 194804084 209671
340531977 970117807 684783
821427051 873544374 535391
560379302 566567663 465255
987112347 987322099 810614
413755850 878724984 653976
83010969 345131341 588793
585940991 616032481 663629
987243328 999210193 253294
10319197 28155670 251306
650132404 887934340 807408
997276023 999287707 344809
672013078 693675845 50120
667290534 914117526 628032
785588244 876165175 119270
19583401 312892120 782559
187721099 960306865 427728
706758161 958359181 679664
551605818 844376029 798866
402162677 886030974 84858
35655240 383063798 541382
521896907 936489327 339353
749669934 801387751 444192
544106699 787971907 608299
607693378 874889338 245843
196220474 496551634 313072
336646599 399683072 346893
262151839 601721527 912832
950464300 985284349 217810
249119727 473879666 684355
610033929 988831907 723546
39088404 857531859 295623
84528985 792092111 661874
292164344 609456320 663725
670207553 954460798 859473
431713990 899192052 97331
762659792 939003132 433055
468822558 625033153 470851
326963589 874018206 311979
15245034 819834083 461667
265557873 881016556 659175
285403158 593163499 935627
439046741 791455819 68403
332566964 717030323 570696
721640316 923202007 863176
233214661 773613926 545449
335317423 793965509 77951
133826078 191671845 844552
479169810 536643908 22885
130403903 130961940 772254
557521736 883739507 789313
345152639 752792433 633697
350274491 502579449 371358
400305035 789498276 803051
450688493 590581143 402966
249876631 797577398 256911
643158599 850698580 707100
43165823 161661583 114332
875634418 897427548 205706
713708243 894866056 911032
597256757 672405002 893498
417296723 938128969 605011
229241642 528892734 608613
614441680 689015839 970257
383216938 548093046 659675
822822957 982370844 732765
268416536 463075733 337181
622121519 988916691 595754
782734711 894757743 944369
855925519 998593122 811956
21193173 69471616 898213
609797175 728948992 827502
817397868 863861371 707793
230939723 259600134 731037
116498433 181152168 511090
433872700 773405173 864125
173146297 173772202 736746
793765481 847916955 184801
373012567 661886404 837649
865168988 995404762 843516
448788920 870418826 130812
637979657 856605068 590786
569465948 764838150 338549
380742343 627346142 743589
946895022 973980249 893475
704399669 767849987 543960
422478893 669131346 621341
968175294 979731385 940440
741074570 877327497 319078
342171967 983799923 522747
431798109 781809250 945044
730956774 790944396 85758
335638222 357243880 272170
778829043 867977651 956522
101283615 362819588 922417
78036513 919042469 956614
50311097 510047047 161594
636551373 643531418 930880
141936518 822279271 641590
576607584 929770905 418917
493744582 533900376 175871
525821179 942464667 243408
970346230 979881971 235432
323093800 387953664 720343
722268354 903281225 597873
92647214 603660092 639878
880942757 920789690 607475
556524068 673742382 530951
648548529 923926574 434961
394379588 599786216 332914
569964834 797149011 945145
800755349 871091413 173815
86097166 763970707 519300
165614853 273328432 157270
887808074 957039870 70932
959634241 981635408 269954
356760810 811680122 250853
174951059 764727304 980893
273556238 592611651 506755
895563969 948562059 202984
807059584 872296195 657199
533290441 563278317 714517
323476309 370879856 123791
142704149 244250692 97687
739255038 899133025 602213
350569889 626048168 427411
279214415 692612618 699658
888581247 973091719 506917
860268309 881648997 443428
16820589 274692413 506477
679255537 805823388 167884
359418640 566745558 496625
309819268 311689251 72691
638952457 701228799 435200
800002165 958247908 30626
19162153 287698648 774388
121153787 395824400 174506
956704083 958683271 692177
327635993 523993303 968943
912687940 945583324 821061
586953299 969219303 250448
304242120 580936652 548397
916408182 954295720 841823
539453645 951365301 623010
246799263 620619946 399921
335916555 353364677 764089
529680045 651105636 533458
31936975 339480680 266200
698646027 741052375 662852
959902966 966603376 540783
842854794 861815462 353806
489917186 915893935 85136
131048546 608706074 579977
766293390 826520859 98262
558013300 558076768 767948
94114168 747685279 439509
95556953 407962253 114049
647902474 677150502 245616
722152898 983288133 135520
548624679 852069555 721019
284935637 657259103 115520
422800059 777004969 107904
591812738 748101457 518985
168020345 504487567 599956
975265625 982799046 773474
274302936 313496609 732561
587451234 691804904 732364
542314463 702188256 838823
685600176 829180458 835226
516580241 523781239 874018
665869609 743028916 103372
755233511 963104709 588179
296832206 448830080 708034
963020975 964611840 11266
178392427 480512838 575777
815248503 838784934 447818
665009852 982849738 233901
103664736 767640708 891750
577320431 612755593 286987
662951464 751064610 447078
346192409 817087011 732904
229941514 560807928 880998
895621706 911731431 153203
147027391 566935614 621470
18465746 830778381 627490
368974945 827419353 617948
113069205 700079907 547467
690025638 941568301 145302
893603450 902412578 690337
829201989 870156972 3170
937884426 970798343 294470
937411324 951096690 300144
302796986 379516265 802541
762367972 971092321 977076
108282686 823482657 764038
215372470 669376458 947282
122010407 601759619 593695
697945914 853925544 999360
176922839 247417975 736143
184739772 237901568 736042
556551830 923595151 776598
713162975 732693026 583812
225197404 486873553 442512
597946136 918944144 22794
489263261 757928270 245591
467850543 943227909 961399
546124291 664700315 838555
937912987 947994349 187438
880310404 931934324 979825
655325437 688906594 535813
51121904 142611262 509448
730713860 824319912 823338
401213995 960056013 584616
711497948 715402765 842969
454336957 993719564 908298
334497005 456359604 378156
364550004 489069561 305276
201841273 913086605 961052
97401744 934020848 406645
671477816 769369961 701358
841654677 989477189 309921
759244011 871700937 894222
861284292 933924891 131313
204886267 750538515 444273
761299743 894447648 709324
523848741 547599022 164022
841234320 877899962 738024
677053 802430666 197736
585225393 916904062 96134
287068798 479956939 213279
334927577 418845361 907501
598091044 688702501 538250
316534982 923635590 605283
484099270 975399325 608847
46683692 758859011 821383
574431776 760283561 951817
504629268 992214806 388721
707884690 945796410 782263
455189040 761540978 790824
291515954 355436345 737768
252433529 729537646 185883
317473753 784285169 926130
42862450 70338325 39300
260008969 416980627 921583
54882268 422389304 169704
289127232 372443523 444787
447935118 910395520 131431
956214787 999479637 548480
609595528 661549496 237824
520959331 697379820 29055
863153162 951462265 360253
194413041 422441214 965372
505092054 830521645 825014
164441743 181528008 904043
424791522 622496798 449276
262060333 883024661 99775
760969763 859930474 614599
23979300 796303526 935047
391417177 443599997 150771
625395128 912515795 856951
304028430 604653162 305612
483668251 949967449 878212
308080827 362708928 277267
173750221 271148086 991763
78630444 357958796 375843
64009338 780351778 836667
95089323 843216075 23727
131125922 740408251 793377
163060942 622197436 523274
261077439 388788138 731809
698701757 846429684 890620
712401766 865926363 608700
398430760 680762679 456194
753215527 924419966 939056
