50 50
6234 4579 5050 120 3385 4386 5160 4938 390 3972 4287 4854 9453 5248 7124 6281 7825 1074 9720 3552 9524 675 3177 5336 9783 533 3093 4610 6246 9200 2527 7402 4517 7134 2117 9277 5767 6424 9260 4107 7919 7409 4958 5099 1683 5445 6544 2800 2089 5009 
4700 8056 8954 9139 2291 1059 8738 6168 695 2314 1810 7299 3023 3706 7634 455 6160 8038 3110 3453 6893 4377 9781 5009 7687 4394 1014 5096 2939 1797 2584 404 4511 3090 594 8625 9664 3028 7216 9925 5588 2073 7365 1962 6744 2179 8111 1952 2354 7289 
5609 4895 4292 4144 421 3636 9222 3949 3461 5194 4709 588 1197 8043 7644 2571 7159 8840 1900 2534 8948 6085 6362 1787 2793 1586 2663 6977 4716 6533 4524 2586 1537 7800 2175 5084 4267 1248 2154 1322 7504 6655 578 3912 2649 7522 2851 8102 9037 1702 
6039 1016 1564 2804 8565 1056 3035 2063 3898 8666 9903 159 7897 4033 3029 1438 7149 5956 5925 9099 4964 829 6790 9619 9004 8043 1647 6021 9904 1030 7135 9530 6084 6813 6693 7157 6645 5606 8785 3062 5400 998 744 3936 2030 6579 8517 9317 4369 7392 
6462 8736 515 1174 8425 3757 2637 8518 4151 2241 2307 1061 8065 5413 4490 4802 3118 9221 627 4155 1540 6476 1296 7380 6075 4486 7967 9039 7424 140 3036 68 9986 4123 7384 1178 5119 5104 5008 5892 2202 3531 9395 5562 4181 2235 5745 7750 8191 9611 
5682 7938 7045 4248 511 5268 266 3311 8386 8339 833 9553 4696 9318 1379 8663 6875 533 4058 8602 9117 4270 1420 7800 544 9072 3386 2313 210 4390 3866 1221 6008 5780 3959 2782 5040 1374 8160 2066 3671 3951 6114 5637 1799 961 2333 5898 3164 243 
1130 1938 5648 1757 4657 1270 5034 8336 4967 2156 9245 3380 9964 7722 1903 6850 4487 6 3482 1669 3736 7913 3424 3938 8518 1345 9444 7466 1878 6528 1688 5102 2369 7048 1143 1216 3521 5510 4064 5224 1987 3909 2761 7847 5924 4168 2230 6534 4468 7086 
6035 1073 9488 9375 8098 8154 4476 1046 4387 8107 294 6684 5745 992 878 8239 615 1251 1745 7370 4746 5655 6693 3415 5540 6096 884 2812 6920 8082 5975 1884 1903 7889 2036 6430 7743 7305 9674 1594 4455 6643 1834 1329 7041 3379 1880 3877 9279 8752 
5520 569 2520 144 7732 7931 9339 8577 3479 904 7936 5611 2927 6617 2149 9832 5003 804 4221 1576 733 4971 7506 7016 1106 5995 440 3699 4582 8900 2521 7263 7483 3187 7756 98 8599 5638 8567 9460 636 7388 2574 4622 3837 1471 4045 1057 4477 3768 
5617 8766 1681 8389 2211 3527 2326 1058 2119 7574 6559 6523 6186 4366 5953 7005 8480 7158 2599 8778 1602 950 9529 7280 4482 8958 1422 852 7702 4802 5947 6740 9815 5076 4936 9320 2620 3255 8423 2860 6533 7323 3635 5368 267 7815 8708 2678 9355 8832 
4078 8792 2951 1971 1525 9899 851 1901 1199 5866 6068 5903 5928 3648 2514 1340 8339 2995 480 6162 3362 7993 5685 79 9640 2342 8201 6636 6514 8322 497 1392 3744 5700 9050 1830 2349 3987 5782 217 6794 4831 3152 3939 8680 8737 3906 2304 1821 1620 
9368 5354 429 2268 7572 5074 1162 9897 6429 292 4668 7271 1488 7605 1027 6549 9866 578 2368 925 8504 7603 5278 6558 7069 7583 7590 2145 1664 7161 1056 6240 7459 1804 5745 4550 8970 1878 6862 770 7705 4238 9614 7798 6472 4407 97 3823 6572 6340 
7567 9831 3030 4908 2657 6565 9712 7747 988 1018 6981 9405 4316 2783 1430 8246 8089 5967 4790 9027 1458 4240 7838 2909 6440 5841 7109 7428 7788 6779 4556 9431 7437 1816 9441 5424 7343 8034 2120 8782 289 8259 1897 3926 9495 1729 7177 5082 7741 6417 
2170 8677 7702 9916 1439 4153 3443 5322 7085 8476 5116 1687 142 210 4935 8682 4582 4602 322 2197 9395 146 121 5160 4788 3754 4191 5785 8200 9544 3371 2669 7169 1824 8537 291 7870 76 9364 8807 9551 534 494 8405 2466 3573 4397 2004 2435 527 
5204 906 3078 4371 9746 2372 6860 7092 7584 2977 5403 5425 881 3978 9568 5201 6839 7945 7701 4759 22 4959 3681 7240 1471 2114 859 5537 1137 4970 6391 2407 9945 8213 3767 5955 7437 2317 5754 8384 4491 7585 3387 5589 9999 9050 8721 4572 430 3559 
3402 1632 7098 5384 730 6341 9176 9046 6337 6468 2054 1725 9816 8195 6189 5705 9813 6770 6794 7893 6311 4747 378 8589 9589 1365 5701 1019 9824 4285 9032 7770 4615 3442 1221 794 129 5317 8074 8884 9646 8424 6975 2627 6248 1806 8501 6484 7698 7741 
5241 8948 788 1361 2057 9913 4459 5203 1733 3982 1067 451 528 4997 4774 2395 3212 5051 102 4419 864 3777 8242 7298 5114 6366 5265 7680 8514 6271 2994 7312 7349 3641 4167 853 9745 7453 8309 3162 9433 2886 6557 5873 435 4964 7110 8651 3966 1386 
3194 9727 6043 9103 7258 8921 7804 2071 7829 3406 8525 3919 1370 6251 4995 7772 6541 1388 575 8781 2105 3527 1649 9774 4773 8886 1291 1388 6455 7625 9344 5285 3006 4410 5989 8804 1323 7275 2756 6096 1474 9120 903 7588 4964 7023 4613 6577 7980 1771 
1845 906 3027 6263 8014 4273 4910 5334 2172 7999 8948 1201 2550 8677 1720 1833 4474 6236 5014 8683 9211 7546 9397 8537 6995 1255 5261 4763 4109 9323 5121 2155 4783 5393 3742 78 4108 3199 8485 7487 3777 6371 7600 4484 38 4054 5973 172 7042 1612 
6100 8103 5960 7081 548 5054 1189 9767 7917 1084 5166 9909 4963 3038 5586 8351 6170 5209 1398 7935 336 693 6448 5401 8345 8798 2051 1309 7817 9301 5565 3322 3932 2997 8848 6030 955 936 8790 2610 5646 1684 7438 319 8996 7674 7091 7541 6099 8337 
1054 1388 6701 3424 4704 6215 4983 1163 5704 7778 563 4122 6494 1215 1336 2018 5271 2969 3902 4159 8627 1405 1468 6068 1481 909 8107 5855 5491 1325 3179 7361 8060 2526 1756 4314 6148 7200 2226 3423 4548 2018 4228 6080 8946 4648 5031 6418 1161 4961 
5279 3604 4405 3838 8203 4063 1364 2338 4638 9098 7457 1827 9676 6028 8590 1040 8673 3930 7064 9243 9262 1935 9142 3358 6820 1599 8113 3496 1511 7722 9519 6967 4481 4184 3459 1959 3660 734 3167 2670 4119 5084 3023 9791 1340 7205 3146 1199 7910 1054 
4864 7703 687 616 7912 1060 1264 3878 9846 3214 9797 9282 3717 651 3545 6860 6039 9388 1282 963 4554 3192 373 5097 2391 3201 6441 6630 617 3453 4044 5919 5532 9067 1297 5001 5826 7782 2480 1940 1320 8791 5320 3314 911 7920 7464 7592 2330 1972 
2104 6939 851 1323 2905 5370 2831 497 9168 2102 4190 8605 9698 7878 505 7142 7875 3002 9654 8584 3302 4380 4068 8511 5055 584 6508 1954 5837 3908 3085 8594 2650 9803 2784 3791 5125 2213 9842 7062 7775 3015 1012 220 8833 3901 2516 4936 67 563 
6268 2826 7773 8268 9163 7863 6508 3286 410 8989 4234 2787 1244 4279 7970 2263 8313 9361 7042 4648 9277 7111 1797 8938 9837 2149 9576 9403 3946 9001 5290 1412 1240 7971 7550 9636 8603 7991 9192 8770 5270 9058 8193 1583 6877 6380 5253 1242 9522 1134 
1964 3104 4982 1126 6872 3160 8126 5268 5977 5688 1525 5429 287 2545 9855 4400 4171 151 5155 8171 8025 3138 3029 9032 865 9940 7279 1175 2050 5403 4244 746 4620 6730 7683 3121 463 7487 5784 1182 8140 7113 4985 4673 7361 4542 9515 3382 5231 876 
9372 3778 5554 8983 1950 8767 3081 4153 4819 1124 1480 538 1687 2635 9639 1315 7578 2770 50 1490 4690 687 7408 8309 9142 6574 920 775 9552 3659 8770 7604 4162 3016 1154 7671 3083 1212 4901 5986 9962 7643 2902 3913 8750 2049 4785 1527 2931 6566 
3858 2000 631 9828 8067 7759 6999 2412 98 395 8354 4292 765 4787 3358 3284 9508 7695 727 9601 297 4184 7006 951 7719 1507 8053 770 8497 4347 6451 8749 4591 1157 8384 8669 1364 5688 9598 5853 269 4029 5303 5541 9410 5894 8539 274 7900 4768 
7501 1885 2558 394 7288 6942 4624 6390 6269 5697 7728 772 6451 3897 2504 115 1922 6004 9675 7727 1652 4848 545 632 3571 8697 5202 3875 3383 6672 5564 5814 5629 1587 9268 1197 2756 3529 9875 5464 234 718 3795 7252 6096 6929 9532 2113 6602 5051 
4494 6737 690 8949 4411 76 5260 798 2831 7490 5671 325 6953 6565 9924 9728 4600 9380 1564 6019 5014 5063 8929 3499 8181 9184 9647 4238 297 5342 9824 7086 5528 2277 9929 9571 6271 4991 9841 8274 2468 6544 2740 5557 7871 7366 4920 4501 6212 9046 
4916 9003 5583 2374 8476 2595 3155 8231 3996 5956 850 5601 8167 1334 5211 5529 9279 1195 6347 8462 5587 2853 9475 8556 4786 894 3979 2174 1232 1522 3798 3846 3523 6468 47 3016 5548 734 9211 6980 4392 9349 8535 6456 692 1952 1072 5 2643 5967 
8693 9011 8170 9392 329 1466 1965 9566 541 9312 7456 8307 6781 6855 4617 9636 4945 7245 8560 7042 5265 300 6244 1224 4874 9086 7986 3141 8536 4167 7107 590 2231 6145 1270 7554 9418 49 7258 2231 5123 1411 2972 2786 3533 333 8524 1676 4040 6783 
9850 9237 4980 9214 790 1392 2221 5451 8148 1991 7023 4845 7443 7361 9384 3756 1337 8035 1161 3383 7490 5473 6888 9609 9683 7370 2023 3960 5276 9330 0 9925 9315 9822 2734 3080 610 6885 8544 2789 3081 2809 2480 2867 706 7761 91 3148 2261 4216 
4422 964 5196 8817 1182 493 831 2510 4478 1973 5629 3655 4144 7282 1334 1877 9931 1971 9631 3470 699 4351 2617 7090 3102 6212 2438 948 5111 2552 5408 51 7696 882 5300 2810 9866 1466 4536 6378 950 5149 9866 8536 5894 6564 9197 8072 7312 4507 
6110 4199 3595 7372 5189 8534 9651 5806 3770 3724 784 6327 4683 3221 3474 1678 7849 2529 1183 3790 4320 1739 8838 4770 5638 4316 2497 5777 3110 1152 8351 3831 161 3428 8141 4075 7378 5687 3968 9372 4911 986 1527 8389 9844 1682 5348 313 1875 9940 
5374 5769 324 1419 2310 7341 9727 8039 3755 9220 1908 2793 2166 955 1141 9482 866 2682 7342 1257 6120 5357 9949 7118 7134 5495 4819 7203 25 6084 668 159 7711 8114 4660 1560 7155 946 3752 5508 3743 5185 202 3253 554 6044 889 1605 7879 2158 
8228 5638 7216 6191 2739 8314 4062 4150 3718 2744 3172 4392 4956 4648 948 6996 4850 661 7791 2865 7954 3393 2318 1176 4635 3598 4932 7956 51 6924 2278 216 378 6322 7741 2771 8701 4353 2338 4411 1116 1259 5106 3339 6556 1376 1892 253 5708 4470 
4811 2021 4466 870 8782 7277 5245 9535 6024 2992 8953 1413 3782 257 8801 3710 2190 7287 9417 4513 8224 8376 8912 2092 3883 5295 954 7033 6715 9640 9296 585 8319 8181 7424 4130 9961 4648 8491 6620 3369 4478 6461 8530 9509 1908 5278 5929 3471 846 
4938 825 3104 9162 2402 2746 5741 9902 7254 8320 149 511 6375 5944 4572 102 9201 4835 6865 4641 2722 5275 4222 8359 9499 573 9487 5059 9622 6869 2805 2374 8733 3067 8212 3120 8538 6682 7959 6815 1863 8616 4555 3386 6057 3194 5132 7987 1926 5161 
2517 9737 1777 598 9507 4432 818 8068 1105 6394 9353 3316 7088 5064 30 5596 9927 9060 2814 7984 7592 2270 3760 2019 8463 1548 604 9427 3160 232 715 4167 9624 3139 9526 4082 7089 3907 8699 1779 4741 4873 7893 3946 1343 1899 1825 4364 8180 4155 
2697 9691 1237 7055 6177 1694 4849 8536 2818 9889 6578 5674 656 6846 1345 7143 7681 9587 7096 4297 666 9208 5390 5483 6630 3156 888 821 3956 9019 4643 795 2523 2877 2571 6732 9248 2869 5580 8072 4573 7205 7662 205 306 8041 8358 4138 5417 6253 
8509 2263 7076 1512 5318 9251 792 8241 932 9940 5239 5522 4807 3619 3256 2507 3770 9308 3452 6457 465 8831 9139 1594 1263 394 2840 5147 662 5483 7333 8037 1996 3072 4229 9218 9501 4044 9956 6758 9166 7722 6921 571 103 4456 3568 5366 5858 6432 
3068 2460 4624 7589 9693 1950 325 5705 2740 7849 1431 9285 3742 7267 551 3814 5559 2524 4387 8347 6451 4343 3740 3341 8818 6504 8190 9043 455 1251 3291 8020 4017 9893 5499 2822 4375 1286 3300 2708 5434 3294 8468 8790 285 3523 8814 7674 7677 1532 
9903 8258 6364 6319 5333 611 4720 9080 6719 2637 1058 6413 6778 8311 3942 2082 9077 5637 4941 1612 9345 5279 6134 1622 7155 1538 4595 6847 5144 5020 3537 3789 6525 3483 2661 8600 4133 1645 4465 215 9317 721 2187 5229 4672 7275 9797 2903 4671 6350 
1620 827 419 4553 6430 3490 849 8362 7867 8329 4982 3790 7535 6472 2943 7493 4718 8051 4911 8597 2169 9992 7500 9885 7650 1205 7102 7725 6424 9769 8618 1026 2171 2998 2805 8434 6256 5897 6372 6481 588 1002 3084 4787 774 1440 716 4054 4796 1093 
7313 2063 4389 5568 6782 6698 9387 3334 7873 5839 3868 5627 153 2057 2622 5932 8490 9748 9107 877 8460 2382 7793 3964 8360 104 3667 5109 7884 5916 1948 2090 5019 9160 5141 6115 6292 9421 3845 7025 7794 2027 3813 3162 7603 9293 3740 2766 89 6201 
2521 6512 9275 6411 764 7797 9303 6935 8488 2412 2469 8618 5137 222 3352 7777 6750 11 5470 7625 563 8540 8127 5104 7839 2731 8810 180 7018 9660 764 4344 9474 5146 2789 4315 4206 3186 1218 9559 3316 465 1629 4974 8085 3077 8643 5279 1420 2778 
350 9708 9425 2648 9976 4366 4358 8891 9953 1984 4372 6328 7498 6185 1916 6040 5381 9022 3130 5824 9632 2076 9534 5474 8597 2219 6833 8186 8556 8098 6268 7464 8542 2469 2414 7963 3560 4619 9312 9306 3783 1771 8256 9129 5840 3088 7109 6252 868 2156 
7265 3593 5579 8425 308 6083 9076 6869 197 4237 9634 4062 601 6009 9117 9945 6369 3552 2015 1013 9835 4773 8508 7873 5310 2935 9762 5693 1055 3829 3193 8231 2282 6958 610 6460 2741 216 7814 7638 4691 467 9170 4019 3600 7006 5517 1439 1806 7212 
2297 1047 7342 5276 2548 1333 2365 5630 3924 3232 6681 5165 1017 3995 8308 5663 4854 7438 6832 5850 9389 5353 6486 5945 8754 2440 648 490 129 9123 3032 2780 5667 958 606 8906 3447 1988 1789 2056 443 5867 7462 9689 4056 8916 5290 3169 6067 7947 
