45 62
1751409 8061118 7524198 9502836 4910327 8697282 1965405 1065498 7790003 8860359 6882016 3279181 8445602 6535818 9199430 1068448 8369926 5735779 3128832 3657618 4146628 4814422 9462640 4611202 4326704 5855258 4905802 9194202 2358611 967205 1992768 5329560 3779635 2274317 5387952 2532352 1507139 5112627 2257128 7647812 8741133 9200569 5080057 1984405 6645578 8383255 6581319 885732 4956502 7464666 3900835 822657 2614648 6120053 5939761 8018491 3638889 1157174 9051726 6601517 5340789 5888625 
7711566 5692977 1879166 3752540 2203994 8934529 9045548 3480152 2112973 4805909 9906288 7421018 5551571 2800987 9066084 4780652 3533973 900339 2279415 4895806 3913705 7517385 227855 4316918 3723200 4090614 4059739 959135 4953862 2338782 211566 3790816 8174134 6642880 5673750 1784929 278259 4890227 6935304 9895298 2268449 3863749 1847382 5259469 1864619 7811372 8413533 2881457 8647495 8190179 7977088 9698091 7813446 7676775 2474876 4150996 7509605 2312683 2922825 1959842 3699784 3990999 
9050459 2135879 1217523 6204548 5121015 9861827 2514545 4250709 7057569 3532219 5863863 5730605 4021764 5372309 9425579 7288031 1079764 1812027 7203779 5125697 2875930 7392528 1422678 1100649 4493706 421337 8629577 1872845 8427260 3049392 2727026 9413735 3100606 3268103 3444872 2700949 7517629 8434019 6030426 156112 7021117 6132407 8830425 430557 8556077 3651965 6225769 2990052 5657788 6579361 6484849 7387237 1909722 8703033 4439942 2406895 709482 6003974 3874244 9743977 97020 5216577 
919260 198088 5884203 6400301 6776012 6042784 8802751 1607139 3870877 5313218 3443855 2114342 5880525 2059893 2327050 8216637 4896078 9315873 4307140 8369354 1410763 3009204 7960522 2704915 1954617 5426243 2458865 4079904 7931515 8782652 2184311 7472452 5697832 9090610 9245709 6508649 2949801 2450514 5664319 704831 7295756 4407141 7910274 7827770 850627 2056780 5517339 2398827 7983067 9204781 4442561 1499575 1001602 5529300 2826887 1505809 4092752 7218540 8445154 5146562 2640080 1561719 
5246687 2173085 3777192 3530050 6925819 196959 8371149 4656383 2016384 6037570 9833436 5574517 2176775 6002293 2788468 5553136 1758875 1314098 100766 7655020 450751 5610111 7440747 8465671 5141966 3970845 15736 7084975 463626 2988182 9296542 7563139 5814096 9183251 5933198 7149772 6181610 1056014 3449280 112461 5606543 2751379 4500455 3204058 2378313 1853580 8665380 6942793 122092 1658933 4031465 3571516 7912292 5802149 5642312 2999312 7161837 9457807 8907979 4105699 8106538 2849018 
5116055 4632620 4225897 1325539 1272597 7008700 1092374 5921204 7474709 2134031 4634929 6435464 9004571 7473317 2402792 3047268 4647375 6516234 7384593 8432215 631691 8548060 8487199 4170917 8533369 6180080 7080386 9836562 3930024 776704 9351102 9103833 162459 906280 8016757 1451927 5237736 1495220 860054 9286202 4299400 7799146 9892737 4987031 2280538 9936248 171962 1746889 3654566 6104228 5752113 2068335 6355862 7418457 7588248 6359808 3228101 3324474 6840246 2914110 9441340 8293130 
454893 8323658 6542217 8768972 199321 3260210 9415950 3095132 1508991 9596905 4432165 9334058 5672828 7225126 7622481 858703 5367457 8791857 4428377 9592664 3132383 2214899 3619319 1054168 2654900 6114278 5867889 8297991 4080631 906391 5358422 4185526 9183300 4856052 1133942 6122300 5191776 2603166 3392484 433551 6596677 4345514 9306051 2855412 7812400 3425218 3009798 4191785 3915632 3945320 6291942 1097464 4488569 7864348 5119030 5712297 7170477 1290763 8165178 3907373 6929309 2635327 
9882835 3671032 3933124 1835396 4455793 1648707 1839329 5662525 5613488 4654028 2641709 8302390 954384 3581465 7099828 9105746 1225118 2659228 4838105 9911493 3899202 7173881 8521432 3492665 8688890 1790936 8787043 6872548 3080378 2467562 2117237 9170812 9339369 6023791 6747535 9880351 5331367 4014275 1069478 6749727 4040235 1437916 2341764 9135818 9814363 5131684 2133742 2847282 7240437 67646 110612 3881159 9486504 5268957 6862823 1706553 7166472 4532415 7057436 5400331 6648258 4197190 
2050993 8968425 4841751 5543571 9143679 2202769 5013721 9250866 3680377 5683750 1823623 9879371 6395203 4304832 1908228 7568258 4754079 7639607 3486978 387067 3441289 1114292 6805622 7794261 1487074 4482745 7483328 1092463 5343047 3054871 8271994 9971799 2856989 567581 1369520 7551770 3050301 7365240 767630 5580350 3743059 5201721 3702378 14557 9410298 2368939 3803304 5247288 3071974 3826161 3154621 8285431 97183 5900358 7169143 6707971 7957107 4772138 3149 1616667 5037138 8591704 
76712 3129950 3040912 7588968 7540405 3856355 8634863 6693739 5377464 6319920 2440995 4070892 6552640 988056 9589859 4468265 6709337 3686866 7126427 3445427 3764991 5622868 2229846 2670190 2858884 5430875 4909599 1756430 1572994 3512032 9407342 3355152 6763359 5903701 5385881 4197407 2863981 306006 444443 1093570 9048671 6754273 6467448 9988839 3751849 4416565 9159188 1563784 9755664 6647512 8493043 2551639 67322 9499543 6874531 5534834 2097544 7660130 8011323 403397 7026312 8628170 
3764799 1676278 4421270 5399650 5954177 1901534 1036886 282619 2586884 5517694 9547195 7218106 6769240 697050 7501135 9014737 3298547 6170151 571086 5358438 3991414 8027275 8680855 5313338 6016595 9134514 7389113 5782652 5518700 554204 4114570 2892601 8783582 8651453 2414525 4252920 9568038 6804534 6199929 5012799 2449747 2374396 4032272 1325147 5907952 4405439 5007159 4510732 1840618 8191670 5441972 4145909 1124699 5353324 8940668 1526360 8533264 2157507 7109307 250965 3401137 4577573 
7035377 3074207 4711690 87187 3843038 6496123 3700087 9736611 7231074 6639491 5465385 6346316 8209114 4191250 7857379 2823746 5863074 3812789 3118282 476035 5113529 1860765 3251883 8971026 7611694 4639292 496490 365506 2852456 118145 9904762 2366257 1151364 6686521 3309110 9408786 4011144 8830833 3548524 8329316 8413527 4947372 20200 4971896 4251672 1607860 2363885 1325624 4925600 4857129 9008811 5172752 3947998 5317355 5516498 6594699 9810849 9803225 1571648 335662 9445072 2993948 
8928947 9701953 4444156 8691258 3080427 5461518 3991184 3307720 2880321 3833854 7371690 732278 7018702 9013911 552144 6442919 8885625 7416024 8413499 5843694 2057010 2286436 7614250 8802321 4712828 6971940 742153 5129205 2352809 9172407 8835908 4838482 6133236 3294179 6040565 5025859 4069040 6567315 708248 8823968 1807499 7133530 4750735 5201095 2128396 1361516 570992 1865879 5538564 17294 8164726 582088 2184939 213331 3674428 8767727 7099044 2342415 5080500 8295770 4770925 3784098 
5013709 6747701 4722483 3469533 5141775 1749964 8783165 2935729 4670706 5932526 2621578 7373425 1671567 493702 7536194 9559763 2399504 7385681 7257353 5895001 99513 9656600 1662779 2277539 610695 5820662 1524591 9689131 278887 5679193 9590585 3161249 316649 1667557 139757 8909612 5717986 4351674 5682380 5819378 6454189 5887406 8239354 3169363 3205667 5033491 6227412 9799120 449958 7260445 932102 5725989 7890454 9451777 3900323 4934171 1379841 7663346 3860390 3723928 2221380 8137331 
2971 1356290 1463655 122294 7726275 66891 8869685 7399602 874777 1658834 3564684 3562820 4770101 7269641 3580410 5267218 866321 1987459 408656 1149012 4745873 5054129 7157782 3388510 3076684 5684841 3087863 8731176 499772 7019770 5412929 3338937 7240006 6737369 3935905 7542277 9208006 5920141 2757953 4860244 2713324 78813 966941 1776750 4420174 4783336 1339732 9728284 5543529 6668671 686507 5011369 3078828 3983300 2098891 5802434 5956049 5807803 7160081 25929 5615824 509293 
5450934 7163832 426470 1104734 8518676 1284276 2085093 2443955 7289167 7133420 8574474 6574130 529909 9577645 733628 9912178 6695303 2806614 4082192 291227 6832459 4721932 7331281 6234451 5639639 3684569 587823 4391484 9681986 3380741 8166727 4574835 8458573 1370750 7347864 7413643 2304857 5293225 744213 5206427 9532814 9202819 8261800 8742084 4589127 9226340 241827 431592 8504248 1824256 6828180 6668383 9403479 8724442 3573098 4642333 598377 4412115 3990703 8472435 7496255 160527 
6938315 6181849 8013819 8131693 4850459 3866231 547036 2244468 2890577 353584 2961278 5864470 7245846 7222181 9833179 7531680 627255 8416150 3994684 4800240 9599505 1954919 4404724 8774852 1823504 1545305 7500157 1866615 6315474 4061341 106564 3238079 5026137 5898858 7007302 378637 6302480 6545921 4356655 7230696 7780349 6229123 6245754 6244949 8922569 2673520 9714696 1758552 9122219 1057246 4506735 1504664 8919688 7259318 9147439 857194 8766815 4549126 2896040 505895 8833502 5595114 
8624715 4092442 6872493 4928972 7382823 3984463 8227531 5622438 1624054 8304292 2713107 1820277 9253910 3669825 1705288 2392653 4783283 8682056 2072010 613142 6790965 2690486 7445381 4302150 8048254 7430288 4139508 480211 9707861 783425 4863132 7809556 3439741 4673614 9582701 4496366 4096586 8986083 7954845 5032381 5355398 8776905 3728705 4045729 9662824 3530289 7774407 4658379 7404131 1627975 3128056 97435 8840086 2617884 4033982 4963598 8145653 783723 3519299 7436869 7632485 4305163 
3790541 1031802 1087817 336456 7274193 2848223 5953314 4916945 3081706 9291157 5200781 1440941 6510703 1122025 7787246 8985506 1054798 3629085 7164926 5718728 9729207 2883545 4831956 7805789 7319278 7844305 302795 8433662 8171856 2469195 8326102 4830277 1586841 3677100 2479614 6372273 5965473 4714646 6546483 7633429 7824707 6942892 8279972 9263221 2409530 4065773 2197402 7434247 2545560 3723544 1814103 9081640 6774232 7334092 3824461 31047 1877009 3130599 4918708 5268381 1218623 5291762 
4800356 8776818 4712141 4434921 2246144 7364917 6014568 5480851 8693480 7031794 9937235 1534429 9387222 9765581 8800543 8490029 206432 848451 8773126 8750754 8528431 5171643 1465368 3550989 3825042 4385335 6915698 9340635 4883823 6136459 9702977 2994327 7648720 2647239 4378025 222103 9890821 1622413 3515359 7923842 549526 8891011 717331 4178624 5597770 7994826 1031264 5971027 5715005 3507956 6755505 3658135 4891117 7906200 1765275 1414234 3331211 103763 648837 8949140 8246197 6182951 
5680314 9766387 2709686 1311226 4304355 2021892 1226021 5745947 8720635 9012331 9675606 1663967 1137501 5463206 2021457 7502043 9782141 8488395 9987023 4614659 3003793 1225814 9429453 5116953 7921906 3836610 8064035 5113315 9198146 3132189 3787309 7195274 1436953 8254446 7304764 4735634 2586265 914409 4121527 4397754 2161052 8466338 6247036 5745554 3837497 8583507 4050804 45832 9237812 8337633 3165650 7024249 9953550 549013 6643470 1841740 5815975 7813759 9064700 3564036 7211449 4521048 
6984916 9258544 8049431 6804103 8891028 1421878 5847825 2466397 4975410 573457 9314717 1010165 5983126 7865900 8991789 982542 5761198 6892866 5140386 4497310 1070822 5326840 4783118 1994132 8141195 617467 6222404 4832594 1088639 2350253 8501554 5532451 5694570 1860980 1334750 625987 7312631 6206861 4485663 6990673 3564706 4314118 6328545 337098 4403283 8313614 2455917 2637681 3408491 5687935 3971768 8885320 7942854 2812940 2624603 7587665 7218312 5037012 5695863 89670 364304 1640657 
1019290 1881846 6406646 9603074 2823331 3715593 8722970 3467471 6211260 5183197 3994088 2372829 9183916 1517032 6648734 5173056 1648037 6572643 1604497 4661647 767928 7841322 1079632 441627 9492275 8486409 2654226 6092368 9369006 3034042 7564269 4409141 1826527 4415904 9267899 3828073 9420229 764715 1666462 6103900 1004446 9131440 4318746 8528366 9940305 3244734 9657078 6187314 6920423 7581525 6107662 4969483 2199235 5222317 7535656 9646594 1345741 9736201 4708916 2838324 3327413 6715920 
1223554 1611907 3102511 1278865 1660182 5820641 4333162 2984128 7692365 8960785 7507698 6830753 7342383 1116932 6095452 6660589 4482060 7495773 847456 2097118 2044060 8705541 116710 4145518 400956 1329846 7362943 3946555 1230784 6213455 9067657 9389349 4080369 8002217 4823591 5673074 7664354 1432768 1177535 4398637 2741664 591550 8306222 9913506 1937590 9950261 1678575 2793517 1837518 8369909 6182773 4497826 1865466 6989757 5723575 3795795 5711319 751333 4660863 2058892 7184868 2121123 
9624866 4035518 2763367 847916 4489857 5233152 6134479 2169741 6846231 7705783 6961940 90120 8124951 4361198 1168875 7039158 914566 9979325 1429325 955816 9999708 5039171 9394978 5882700 9985795 2098674 1450346 8153007 7113739 3463381 1891941 1221528 4369061 7640381 2285551 1532342 8691023 8212518 7738016 7097507 409293 3946969 3747171 6478703 6263843 7670385 9596670 2336961 4989192 9182275 7606479 3735611 2709604 6577748 1384150 2378633 5826970 8256105 9501675 8919247 4788938 6801583 
8563597 3133518 9675552 2990037 414317 5728645 8882541 5499780 6100891 2569947 5930160 9768985 9753360 7907737 164152 5725642 5021740 9899666 5788239 5123897 713329 5757061 4183759 715160 6273650 9755083 178703 5151284 6124090 2124432 9894782 6147307 1768980 8598970 8641836 142251 4462594 7879029 8279051 271332 3548087 6416494 3946126 1748249 3501316 2213610 3707646 7711914 1866033 7994190 8045344 7693091 437244 7762718 3396412 9693438 891450 2026626 5000589 8979543 479898 5771705 
4368722 4517361 6027773 7480096 4088265 7199832 4990659 6525106 5291995 7627043 3595436 6320711 3341569 1260734 5832129 2611764 8724406 3879448 2921674 3971283 6628847 7315940 9328504 9581430 4480283 5776121 3281877 6977618 6301030 4647499 3090015 9010878 2121406 4095754 5569845 5187806 310331 1965102 3773265 4024182 5571953 7066103 8894260 6896248 1562377 4435559 2838484 7114606 1342456 6951766 3240525 8389747 9570696 6631915 856294 6728304 3166308 5399933 883317 8329137 4801309 5151224 
9694170 875359 8348191 5574903 265437 4712799 9822972 5014563 337641 7566180 8890500 3835845 9069660 7548513 3261635 4307296 3083334 2902215 3091532 7476045 4298625 4410812 4381655 4093797 270670 4983301 80296 4887270 2552665 302353 4625959 9113246 9896649 8705107 661903 2363762 8432215 3015995 6897913 6975667 8680312 5951679 414500 9383548 7951264 1520612 3824244 5448693 2908050 5563478 4494812 1217623 2403986 8040350 9019403 9009135 3389259 5156752 1148483 9410317 6586757 3569624 
781448 3012440 1262603 1292500 3371571 9954308 1374661 8750022 4541812 3409005 6382989 8542418 5979224 5398908 8172547 5401887 1734803 5907005 7634397 6400903 9439619 3900525 4416572 8596778 5004897 1122956 7688000 7563887 4660029 2694549 8124123 650506 5175165 4686505 3923367 2396717 8010804 4728344 2240489 3811214 1616499 8973599 5775771 6881720 1721959 5130928 9392309 6170350 6507798 303893 4365602 944988 6562493 4031185 8588828 1467192 3251013 7354409 9190248 2125009 5849347 6379712 
7676227 5576827 3078180 4374159 1112202 1094109 8238144 8843082 8348609 4368861 3667452 7666722 7805003 8297464 3764560 4319 6094582 6592393 839758 3546829 5884208 6276553 2571757 6540465 4136288 1794887 2808121 322579 4663380 5976244 3294853 7557116 8064943 2082459 5354477 6822381 7262178 5785329 6151439 3503600 7019920 9229238 1839936 2639485 9598716 3459904 1658350 5122858 2320218 9679875 3665691 9089436 353967 4659432 4615852 149899 528415 1716534 5761360 4244417 3062455 9936687 
729914 6188592 6610552 291805 2464141 6658896 6359102 2153684 2220464 2595730 2770757 5657059 6319077 8028148 924630 4051160 2591274 5595907 9355433 6514593 4421932 1768850 8209738 223059 7588201 564795 3352578 8943630 9057737 6636389 2617598 6598822 6077355 3085861 4129661 4313373 9706928 4484906 7903430 7209590 3442452 5365999 8498256 2377820 6904731 3227238 5046612 2264765 2120239 4990544 5451659 422503 8047482 6758658 2594965 1933023 5802811 3887381 2061083 6225946 5303925 1530642 
8976661 4962554 9440222 6070225 2138619 5731354 4117690 5894183 8931676 525100 9283256 8757418 5889671 1157010 2396348 5100864 2226091 6858673 2530686 2202956 5541542 3448613 1805226 4701693 3870713 5058382 4701300 9022095 5895700 8252087 6285785 1784283 8384905 861033 8147636 7477332 566416 8853273 7626625 1383346 5689505 4933157 6909161 8804122 5146590 7380567 7950986 2068277 2899416 7591942 1801391 5841998 8493574 5880878 7671669 5583689 6985056 5517545 2988397 1174717 8037035 9690297 
6110486 9335303 9231993 1587456 175863 1004029 9002288 5094007 9705680 2557447 8971850 1998521 9344470 1610002 262821 4212103 1580069 5238598 3394581 6951609 8458055 3783650 3733608 431350 3179613 7449014 1096565 5515083 7177621 3892867 6651266 9536844 782342 6087726 9829782 3413220 2730235 8204524 8792226 8310959 3018152 9023564 9064504 1607616 8601294 249744 4231193 3045180 9473850 9118503 8446243 1425311 3230939 5376091 4476733 6328528 26968 8982788 2735987 4702582 4199788 197105 
6787132 6679551 3030149 4849152 1744704 3939311 8127388 5574212 8917773 5589622 2823259 9642020 5131284 63535 4576982 4011221 6567401 9417807 7114078 6168792 3787728 9403159 5383991 2652160 7287083 5190170 6198757 5550612 8343486 241501 3404132 7384990 7103468 7775083 1650747 4454296 3219512 3049583 5811464 8404349 5684168 8625962 3710711 4987786 2966511 6546599 4036549 3143747 4061165 8247877 3250514 3287163 786999 205571 3986466 4132063 7533279 7285492 8406703 1856564 681383 6873086 
9344728 5259589 1107740 2891752 8033251 5434222 3282995 9890376 2598436 315777 3398752 264594 725891 1158653 8521257 1078791 4879735 4564284 1105796 579569 273091 2105489 6832961 9857392 9142985 1171118 8636182 9510984 9569476 7619145 9818875 7130698 4750094 8418126 8616817 8591917 745664 4257956 650518 1978434 112236 5348139 9009904 6343365 3254383 2207134 8895310 6701992 9343669 1812638 1456855 7107840 6163508 1210263 9454591 754666 8954640 9963409 244552 1960344 5132288 8370745 
5372084 6988099 6980482 8439689 5677020 7670540 556006 5962803 5024769 5056906 1763134 4162741 423027 5036127 2543323 3582337 9223519 600531 9272565 3665437 817582 9622773 5008208 9557912 3903251 2474836 7721809 9434058 1144613 1526971 5808618 3294632 5513403 9213128 6287926 3815977 5605894 297524 4120178 2780357 3271151 2542369 7572295 5631653 9752482 1513053 5853392 8299038 5292129 3001594 9559009 5393091 1580092 3724564 5309743 5173037 9698694 6638895 2845054 5886215 2675855 4190369 
5658317 9449514 5328183 135530 3038975 6991876 2776250 1937836 755945 4296427 285784 94961 5059078 7333311 9406391 4887937 5474984 8026801 5366295 348929 318598 7731806 5334650 7590803 8327586 6228472 1138476 9649251 8494351 2732571 2199837 3019803 609700 5847295 1086077 228230 7967372 3714862 2835179 5958883 7006277 7853985 7099197 3346437 8799587 1737229 944014 4981222 6599068 5645213 6022012 8039808 1950147 9102723 1731072 252916 2430539 5426720 5116621 7588318 3549842 1067252 
810655 6824065 6776116 3393576 2037955 5384665 1189449 6382258 2587827 6900658 1258436 4636336 3859080 989801 8347700 921103 2403292 3552136 9584166 3270399 3167759 5435293 9075876 7739874 2564287 7184510 27192 5293129 9590632 2472350 5507333 519089 9096372 8369698 7788665 64562 9379050 2990398 5277277 7187136 1584969 8263095 5279182 9595480 6759742 1040304 8326797 1893941 7132649 2555939 443402 3651542 1335936 1364568 1307307 9633306 7672582 3960447 2443671 3174972 9963931 6850856 
3875919 9675624 9975547 9438600 7968910 2607533 5585932 3114207 3264151 900765 2424952 1071256 7624106 9297795 2795881 2662893 6558382 7840281 9624624 811872 7914571 7860752 3437461 7535343 4102414 8068401 8319466 6967620 8231869 651350 5432014 1267907 3170151 4832873 1902868 8596814 5004325 7780179 9278995 170284 7218255 536077 9281361 3853153 732228 8674039 881758 6217334 2767568 5863538 8743629 4919028 7251721 8094490 2135770 9818263 5415296 7275728 7359255 5894729 3353998 6552047 
6256174 6334378 5882893 4272326 8899198 1463739 8412191 8245134 90866 2600066 1482965 2874897 866244 9924924 5972822 1158207 4856508 618531 2773648 328448 1157876 2294339 9502032 6908881 355300 1475917 7029295 3205520 2934190 1016191 2073768 4412336 1872449 2573937 1883618 8663602 6711192 3837739 9451958 4575571 5823278 6761181 4335271 8851192 8261406 1654847 7884649 6817663 6929172 1919610 3677303 6340822 5430138 8111433 6741846 9203819 4420129 7785582 3203610 8745645 7557096 3395074 
659611 2023865 130834 4718828 3560940 2364871 4118642 733714 2219076 8667913 3090349 4389605 37651 9635345 5694242 3857651 4590283 3758059 9528390 4471291 708344 4652910 3642996 1606371 290443 1840088 1202720 7071160 3503432 6034800 6609795 2989230 6365827 5205719 3249642 7002351 6674629 1474806 7592435 8870325 6661362 4387187 9819418 2361977 7152120 4222837 2578672 6043020 3871438 5639005 8341190 2778346 4913384 5977509 2676826 8149102 5374823 7566855 3727935 33169 1922654 3043128 
7265907 1600704 1313401 9810211 9209827 949410 9253686 6302791 2340728 3785804 1203455 47420 7741110 9814725 1413010 5146928 9563794 6515312 4467827 8769823 9495040 7386055 6030814 6380308 1900736 3042234 1235541 1146434 3939038 926852 5168452 6595872 8055322 2487519 7814461 3628598 1561711 1185483 6235026 944674 2282160 9731395 5351995 8081435 1873581 9401265 9680367 8771833 9627867 1934051 1540784 1551168 7420952 5137291 8635351 5404963 9219026 9214369 5337595 4365435 8440509 3651596 
8149416 1069257 2905948 535551 2749277 3381154 833439 6324623 5393542 7672523 5624199 2420241 9989426 1230659 8112118 9179047 9536779 4029867 2613678 3357992 259851 7903282 2211186 7030219 2085541 6198370 7150946 2034211 2067786 3888625 1971496 6247009 6462116 5984234 2489783 287372 3010804 564104 8277267 5682522 3747096 9975600 6149446 264136 7866734 1938481 2954706 8789934 2592881 7510766 3594872 2420901 7171841 9985081 4191695 2143048 8649744 5857039 6352316 6170831 2564162 2115722 
615686 8130695 193493 7595416 171673 4702168 9617616 8181795 6497756 7466859 1108825 3213277 8675107 8589079 2941472 4272592 9253737 6945290 2964179 2702781 6475601 7040189 109121 8025282 2519465 4023550 6893507 9880531 9603484 6279177 4737805 1206316 9041715 2990802 3207826 9695854 4414040 4320163 8641861 6337308 127293 354580 5092738 6413182 2219785 3363651 8237428 8701726 3049185 9867876 4937509 5203270 9930223 6684120 7394341 5133794 9853237 2186618 5995195 4995569 3777119 904362 
1853837 2597925 7991785 5595401 1830370 6951414 5493090 7407470 7604732 8954499 5381756 6484532 4262531 7961851 4516335 1402174 7928739 4170011 2855546 4791469 6385125 1911806 5244169 2214204 7597580 4689069 9154196 9389658 2317348 4751798 6448936 9359793 7999125 4426573 8660567 1434409 2951054 7605108 9033252 755981 4638916 3293260 9984519 7145111 9075805 7593649 6742709 2619283 1113314 6911272 8897782 9929343 8402344 8923891 9542852 6711676 5817470 7526968 2539523 5719038 5479271 1065351 
