22 12
81 66 57 87 42 64 79 64 82 27 54 20 
67 56 45 87 57 97 13 47 31 9 17 75 
71 52 53 0 83 27 17 87 46 55 15 36 
99 6 92 14 21 47 34 68 30 1 38 39 
49 98 86 94 48 20 34 7 64 97 55 2 
48 64 52 22 2 35 39 20 80 35 42 96 
93 29 38 44 57 36 4 39 78 49 91 21 
28 64 95 39 76 87 50 87 42 2 85 21 
99 65 85 73 56 98 99 83 97 81 75 30 
95 46 46 70 48 50 30 60 73 54 37 19 
53 52 17 78 93 81 27 17 86 84 38 10 
5 42 9 5 24 96 89 86 40 48 70 86 
38 72 83 45 62 90 34 62 1 65 70 61 
10 43 12 33 98 22 30 90 90 66 41 19 
18 12 94 96 23 75 56 59 27 87 51 43 
99 13 44 40 28 91 53 26 39 77 23 79 
38 33 76 69 15 49 22 35 70 85 50 44 
99 99 69 46 11 89 87 39 57 80 52 21 
44 10 55 21 69 71 79 79 33 85 61 74 
13 51 95 17 87 30 51 17 27 35 15 44 
13 1 59 4 94 80 50 68 52 74 27 24 
74 60 43 74 93 9 95 33 4 26 63 2 
