33 33
689385380 222419484 270340061 502683042 318695971 28092245 515792587 575766094 700778799 535959799 678799699 894785852 900027118 65828451 305022206 882967798 574253707 388811954 229100679 714858046 310241670 161174275 825744236 801165487 299673119 886535929 176855029 196198819 856247993 223920799 579351122 685434819 985858056 
973514397 175854224 365883414 83743619 913069323 587291409 137115641 675299179 217366423 133404937 971561065 843637472 800809607 943731059 526370373 382856259 395544708 468775212 729004222 131086812 233773544 496179270 785938209 961586982 219975713 764000660 966997986 679797482 756926011 780390338 751194987 801687334 909109341 
163583403 226864454 687942462 12794439 294674035 972435914 182261659 187026020 494304954 48550768 630868056 828588065 89803741 392345148 621813884 133429032 195754952 336891564 952554654 3650742 714068326 125296424 393978470 599838955 428759165 580918118 733744294 966559749 41200074 690269744 906139417 168488441 768475417 
562571346 647362106 534094779 306414531 148154960 689509732 902557664 305429709 901085413 34354999 242152193 936295134 496677479 388388270 295811455 935286972 45822582 708879747 540179992 230901362 6486498 717179006 164265228 516170990 806757256 681925760 358073262 927982491 381921116 915024328 188935605 200123299 609890415 
47941045 326605172 313597209 896944153 675033819 353672275 153124429 642646175 368078215 769068270 541371591 812792851 325465206 585640083 520704897 78173758 634316706 909086510 541402310 18523264 88630270 780374268 496824226 513172773 495785297 169236760 173080501 287488139 548712600 951201583 787695135 340639403 95186057 
714965459 237665245 975846343 452685441 723122501 104958869 440177300 830375879 41881642 343331043 975945191 760756543 318278958 990201882 102432574 242758256 681363289 981823017 875494445 260414761 513285652 177744737 947778506 165107722 310611556 323111642 807214898 707092185 779009191 151022592 818478606 917217626 66597600 
724701197 574249295 672547999 61647795 248365832 414134186 220979622 456554788 335520279 210533390 915836637 891894725 656623917 604341607 128087767 324421991 174694701 873948887 723550354 489467872 33922410 525425070 932060167 518831720 87808190 193891601 191097389 484040555 626651754 520405336 150817276 990281387 90950464 
556275653 406553261 781180516 11288127 477603763 292351507 9306454 128156710 347356733 177332321 664832219 572786818 547385299 40462026 590255268 704115767 394400868 960550802 944289490 375066565 970779110 699664374 17060316 129227391 596416043 315844763 600176253 516467726 536422917 500580615 367172399 266192031 854692192 
484166609 472296935 229996946 357990753 649601432 972557308 473865170 595883977 173816180 876158038 185096369 898660082 497528041 798574487 661602032 292766712 997094525 397432900 807430902 352100365 901541524 919249098 473547393 5051681 376474749 495148554 306489147 685616448 108811494 86042956 284971507 211456347 427645454 
726928815 458418802 142710914 762842961 131972524 931755905 527490053 303041951 460246532 714725441 802353388 791554056 156107083 580685314 543303515 673946583 350854097 701932224 448278378 484782545 774395440 19600014 643665922 50203880 362776989 637717479 833350082 64916181 603270456 200710383 628160123 15449829 86052144 
612499897 752236400 652299640 958644339 637170546 467541710 691494512 171856156 766992016 77413199 470135055 261641760 620187597 872870446 740107415 364333778 753229871 88268344 57973008 138532189 342282352 917995169 21448817 27986158 15174032 796859122 631317664 798712450 637852168 367034578 914217124 669428123 858649325 
494908101 219435765 486483004 657777300 149452203 309969872 739063004 2000444 97428398 797467926 119543527 678182184 275809760 441856932 433312815 924367660 13546765 74936984 860312676 567043682 614887134 689001647 98570371 914641888 821743265 592825613 648944603 408916634 566390081 553454692 567517226 145686772 870453526 
241030785 799773000 192064017 973799946 361758659 387659165 414103190 796480269 445826152 818882633 202331014 165437433 713991962 426213138 50421695 617887854 30951450 330156183 878647530 520852707 326439405 256811808 768872241 296776390 375867358 28614422 742929321 322364559 530587603 394100987 768300194 201253482 3586407 
448720485 945792257 768779309 978114700 850972044 686376279 978320663 71856651 342606633 202304179 472280634 291267872 230467323 647389392 31707834 408877583 727100354 390546515 118577596 148719472 294943267 594608063 659672198 248311526 961637899 185717093 707949808 561483631 117464082 386153453 549866907 653055105 560765700 
512820919 516781989 848559840 831687991 954224345 227932465 629520706 364595743 130924328 537189359 517477652 469982321 446684903 544231832 832544943 592406486 103053849 714011815 278078546 784808543 557034135 614741546 331644687 732259923 413054767 973498364 191370442 844526060 249734740 131180259 737664656 881722150 461402436 
462447271 946002596 940110857 612693621 978641699 932636801 563926162 291507745 283853956 209321524 561980718 110277611 105690543 579853603 182002142 698512657 836265864 312089105 115229429 150070960 513418760 135877314 332701320 613766898 38150162 301194530 661493412 319205368 327905853 737306445 574900446 717102837 16289845 
407739026 565822838 622753072 623004503 873268589 536029432 368808750 297773791 805280072 150921540 935777548 693445500 875186293 337457064 140339921 978369422 206471792 460529414 459416175 785036776 753040133 300697716 114240833 315079212 846340725 502547864 35144605 618463407 560350072 862745977 632469409 862982348 674586870 
154132168 621099839 525288968 109570624 436282629 696289272 631005583 11307724 940352240 621575048 304255739 269168327 529849714 183518680 706178160 595752359 628663486 169409283 976932220 826743246 735812733 668070408 634890998 322027606 632043399 229278658 341087555 370570087 253560696 50590881 380613944 135702170 96006674 
42039774 864286876 44853194 338259399 572633601 852054967 428915994 569510954 496800126 858622337 92025721 501724397 497087706 350840288 40967842 810013248 960680 553899676 768292818 970869266 88046332 886848098 52338835 969941507 11643405 250291553 429933926 627484268 845537911 197279368 496773431 80078762 156182443 
530333722 893087895 5237029 895845532 180890058 585204287 545402430 956584801 242020041 559552106 877589264 923290931 215570672 689351489 558915022 728421750 485877071 467403733 924670804 253941995 219805787 646181089 698644898 626453008 496954492 744567916 217231030 752362523 271593892 605027571 412389363 480329577 545822333 
763072394 144895366 269148306 763042048 548698192 241915160 30085529 933191398 266338548 744747290 637627524 877695797 634874806 646823990 520622790 554390511 206392435 853445576 814905076 809696408 105396392 695941258 377817843 789473902 467421515 732531431 121458986 670829183 294665455 944681175 516293674 742372250 837355604 
923040451 514221039 29948283 486297961 488268617 453705484 955803035 209035957 368929341 401287604 924327455 39616763 636874469 959704561 485182781 50560655 548518060 360684855 396746004 258022723 820126052 249902447 314954012 540606128 94926924 615193493 195224250 851958210 592637716 769441787 301010861 534825683 825064192 
105860621 71309429 83758844 901946888 76306685 779848003 247000207 258192030 744190783 743556053 457829053 762928728 436140757 641471509 973700785 897100057 595959129 889539077 73013474 969517473 208283647 827204956 576530034 22259983 58612179 342537923 68360124 98358317 818079811 740659887 340912369 139778111 548499700 
832774100 485244887 268823138 169854173 793270 358272843 20239278 199461852 677735993 357251021 79609976 219874079 713718009 955813703 739427685 115803638 171660249 797932622 362306562 411454674 493978774 628034081 460002740 707881018 871551170 261231441 891593870 859719929 504671063 672109954 106821085 623107929 225420801 
396839471 624765844 966691261 459128750 508409858 730087793 379325908 301494072 180922628 51377109 683650797 674461490 418338824 897212402 359414317 510491756 778918993 185244729 811129230 792201300 580692359 899067606 275773787 774697232 291921233 119616934 480310819 552399147 897800692 726751425 76394951 769230178 769950040 
771747203 338185708 800433322 233669356 229058719 236027222 659932831 952322411 269459381 533415466 557009370 835979677 226526663 369329535 686880801 975542907 455576555 928474352 966543368 97540379 574916301 287362308 439034779 480813057 147027514 130815803 128222482 856867176 894872679 431362785 860904734 276793236 732701197 
970764758 216119939 846628915 284908849 466008293 433461346 56826006 211075823 165253051 346069844 314838306 426898645 776331184 825515087 514445494 87540420 206600860 714230725 400094019 384237253 681910475 716871915 122464421 50809222 86891772 130630997 279145531 940702150 609903236 961926889 765927515 60450582 582570477 
368996592 449355807 39536017 948332657 582240309 556246985 668096743 730670287 834590765 873701654 841916068 661604718 491489292 7409433 581272472 746053477 776937356 946673219 644392319 432395126 611074010 776796722 996122556 188813929 30934427 875204544 557627488 848590817 15684643 964595934 603259016 806572036 331634045 
842917120 219578949 82486984 279940893 892080511 128524483 688468272 143935287 49367379 630137388 567600397 281568344 321245258 898145198 334599361 89833218 60690796 744477946 725723747 723660796 263157280 405792309 585813485 766134525 669796225 836639252 905536961 39901761 747354188 192680897 351458411 443809282 646931833 
256375620 415863394 869463920 357163779 974169193 128608287 816530827 962556365 258566665 321399915 679334967 800567174 799031815 981553313 472319162 903291987 487224684 669553302 467066005 458115656 503808797 266910874 374372912 717124780 700307292 756099912 78149604 248203148 567867246 711835515 741331053 152906915 203134737 
887638203 195627080 836374047 343820659 244725190 29005215 242995623 959910726 75474840 219722851 929347130 785567654 152861358 390240616 57511960 842681018 144743321 918507945 672128603 353433145 610574771 395428971 844544187 916105311 197823047 163339846 88901287 779192444 191336379 979039794 776982790 873137699 737675809 
180678088 287068946 492949497 895848968 868880423 417960562 760226781 683535221 667107197 247175244 801721494 961265208 226750493 592068714 585373666 619755460 326163332 892700810 132710288 676800061 829204123 368644017 432100164 860361924 758356504 581614320 842185915 650418150 984818047 607885212 255146283 265306782 313350358 
637255751 818034188 294109728 824792061 348179191 67862463 39697677 954184047 456124012 906613279 766525667 155040746 715444961 329486580 59203019 760359358 962816862 654382893 438999549 275508471 777225725 430558315 97560487 277717971 336026315 544460964 847026231 171403940 869142792 705914408 485279481 124504966 121972976 
