62 72
3 80 28 38 86 43 23 24 25 17 80 70 73 46 59 87 12 32 56 34 47 14 79 66 46 36 43 96 31 30 38 78 12 72 83 43 11 95 80 2 67 15 95 15 26 91 18 3 54 77 55 34 62 87 11 91 75 19 21 33 57 20 95 47 86 74 72 77 47 16 62 10 
92 6 17 26 16 99 75 47 88 62 65 89 9 9 76 25 34 88 80 60 43 92 80 72 31 10 79 37 81 94 4 75 72 77 3 48 3 24 92 61 91 28 71 84 21 16 94 34 38 85 25 46 21 55 89 5 91 79 74 47 74 48 59 27 96 32 7 42 28 84 65 82 
8 95 9 56 68 18 61 77 1 78 56 81 39 45 16 2 57 20 15 92 79 57 32 58 67 81 17 48 69 21 87 59 49 67 38 97 42 55 32 19 1 3 93 86 21 61 19 96 13 53 75 3 43 0 95 28 28 37 73 54 72 84 59 10 46 28 89 30 40 99 73 20 
16 51 44 84 43 31 10 88 86 97 66 97 13 39 1 41 98 95 60 9 50 97 2 9 51 70 74 25 64 42 59 17 25 4 37 30 60 71 8 88 92 47 17 52 12 1 81 61 78 28 67 14 35 88 11 28 78 59 87 44 78 65 97 26 62 61 58 21 67 40 50 88 
8 94 85 27 24 79 39 64 46 42 37 3 89 93 32 11 10 3 64 24 59 87 5 65 25 70 86 23 61 7 45 74 32 66 71 22 2 6 96 43 18 83 75 54 71 97 65 82 22 97 10 28 48 55 15 28 46 7 5 33 32 55 0 29 4 45 53 62 75 71 44 57 
31 19 74 99 49 12 98 59 72 60 1 57 91 5 82 39 17 62 45 85 19 67 34 98 48 10 84 52 50 4 37 50 85 83 1 11 46 78 14 41 70 56 97 42 33 6 99 37 9 45 0 13 88 24 8 60 43 21 79 41 91 16 66 23 87 45 43 26 89 60 9 82 
90 89 84 9 5 24 94 70 55 7 73 50 32 66 27 36 51 56 58 57 63 62 95 61 29 55 19 83 97 12 99 48 87 46 59 34 7 43 36 97 68 48 31 94 66 4 42 30 24 21 39 16 61 25 17 12 60 58 81 48 74 80 32 67 64 49 66 11 61 82 25 5 
37 44 76 3 40 31 90 6 96 69 73 56 55 45 52 29 60 26 13 78 17 10 88 68 41 28 24 36 35 56 95 18 3 94 80 38 58 60 17 72 11 37 85 94 10 28 62 79 40 89 94 40 4 86 38 39 22 64 48 68 55 60 23 12 14 30 41 54 16 4 47 74 
74 2 29 50 42 67 92 8 64 37 76 84 7 17 80 39 25 59 29 38 4 92 13 23 15 96 37 75 69 47 74 68 1 3 42 69 14 31 96 23 0 55 98 53 42 99 99 5 42 80 44 75 81 76 31 23 40 5 1 48 24 7 16 68 12 7 32 25 29 2 31 53 
99 75 33 92 91 56 51 93 20 81 43 87 12 47 35 26 4 53 58 79 2 5 24 79 11 0 37 50 30 16 2 22 37 3 45 98 45 71 82 92 95 89 49 85 34 89 16 10 89 97 53 43 84 50 27 42 90 48 17 61 8 67 82 98 74 64 51 7 79 13 4 76 
69 26 31 67 36 52 49 29 16 48 7 49 64 87 76 45 73 32 77 8 18 38 42 93 90 40 74 27 59 57 34 62 15 23 34 49 80 52 20 78 82 55 24 51 88 4 57 43 76 63 33 49 18 90 64 76 12 40 79 40 20 93 36 51 69 41 29 82 7 6 42 80 
14 17 57 6 85 10 55 23 15 83 38 58 27 86 32 39 79 92 45 54 35 3 82 0 52 29 58 6 41 57 2 85 22 20 71 5 42 41 70 22 34 51 67 86 28 86 1 32 62 50 22 20 53 48 96 73 49 92 48 22 36 91 3 56 99 4 42 84 12 64 31 60 
83 7 25 76 31 77 8 38 51 25 59 0 79 18 37 92 77 29 42 44 7 62 30 52 91 29 23 67 12 16 52 89 55 9 68 47 75 19 58 28 93 87 43 23 77 84 47 73 12 31 3 33 0 89 41 23 22 68 75 51 68 21 27 37 61 48 41 63 10 0 35 21 
96 97 5 28 4 22 63 81 34 3 2 26 82 59 59 27 73 92 87 5 51 96 13 38 52 96 37 21 32 84 30 12 17 53 65 69 35 44 45 62 78 93 70 37 14 76 65 74 62 67 61 60 17 67 54 15 59 31 79 55 51 99 98 56 60 88 28 25 98 80 97 84 
64 93 30 74 61 20 9 42 15 80 82 17 18 97 93 54 60 16 47 66 77 45 95 17 60 12 47 87 80 51 30 93 19 64 8 71 56 76 82 97 13 52 4 80 42 37 8 43 31 77 8 52 57 30 45 19 56 29 28 49 89 66 28 70 97 69 23 60 34 64 82 67 
77 75 24 63 60 97 55 75 54 4 47 53 82 37 87 91 51 42 26 53 43 93 58 28 58 24 62 74 4 29 93 65 53 6 86 44 8 31 10 12 79 21 40 96 26 57 49 62 90 73 81 31 12 48 88 83 66 48 20 58 93 98 28 32 75 22 71 50 46 59 85 7 
87 47 39 95 32 73 79 41 7 88 1 35 33 20 93 76 9 44 78 17 59 10 35 92 89 74 88 30 56 83 48 9 35 42 25 46 82 70 0 16 43 61 61 71 52 11 59 42 21 33 2 80 25 54 74 16 97 4 98 22 45 50 8 59 53 91 13 41 3 25 98 71 
2 57 12 59 98 99 28 57 37 92 43 1 17 29 83 1 91 83 31 54 72 37 71 58 95 8 91 59 73 40 97 79 77 81 26 5 62 6 77 84 25 78 96 18 61 70 60 61 95 87 73 45 69 20 86 26 35 93 71 26 70 56 60 94 85 68 70 62 62 60 73 33 
20 65 88 30 98 73 90 96 58 89 30 12 81 67 5 20 75 19 90 11 3 74 23 64 85 96 72 68 43 10 60 39 54 64 72 40 66 14 15 92 63 57 36 43 15 15 84 81 13 31 81 38 81 20 39 37 53 81 37 35 37 75 88 1 62 92 45 21 51 15 12 42 
72 81 12 68 93 23 85 47 63 83 72 6 90 42 19 0 20 26 10 6 69 26 74 46 89 30 78 2 83 64 63 4 4 49 20 43 19 57 3 74 54 55 68 81 33 2 33 1 63 87 53 88 81 41 77 1 15 69 54 13 49 37 82 87 2 63 36 33 5 69 48 64 
45 27 9 64 35 17 22 15 51 38 74 24 2 81 75 47 79 98 20 11 21 11 17 99 18 54 75 69 98 16 56 74 24 25 22 38 87 97 54 9 98 49 51 69 49 30 38 95 21 4 10 63 41 62 11 42 41 93 60 39 79 22 7 68 77 66 95 11 83 22 36 97 
62 0 74 32 20 26 60 48 97 80 34 8 15 34 93 29 72 24 23 53 48 50 81 38 28 63 64 69 97 10 21 73 75 50 32 62 67 97 66 57 68 64 60 57 60 22 24 70 43 8 63 89 1 59 66 68 49 37 53 7 45 77 50 7 89 39 87 80 91 42 49 88 
64 6 93 86 82 77 73 37 82 56 58 52 93 79 18 3 42 43 91 48 63 35 88 96 96 58 72 28 55 40 44 59 43 32 2 62 13 80 67 42 56 69 50 13 47 44 22 47 7 68 11 4 70 32 73 74 10 52 57 72 21 45 35 16 68 34 31 68 17 24 6 0 
79 35 26 7 4 49 28 11 92 8 9 67 18 84 70 96 43 2 9 43 89 91 18 94 52 47 75 51 25 11 80 27 32 13 97 72 14 51 48 29 82 91 9 19 48 12 61 48 59 82 35 8 16 93 37 84 33 48 21 64 67 25 28 18 63 21 14 26 71 99 28 51 
76 62 50 8 70 17 29 50 81 75 76 28 77 50 54 82 79 10 99 31 99 9 89 23 80 28 76 34 39 3 29 13 9 6 98 29 5 29 53 84 25 19 35 2 90 1 76 45 74 19 18 14 61 71 49 85 69 76 15 30 22 47 27 60 94 14 85 0 40 83 54 96 
16 67 60 79 7 80 90 22 50 83 52 75 74 17 63 88 2 99 67 37 37 32 16 73 49 89 12 2 78 28 38 49 11 55 10 85 1 24 64 7 1 16 80 27 35 59 99 18 80 4 67 47 45 34 90 79 86 64 36 49 25 44 90 19 22 1 6 7 32 34 2 22 
38 7 96 32 23 46 46 27 1 15 49 77 26 97 19 55 99 43 95 53 85 11 18 41 60 61 12 11 65 8 55 71 23 10 55 45 24 13 75 65 44 35 23 67 41 28 64 54 60 59 54 66 50 45 95 29 74 4 41 17 0 84 38 59 17 94 98 53 43 33 86 45 
45 37 77 58 8 6 27 93 5 80 54 17 56 16 31 24 63 23 54 31 14 35 9 37 76 84 47 46 1 47 91 45 73 77 95 80 31 48 0 31 18 21 4 19 4 26 24 98 45 0 16 50 58 15 58 83 54 45 50 79 64 20 79 3 53 60 45 97 37 43 84 27 
62 97 4 4 29 61 78 32 27 58 42 37 86 25 72 30 0 76 90 28 54 37 85 19 6 5 76 28 63 70 87 41 11 64 2 86 60 81 65 41 57 92 37 59 37 62 58 18 23 95 70 12 73 27 8 63 95 51 49 51 0 81 44 85 3 5 82 99 93 24 37 58 
90 5 14 25 20 65 22 41 28 39 83 48 70 12 4 97 31 16 20 33 73 73 38 90 54 44 31 45 35 51 36 53 84 71 32 39 26 9 41 96 49 73 72 24 83 54 15 97 37 22 9 88 31 52 0 80 5 66 87 47 85 99 95 89 77 86 28 56 78 83 30 3 
99 60 22 35 18 65 97 31 38 47 51 1 8 87 66 71 59 27 29 72 15 34 68 87 9 92 52 78 12 60 13 14 59 18 56 11 41 35 94 77 76 62 30 62 95 67 70 35 34 57 43 64 28 50 42 66 39 29 18 11 72 70 99 91 38 89 98 65 10 21 71 60 
65 19 58 86 83 16 18 31 95 31 82 15 26 19 5 22 77 18 36 72 79 8 52 89 4 20 17 92 88 22 96 78 53 91 90 43 94 65 43 72 75 51 71 71 39 17 16 94 94 2 64 78 92 15 77 48 97 37 65 22 43 59 20 3 34 19 52 93 20 36 84 42 
6 62 59 26 20 61 42 76 97 56 72 57 52 88 63 73 18 66 26 82 16 25 22 59 3 30 43 33 50 61 63 39 53 13 49 25 91 27 46 90 25 82 54 21 96 76 46 34 73 20 90 85 33 27 98 31 69 48 56 23 29 47 54 44 45 67 44 33 17 23 59 0 
81 75 81 31 29 30 56 42 66 88 1 40 23 26 62 55 70 99 79 40 51 64 37 79 97 45 14 76 61 5 94 54 60 77 5 91 35 42 67 59 45 60 80 17 10 82 82 34 36 18 49 8 76 7 75 23 90 88 35 50 38 61 1 70 76 65 3 75 91 28 12 33 
42 36 17 2 39 50 32 22 73 22 14 62 31 41 64 35 0 87 54 32 19 87 7 30 19 5 73 17 35 85 53 72 51 19 3 19 61 34 42 71 81 45 65 59 76 81 29 50 38 76 5 81 33 11 91 38 85 64 95 0 61 20 76 49 21 49 83 98 69 56 44 27 
61 45 76 22 39 38 4 72 85 72 33 10 76 16 48 58 51 77 56 47 0 91 21 46 44 83 18 42 57 23 17 83 24 3 98 18 40 49 92 44 98 54 23 83 69 51 84 84 64 71 98 99 64 32 43 93 63 62 4 20 46 76 74 74 25 38 49 60 98 54 16 19 
3 88 89 28 63 32 41 30 55 14 69 75 95 63 76 2 56 57 53 39 41 14 10 36 16 96 22 83 43 48 99 49 46 32 85 39 93 72 41 38 89 11 52 98 47 59 24 33 21 79 48 90 64 38 80 37 22 61 13 30 48 27 84 99 1 6 33 46 12 62 39 49 
86 95 84 91 55 50 77 52 72 78 58 39 5 54 57 85 82 26 83 83 0 21 77 64 70 95 80 72 20 20 99 74 39 45 24 82 46 2 16 96 52 10 44 46 38 36 92 30 8 87 7 84 85 44 29 46 48 38 2 14 91 46 35 35 81 40 92 64 49 58 69 11 
81 55 49 17 69 82 90 26 68 73 49 30 21 16 91 95 52 82 9 32 4 22 13 73 88 18 17 97 48 42 3 26 48 29 85 69 16 64 93 59 48 75 33 95 8 77 34 20 48 50 6 68 26 22 2 65 3 74 14 18 4 91 97 53 11 97 87 6 81 41 14 40 
30 51 15 22 34 17 71 46 17 46 62 35 4 54 79 68 5 84 76 84 68 87 42 17 55 6 24 34 86 67 29 99 38 19 31 96 14 60 36 66 80 59 71 10 93 4 64 59 21 57 42 91 91 79 43 43 39 90 98 43 24 10 78 93 42 62 31 39 50 56 63 24 
93 20 1 11 78 10 22 0 12 68 32 50 31 15 68 75 82 34 1 42 69 95 74 10 77 16 3 86 74 5 73 6 60 38 11 4 20 0 71 0 73 1 44 75 40 2 34 62 93 14 73 29 54 35 3 12 76 20 54 85 12 26 63 68 21 85 51 47 66 47 94 32 
53 25 14 0 95 73 89 40 58 71 31 69 36 74 73 46 14 81 25 94 99 24 15 24 35 72 66 29 71 1 34 98 99 62 22 39 9 18 55 87 51 43 74 97 20 22 78 93 38 2 38 60 51 63 81 83 11 64 72 93 51 69 34 86 79 12 31 95 81 80 80 59 
61 36 94 69 13 16 41 13 77 11 27 87 60 43 22 75 7 62 97 93 39 90 45 34 3 52 40 51 69 30 95 47 98 74 95 62 84 58 38 98 87 52 95 59 47 34 39 60 51 57 46 87 45 72 63 25 79 56 49 88 83 30 71 62 24 30 75 77 49 19 99 51 
38 90 18 61 84 30 63 89 68 99 11 54 6 1 79 22 81 59 91 35 81 40 93 24 28 46 45 33 29 12 67 87 54 82 86 63 43 5 28 17 70 50 5 64 48 5 69 22 67 94 35 82 47 41 9 22 8 38 68 32 75 65 77 8 62 24 39 56 26 35 53 13 
77 65 4 84 49 66 91 83 45 73 62 73 15 45 42 83 54 61 93 77 47 41 48 15 93 67 59 15 23 33 42 67 25 44 64 62 10 16 19 77 33 27 54 67 99 37 28 34 39 99 52 22 15 30 67 86 22 80 18 74 80 94 26 33 22 90 89 84 65 92 92 33 
32 18 83 36 58 58 59 15 29 33 52 25 27 62 95 72 44 99 14 32 97 38 74 53 18 55 17 57 26 4 58 79 15 76 80 88 12 13 81 4 24 78 52 51 53 71 43 30 53 92 81 81 74 40 2 36 44 24 27 23 84 76 91 3 6 40 31 31 3 57 39 64 
60 3 95 14 2 98 52 93 21 7 89 78 49 32 56 48 90 88 98 2 34 46 0 49 3 27 38 27 26 59 55 36 99 90 24 54 57 80 73 94 1 56 82 56 8 86 83 95 49 4 62 28 59 32 27 43 12 97 37 29 96 23 2 7 85 77 98 7 46 4 20 17 
54 87 65 93 90 97 7 24 79 36 93 53 19 43 67 42 32 64 70 38 53 20 18 61 93 63 74 57 62 17 32 45 25 15 50 51 72 66 70 86 6 88 11 27 51 6 88 89 21 29 6 51 52 52 37 12 88 8 75 53 1 85 77 91 70 0 45 85 99 73 70 91 
71 76 12 3 40 30 44 80 97 98 34 6 73 26 5 42 63 81 19 97 4 49 4 76 36 80 58 43 54 34 38 15 11 25 95 77 24 84 68 96 30 70 51 28 26 49 47 80 28 79 78 74 43 59 67 63 1 10 66 16 97 60 7 79 82 31 32 74 6 11 95 47 
83 58 66 79 71 95 66 62 60 16 71 19 40 37 21 61 24 69 15 79 3 31 18 60 12 52 12 59 63 97 78 84 82 41 86 11 67 91 14 63 52 79 88 98 71 96 48 75 74 27 56 9 6 27 48 19 84 58 72 11 62 81 13 43 86 32 35 92 46 73 0 62 
81 86 54 28 73 91 6 58 90 58 4 59 7 50 40 25 42 82 33 94 19 89 95 87 86 75 99 30 95 36 62 89 55 8 72 95 52 29 84 39 52 88 18 40 87 83 33 17 64 77 21 81 28 90 50 36 82 93 98 26 85 59 27 82 56 57 36 54 1 65 62 98 
10 10 89 70 39 51 67 91 2 55 19 2 0 18 41 17 10 14 2 89 88 61 40 31 33 36 1 10 11 58 6 93 6 18 70 23 10 41 68 62 72 14 20 68 39 1 96 21 61 56 23 69 15 3 40 38 57 63 60 45 2 45 65 4 20 76 47 21 4 48 57 58 
77 6 72 75 42 29 82 17 78 40 57 87 19 58 13 7 66 53 53 14 60 25 90 80 58 29 85 24 17 61 85 30 97 29 87 65 22 17 63 45 69 45 48 6 75 34 82 37 97 14 88 68 19 67 77 2 87 58 56 65 85 77 56 74 46 19 78 17 33 46 19 57 
4 79 72 2 9 44 15 32 34 23 74 40 66 70 83 38 58 71 62 28 18 6 45 4 92 77 44 24 18 58 93 35 97 59 71 28 88 8 76 88 51 51 36 22 15 16 13 81 62 24 1 0 49 93 78 66 2 40 78 67 80 60 59 27 11 71 90 42 19 85 77 38 
4 2 81 92 76 99 54 53 41 35 57 66 34 68 24 16 3 90 34 26 4 23 1 20 7 47 65 53 97 18 71 46 12 86 57 20 14 74 80 86 79 14 60 44 39 61 5 24 72 88 42 74 25 18 77 61 33 91 94 80 18 97 2 63 18 62 52 1 45 28 70 9 
61 32 88 76 7 16 77 61 17 39 76 30 65 54 77 29 47 77 74 27 67 70 56 70 98 56 11 62 74 4 54 62 95 64 21 66 11 32 91 90 78 23 5 22 38 55 83 2 10 10 19 17 62 42 32 86 74 31 5 22 11 73 10 8 32 42 17 0 66 15 85 91 
43 60 7 94 34 72 4 46 85 75 92 79 43 39 30 88 78 55 7 36 92 98 71 68 46 44 70 80 41 54 89 84 67 28 63 5 27 99 21 12 89 72 6 88 44 53 89 98 3 73 91 12 37 58 19 13 75 57 87 71 60 36 66 95 58 26 31 71 27 24 41 81 
25 96 34 55 65 65 86 65 31 74 48 77 47 93 22 19 46 30 26 37 90 36 91 41 33 34 67 59 14 29 91 73 12 33 36 63 66 89 92 33 20 92 8 79 56 4 29 7 93 16 45 51 88 64 6 87 30 37 10 84 74 8 50 71 2 86 6 84 24 17 73 36 
67 2 10 60 48 13 20 27 25 71 79 62 62 79 96 90 5 3 49 24 88 68 58 92 48 6 24 20 46 9 17 45 29 5 83 59 48 33 86 66 26 43 68 36 91 96 35 5 64 84 69 75 70 1 91 97 41 70 22 37 99 37 66 21 70 46 61 29 35 19 89 7 
78 21 76 85 37 10 73 35 96 56 0 55 16 31 23 95 84 75 60 26 56 65 83 67 8 47 60 35 76 49 90 91 59 8 63 62 26 93 93 38 1 99 47 51 55 73 80 41 55 67 66 69 65 18 62 26 1 27 88 6 34 57 55 91 29 49 65 78 80 4 64 95 
49 87 66 54 45 21 74 11 53 48 30 88 76 77 94 57 97 22 94 76 80 13 91 87 46 42 47 21 36 31 99 65 18 60 81 45 33 88 26 62 37 47 17 6 1 39 33 72 14 98 88 37 42 23 48 69 66 48 18 60 9 95 83 26 42 70 65 70 76 82 31 13 
25 87 95 26 72 51 48 57 3 40 87 76 13 21 25 44 19 50 59 50 74 80 48 51 5 1 31 79 78 34 52 56 19 96 40 30 56 92 39 65 96 16 75 72 25 34 56 76 81 6 15 28 88 59 79 85 78 16 52 79 21 44 79 39 24 54 2 85 93 56 83 93 
