71 61
18 12 10 21 75 98 97 2 38 25 84 38 9 94 54 7 17 81 99 30 27 51 37 23 35 34 8 6 76 16 63 49 75 44 36 26 5 1 80 87 30 6 84 29 90 96 83 12 43 45 3 53 43 17 70 66 4 56 58 3 58 
24 20 83 51 62 38 75 17 61 34 49 12 64 96 17 5 11 56 61 51 25 74 56 65 48 77 79 83 41 37 38 19 78 56 80 76 33 25 68 72 94 98 57 86 70 94 24 14 30 61 17 8 99 58 4 4 97 58 97 3 17 
53 44 13 1 52 73 5 36 83 91 13 16 83 87 83 24 75 6 62 93 66 7 79 50 40 75 86 79 68 48 95 75 36 8 62 61 62 50 22 28 78 49 97 81 74 28 80 34 37 17 58 19 30 73 7 23 87 34 53 45 85 
34 82 5 62 34 57 50 69 71 28 63 1 3 81 66 14 41 19 48 64 8 44 90 84 71 16 96 61 10 99 41 41 48 13 84 83 44 51 47 18 4 70 7 86 21 14 97 63 25 40 65 75 66 62 28 68 24 5 28 37 86 
75 4 50 90 64 86 34 35 50 14 50 41 82 55 76 31 3 99 63 33 34 58 17 77 74 73 99 74 42 54 95 15 57 99 93 61 80 7 4 25 79 52 4 1 27 90 31 58 63 6 53 37 80 89 94 65 13 18 19 80 41 
87 2 30 88 20 68 42 51 99 94 88 58 82 9 19 94 54 89 13 91 61 59 3 86 6 49 15 58 68 80 78 7 55 20 89 57 61 52 97 55 86 28 78 87 45 17 93 2 69 9 30 71 75 91 5 21 82 44 7 47 7 
37 15 54 78 87 55 2 19 36 22 54 29 67 25 2 83 48 24 39 82 76 14 63 43 19 66 86 65 99 14 96 71 91 96 92 56 12 47 72 82 94 92 87 51 23 13 37 38 13 99 1 64 36 17 31 62 57 59 6 84 55 
17 89 71 2 45 76 37 59 44 61 91 5 61 81 2 47 28 71 20 85 3 48 14 44 28 2 64 9 19 15 4 55 39 47 7 6 12 36 93 58 37 35 13 38 68 65 48 11 94 50 0 13 44 62 14 97 93 39 89 61 35 
61 28 61 47 1 69 65 79 41 37 58 75 64 44 69 64 30 39 77 56 89 54 3 51 34 10 51 75 51 95 90 7 16 53 98 10 39 59 43 13 56 15 67 88 9 30 23 86 63 30 72 5 61 71 14 76 24 93 81 69 26 
70 44 44 49 84 53 10 45 9 77 97 47 1 62 20 24 64 10 50 28 54 26 82 89 48 74 43 82 16 76 88 25 83 14 88 11 20 95 63 62 96 3 48 38 51 32 73 69 77 79 99 46 67 53 57 14 27 96 6 17 92 
63 94 13 95 39 64 49 90 28 27 89 46 50 47 48 5 37 33 72 68 24 71 34 85 17 10 53 60 3 8 56 90 34 1 12 77 9 88 65 52 25 72 53 20 8 99 25 58 80 74 82 24 91 57 6 1 20 68 39 25 81 
13 61 14 86 8 49 25 92 8 43 55 93 88 17 25 20 45 92 25 34 73 62 85 49 42 61 13 69 47 37 60 25 67 20 75 70 48 72 51 39 58 10 70 91 53 24 83 24 55 38 23 64 97 87 69 8 75 44 93 86 17 
9 0 49 26 17 5 58 60 92 74 73 74 91 87 65 89 92 62 22 37 98 61 68 68 68 23 9 64 21 48 31 28 43 24 6 84 0 76 33 40 83 98 14 24 24 41 29 18 30 29 24 6 5 88 6 85 71 98 86 93 30 
36 15 19 23 53 94 64 10 94 57 30 14 81 31 72 91 54 45 34 26 59 38 87 54 98 96 24 8 48 21 33 15 29 88 92 24 87 33 31 49 16 97 78 94 48 4 13 11 1 64 54 30 79 98 26 71 62 96 65 97 59 
7 70 17 50 75 44 95 69 6 33 36 59 74 67 97 81 77 56 11 25 19 49 63 19 18 1 52 36 46 52 82 19 49 9 94 25 43 74 40 25 38 84 67 24 74 34 5 8 52 46 78 18 31 60 14 61 62 64 58 79 21 
48 8 64 22 99 13 84 6 54 59 51 25 1 36 48 98 23 96 4 44 35 87 94 36 5 66 76 68 9 80 96 54 9 86 67 30 51 12 83 58 15 64 37 66 33 65 87 97 43 30 73 95 56 84 92 59 84 41 35 68 53 
34 11 76 44 98 45 70 2 71 4 21 15 22 25 57 4 12 30 17 51 62 39 39 0 7 21 72 7 70 4 44 18 36 67 55 75 82 32 51 23 98 40 90 31 37 31 4 60 95 41 65 75 9 86 78 89 63 9 23 23 34 
97 51 57 57 83 51 96 67 8 98 44 89 67 5 84 1 30 63 98 11 73 82 90 65 65 72 82 39 95 55 32 21 16 2 88 15 70 29 20 6 98 38 43 10 92 72 49 69 33 23 99 67 26 45 80 78 73 11 78 63 21 
42 70 68 42 43 95 79 81 41 68 60 50 39 44 26 56 45 56 48 34 30 78 19 23 90 14 8 26 48 73 95 85 3 24 75 46 15 68 87 64 34 49 72 16 75 13 52 24 60 64 92 18 50 89 54 2 59 70 57 33 98 
11 37 62 71 72 76 18 57 62 13 79 78 77 1 73 13 12 9 80 45 12 78 87 73 98 0 28 94 9 56 9 12 36 26 48 55 5 11 93 49 22 49 97 45 52 43 92 63 60 92 36 1 89 12 71 10 21 89 89 21 98 
24 67 40 73 93 14 32 80 50 24 29 63 32 84 18 26 78 75 73 78 21 95 90 77 60 62 60 64 40 62 82 46 70 90 57 78 24 13 92 46 50 53 61 77 37 48 17 2 68 98 21 36 52 46 65 36 52 99 68 71 88 
55 75 50 78 77 28 16 41 75 92 40 67 21 70 97 36 98 31 58 3 62 61 4 38 46 5 15 94 95 3 85 96 44 85 71 33 70 94 97 33 98 22 27 81 52 40 82 89 7 25 18 78 69 47 70 21 97 67 25 44 93 
86 1 85 71 8 8 29 82 54 74 9 7 11 89 48 28 76 30 63 31 14 97 87 19 4 0 19 3 75 14 58 18 69 30 88 19 60 86 6 70 48 69 55 82 69 37 12 22 68 11 88 27 70 95 85 79 84 16 45 73 64 
54 10 24 72 1 62 16 8 31 27 46 44 7 38 4 9 5 1 73 87 88 4 94 21 79 86 34 5 3 61 10 24 21 47 80 31 37 34 68 89 32 78 13 52 79 4 57 34 0 20 58 49 44 48 26 90 93 71 59 76 30 
58 49 65 81 96 87 40 77 61 3 89 58 66 88 72 96 80 15 31 38 46 34 93 75 75 61 37 39 94 36 33 59 72 52 81 3 91 52 22 13 0 14 37 6 99 74 97 19 60 23 58 80 69 85 91 67 80 9 61 75 43 
87 53 43 36 78 43 97 48 6 7 54 74 72 50 16 41 33 44 1 5 36 9 20 5 34 69 44 81 24 87 58 87 33 93 67 28 74 63 40 88 16 60 7 94 37 6 58 58 33 49 76 93 78 45 97 53 79 79 24 32 90 
53 89 57 95 47 81 93 8 39 98 66 57 88 86 21 13 23 54 17 11 75 2 10 78 75 43 74 83 47 84 31 2 34 66 61 85 34 65 9 92 25 5 63 4 50 48 31 38 16 8 44 35 33 66 85 57 81 92 28 8 55 
95 49 17 60 65 56 0 95 43 45 27 8 29 94 41 70 29 70 51 91 36 31 18 31 54 79 62 76 40 3 1 88 87 30 39 19 11 11 2 52 53 52 95 17 77 4 21 81 10 36 74 4 11 51 87 11 61 62 95 17 32 
5 95 87 13 27 4 10 6 88 60 81 40 89 67 75 4 6 14 92 53 26 5 60 47 37 39 41 27 46 31 39 4 69 21 14 94 26 83 58 97 17 72 27 36 13 29 97 2 10 56 70 32 80 77 76 19 35 14 92 36 39 
82 93 38 56 59 46 9 93 0 75 89 22 78 62 82 95 80 65 75 5 37 2 30 38 11 43 36 69 96 4 42 83 30 86 80 18 93 59 23 93 45 31 10 43 6 14 29 39 3 76 39 30 46 3 32 93 5 99 27 39 47 
70 52 0 19 9 11 80 77 29 86 55 50 88 59 58 20 21 36 60 58 63 29 40 27 83 99 84 77 44 5 8 62 6 21 66 73 61 60 68 75 81 21 45 95 46 97 82 98 6 3 49 87 34 48 8 35 82 13 89 10 63 
57 41 72 85 39 66 14 66 67 59 33 59 64 82 0 81 65 61 43 98 32 0 69 58 5 8 59 52 7 68 81 66 0 36 86 92 78 2 2 33 93 65 60 28 32 41 55 35 54 22 60 8 27 51 68 84 91 17 88 93 12 
67 35 98 37 39 30 69 68 6 96 77 75 99 63 91 61 25 88 84 47 60 18 95 72 80 87 84 34 61 42 64 16 85 85 31 69 64 49 74 86 58 46 15 55 44 13 75 13 30 68 42 13 13 73 13 78 66 9 90 21 88 
25 87 43 1 72 23 42 96 50 2 78 37 64 26 18 75 19 8 20 14 60 88 77 44 77 70 36 59 55 34 13 69 80 62 10 36 54 31 89 93 36 76 91 70 93 14 11 20 74 81 47 29 32 13 34 21 11 36 19 13 86 
78 18 50 76 37 91 8 53 55 0 2 40 54 35 9 59 26 9 38 93 51 37 26 48 86 23 84 8 85 17 18 77 61 35 21 24 73 88 3 14 71 65 45 9 48 35 30 9 9 43 72 30 62 78 38 48 48 34 37 20 39 
86 85 79 90 84 26 87 61 18 53 19 58 10 9 53 64 32 21 0 7 92 44 71 79 90 70 4 18 32 46 81 13 65 7 61 17 33 65 32 44 41 54 54 66 0 35 83 49 25 23 88 35 96 24 90 32 1 17 30 75 37 
74 80 72 24 91 80 56 61 37 6 97 63 20 64 53 90 76 62 62 46 37 5 64 40 87 80 70 82 9 14 54 29 52 27 64 53 84 56 63 64 57 42 38 94 88 35 13 67 34 7 61 60 25 97 36 44 87 1 83 42 53 
23 20 29 40 41 52 98 11 95 26 64 11 59 88 59 37 23 10 70 59 43 86 20 66 89 64 77 15 32 71 81 71 66 65 4 0 54 9 97 27 60 21 1 7 51 21 88 86 64 52 31 19 99 98 24 40 54 49 42 18 5 
17 13 38 34 0 54 49 92 56 95 62 46 67 42 69 92 82 75 5 2 13 46 1 80 27 66 81 51 83 50 19 74 64 9 86 20 17 98 28 28 70 93 63 58 59 92 34 84 68 58 79 63 74 45 53 69 22 75 96 60 52 
65 7 14 92 60 26 91 0 1 56 53 42 40 58 27 51 51 34 14 86 2 87 71 2 82 17 46 99 6 97 25 2 3 34 1 64 24 6 9 22 68 1 12 28 43 5 32 24 42 53 97 41 43 43 45 14 40 56 5 34 76 
93 33 31 26 91 28 49 33 62 56 61 55 71 58 9 79 43 74 62 50 17 77 54 96 80 44 98 46 30 5 81 24 85 45 65 95 38 58 97 80 95 28 27 46 85 86 98 56 13 52 75 5 51 18 28 80 7 19 56 99 19 
20 35 10 41 78 55 45 9 52 95 8 83 40 17 59 25 1 37 11 64 89 93 6 1 73 6 35 41 14 68 35 23 33 97 49 39 10 51 37 87 45 48 16 70 37 66 84 1 41 84 58 13 43 52 5 34 52 84 92 53 74 
34 96 45 13 96 59 72 22 2 53 26 38 83 36 7 62 97 87 42 9 4 20 36 28 86 5 56 15 71 71 0 59 70 78 34 54 56 46 41 61 49 35 39 86 82 46 13 37 62 78 20 92 68 64 81 58 77 38 15 67 14 
92 51 44 71 69 66 97 84 68 86 25 13 50 75 52 9 20 13 67 30 96 27 87 33 34 97 49 47 0 95 24 99 0 44 10 40 90 34 99 44 50 62 46 4 83 11 66 52 84 94 45 94 13 43 44 90 9 27 56 27 98 
9 80 78 92 57 70 64 0 74 0 54 7 75 79 47 67 93 55 57 49 79 15 46 22 67 4 43 30 8 42 87 54 17 97 10 49 11 59 49 53 26 60 95 45 61 85 65 37 65 67 80 4 50 11 3 14 24 5 40 47 58 
89 92 95 27 90 28 46 43 43 67 46 7 9 46 65 81 5 54 11 97 24 69 13 89 11 98 72 63 81 97 45 25 34 35 31 36 33 1 8 72 15 42 73 45 15 10 28 83 88 15 11 23 87 59 93 26 61 88 29 73 25 
92 60 20 37 4 86 24 23 35 40 30 21 50 95 11 17 13 12 6 59 8 60 53 80 96 5 70 25 5 61 39 74 1 31 35 60 96 36 97 80 14 84 45 12 27 14 77 46 22 13 30 55 41 20 35 61 62 37 92 38 32 
27 91 62 25 54 14 39 89 30 10 13 35 14 93 45 32 21 13 18 80 60 13 37 77 87 80 64 73 24 97 91 74 51 3 85 2 92 47 19 72 15 99 89 2 31 71 10 63 23 65 56 49 60 43 18 74 9 51 58 31 92 
58 15 56 27 63 43 91 37 90 9 38 2 21 78 54 57 85 1 47 69 72 51 97 16 89 39 97 31 96 24 97 76 28 19 60 77 4 76 6 65 58 7 35 26 30 58 65 46 33 95 85 58 13 96 62 26 4 32 0 1 20 
52 28 55 29 87 32 58 76 34 90 35 91 76 26 80 64 42 40 4 54 77 63 34 35 4 79 33 38 1 19 1 10 24 59 47 3 23 75 85 8 39 15 96 17 29 96 82 91 56 91 47 8 64 37 67 78 40 55 79 67 88 
21 29 56 8 60 77 21 74 5 19 84 90 4 30 76 49 35 2 67 38 59 52 81 34 76 27 72 99 42 86 63 3 31 61 96 58 69 96 65 25 78 58 5 76 23 14 19 11 0 40 45 94 7 48 44 31 96 55 46 26 8 
52 82 60 82 11 35 75 70 17 51 42 3 61 11 26 31 68 53 52 46 99 86 37 63 71 35 54 70 61 63 48 55 81 43 99 94 46 98 30 25 57 96 92 14 94 60 97 13 47 92 87 22 40 87 51 76 3 24 48 88 72 
17 35 52 96 64 43 41 8 46 83 25 8 51 0 72 37 73 31 27 53 98 16 36 30 93 78 86 5 32 89 15 6 69 41 59 22 16 23 18 85 85 82 32 25 46 97 32 66 14 70 16 32 48 45 60 79 21 46 90 94 79 
5 22 36 42 3 17 10 19 24 69 86 55 95 5 61 89 55 97 96 19 60 65 35 59 29 29 54 79 64 77 35 6 43 54 81 60 50 8 91 81 55 18 28 0 0 34 16 16 93 3 83 39 8 64 40 77 71 8 83 34 12 
94 16 15 30 89 65 63 64 50 22 43 46 48 99 10 76 71 74 45 73 9 42 16 63 62 42 29 9 38 2 35 52 30 79 9 37 31 80 2 8 14 70 60 51 92 85 60 16 13 64 26 51 14 11 70 22 2 19 11 48 60 
56 83 64 10 88 61 82 31 87 48 71 97 96 62 20 21 9 39 57 72 76 67 53 88 81 65 17 34 86 43 25 83 27 78 20 10 60 25 49 32 18 59 27 18 85 69 47 93 73 51 76 66 4 96 2 38 75 36 39 66 76 
32 54 79 85 42 17 94 18 34 3 60 35 50 68 90 15 1 83 94 48 21 7 48 87 88 52 54 17 96 44 72 75 12 40 92 77 70 11 65 28 94 22 37 37 51 54 23 93 82 58 8 22 38 57 69 88 44 59 92 4 1 
66 31 68 55 22 86 14 14 29 83 47 43 35 66 48 58 83 1 34 48 67 72 94 43 92 63 80 9 65 75 39 69 87 27 95 25 69 79 96 81 5 62 8 42 74 73 89 39 99 24 84 34 87 95 13 32 34 26 46 99 35 
46 37 34 8 88 79 65 65 73 13 24 63 10 70 52 48 71 35 67 24 99 30 6 1 78 79 27 70 14 99 14 43 13 91 78 43 13 43 75 99 99 42 9 65 76 90 45 28 51 59 68 92 5 56 35 57 57 16 69 43 87 
7 86 14 94 54 4 58 3 50 33 27 46 96 19 11 6 54 38 51 26 41 69 33 77 60 68 21 4 50 44 91 82 84 46 72 95 55 38 68 28 5 49 7 45 44 60 19 55 28 34 51 57 3 91 74 89 78 36 94 43 74 
47 9 44 83 59 64 73 90 39 57 7 87 4 17 43 1 4 51 19 59 67 3 37 58 47 47 64 81 36 25 9 40 77 8 39 73 62 69 34 82 97 42 69 63 27 84 52 81 27 4 89 20 76 98 63 6 91 23 44 83 56 
14 73 83 23 30 22 77 77 89 64 33 90 57 2 36 49 99 24 56 78 4 33 73 77 54 37 84 63 67 8 4 69 17 61 22 9 4 83 76 11 94 10 59 9 72 81 8 82 90 12 15 69 43 89 98 92 27 6 11 77 67 
15 10 17 18 6 30 58 36 73 66 13 23 48 51 96 24 99 90 50 15 83 86 56 6 51 11 58 51 13 77 67 6 51 71 37 28 20 52 64 77 62 60 20 94 39 18 80 36 32 91 99 66 95 41 59 98 2 22 74 57 24 
46 33 0 30 22 88 18 20 72 4 20 97 74 36 32 75 0 54 76 27 3 29 91 17 68 27 48 57 73 75 64 49 26 5 57 34 44 94 75 53 64 99 23 22 33 78 84 98 68 61 2 23 69 12 95 81 53 24 72 30 25 
37 92 69 76 71 56 75 60 87 67 50 19 81 94 7 61 21 68 68 49 41 52 98 14 2 95 99 66 13 70 24 4 7 72 97 61 89 85 57 51 7 25 83 22 39 3 50 42 14 71 77 40 29 7 54 51 14 36 76 59 98 
70 22 31 14 38 98 10 45 17 14 45 91 31 93 69 4 1 83 95 47 95 50 27 92 89 57 46 95 37 88 59 90 92 21 71 99 20 57 88 72 8 47 92 78 16 97 8 93 67 9 32 71 39 57 14 61 48 55 56 66 72 
33 53 14 54 11 49 67 42 25 21 40 2 42 29 80 15 16 74 82 24 94 99 1 79 77 12 96 52 9 40 25 71 48 55 35 70 25 78 66 14 66 38 46 0 45 31 56 29 60 80 39 70 36 27 19 31 30 15 79 28 82 
21 26 76 25 83 98 33 91 40 85 94 80 13 37 60 94 28 83 83 96 42 66 39 68 71 79 89 80 81 22 55 93 46 98 24 76 58 14 12 36 90 33 8 92 75 25 65 7 11 1 69 85 63 32 83 42 77 28 91 0 71 
28 41 9 21 18 90 31 66 33 34 24 89 73 70 82 10 17 27 29 48 31 76 76 72 68 70 25 14 85 25 54 28 69 37 23 94 80 58 13 96 63 19 25 49 60 3 11 94 13 6 62 88 7 86 73 61 40 50 35 2 84 
62 16 89 69 9 16 74 3 65 47 66 78 9 84 9 7 52 59 61 39 21 25 98 46 64 56 99 37 9 71 65 14 35 84 65 21 70 24 27 75 77 40 79 31 31 86 17 43 45 25 73 31 78 91 54 36 28 34 15 78 71 
64 80 82 1 82 63 33 83 53 16 99 86 61 57 54 30 99 89 13 95 63 35 46 95 32 25 26 53 96 38 77 9 66 3 88 48 69 18 81 98 42 60 83 66 82 1 76 1 59 24 80 94 3 12 26 35 12 81 0 59 12 
