71 83
7115386 2837816 2185301 9724605 9707598 8815299 4329678 9196764 6700023 3195478 8752257 2015705 2008476 8796434 4098510 9464214 6380089 9424416 5489086 7814397 5749107 2749434 2163833 2668630 1088864 8988284 7749573 6208847 1404029 7014216 7284529 5694556 7127124 1062841 8298941 6488639 232064 8056433 828559 3516458 3896920 4392732 4225521 1875496 4989978 1443336 2183604 2379361 4475081 7059684 6688095 9056799 6221538 9934663 6457400 6353743 6576541 7864108 1278128 9666851 4210776 7898893 1724454 7900629 866146 8936202 4424690 9693316 8923659 6651624 640783 672055 5416383 9920095 9040957 5187065 8088893 5154643 5617059 5493580 2384085 2303466 2159108 
4888847 2889220 3320420 6277494 3099938 8257466 268818 6148001 8416816 954575 1467032 4418691 965916 3417671 8266459 4994646 2194743 9700617 7661107 6088696 28688 5479656 6490123 2804856 6620852 2520143 561216 6336793 6436734 717563 3448593 2010039 1930847 2943972 3061677 6873609 6606697 7197242 7947230 5527917 6618118 2086372 3347494 3776478 2107927 1611258 4312427 7329577 2619018 375477 786451 2323084 5857975 922076 7387860 1516612 2864239 2128901 4237116 4565687 8759832 974978 4228528 6838186 9828843 1957430 7054547 1985324 6699606 6707536 4290042 9523493 217682 5048437 5064325 7557174 7727858 123816 6019121 9482375 5721329 8262096 6664674 
6595088 8355393 8285255 5015874 5551210 9329551 5115016 1560454 709703 3359663 2988951 3064062 7613863 3813911 4258446 8234202 4801035 4482528 2466451 8562070 6741819 1626553 4848337 2629333 1390695 8140974 3743377 3814661 3607658 745914 9348771 1508242 1183593 5830424 9772253 3491040 6993072 6112307 5379281 3579211 4306634 7865475 4999137 4110954 5250589 6438261 3342131 8667062 476066 362622 3942898 8445964 4067711 6736985 4335170 3009674 4702626 7075690 4483852 1183527 9130577 6401380 9323689 9266411 5839907 2574 2815548 3769453 2860521 527931 6273100 7966633 9019995 9219318 1856874 8389480 9061514 7159870 1476476 5245125 1092110 9024090 4934180 
595862 5337433 4247373 1983750 7715686 2982527 7419040 8990016 9245775 4201744 3610347 1528867 7208634 7488091 834287 9515045 5362163 7539218 2195631 2231296 1986038 1789252 4125384 1782039 1334143 7903605 5437516 1998535 1744316 9241148 5040561 4622126 777855 7040837 5927882 2048367 2381635 1853656 57910 5574187 160237 6429718 7756197 9661273 2131511 7225766 672117 6614183 4092337 2964093 7412842 551888 4072972 729750 8943252 4792851 9200609 2771088 2974831 8930064 6298654 6061887 9584451 3098131 5912980 4443878 1845569 5414421 4938366 4633217 1767782 4251932 2226797 4586295 1551437 5376339 6687133 4182185 992549 8825517 8068472 872024 823904 
8426871 2473307 2991112 8641618 9999554 5200663 4782090 1776575 1305772 1469053 3732836 4966787 340136 7878848 5198619 4166287 9130786 2823850 8553140 5905940 161980 8214204 3799324 2717666 167025 4696318 4869107 1903212 2786891 5619595 8139424 6958863 9488613 1897018 5205744 6506451 4332909 5711163 346747 8668759 4831623 6980422 2746887 6110522 2531731 7567273 7987105 6931718 8650228 1101741 7040448 7288882 3934678 3886902 2801132 2036272 516759 4696415 3967595 4005312 5414415 1574392 9873164 1014880 6560426 6021684 7976175 1778785 5175568 562878 568073 2830669 1009682 4498580 2727550 7256435 1792064 9131837 5777850 4117405 5881031 2549699 1448726 
2363568 2202032 1785187 9323379 486727 8547961 2629030 3884828 1261595 9055126 9353738 1135708 9408876 3239804 9871578 5159959 8927337 8305194 6027375 1180348 4339150 261822 4399149 2982656 8586417 3031351 4812500 7265027 6997539 887243 5742115 2992398 8582737 2272435 9878636 9577536 9309413 5035913 7775953 6532550 1582059 9295285 3371315 2024320 5580414 4438717 5314192 1980721 9149563 1748584 3131474 7487303 1000839 8974672 8842619 6119920 297203 4994883 8492164 4530092 5517372 6778580 28194 2745674 6154095 2424284 4009127 8677340 2987124 5545593 7769674 5453157 9134733 8535117 8117635 7016523 4682802 9058978 63876 1835868 6974974 9236186 6433787 
8307849 1999932 4857673 4120135 9438091 7264446 7868543 8109785 6859042 5763536 7573789 8306362 7393089 1378398 4527811 5894950 9385357 3082233 8183203 3210725 2798922 8799879 2368542 9334390 2800179 9977412 5094424 2275327 9663987 2770304 4967099 2370539 4775510 4284233 2020753 9301006 5793251 4841214 3995751 1268359 5394730 5343156 6318268 1338988 3744942 5920023 3434572 5091489 3371662 8476936 1886672 1406101 4050281 4454270 9094287 3488175 5767216 6463096 461364 4098312 2929098 9543875 1426344 9474582 239305 974503 7474091 6150527 1090920 3656066 1322597 7913598 8213924 5132621 4066548 9818202 4769343 3964710 7084379 2511629 4679917 5413003 7841191 
2606557 1613279 4636665 2461034 6627834 788107 9122710 6988484 340140 3676169 4499840 4922671 4774596 2403605 5770587 6001882 6039219 1748818 5455488 2769580 1699341 3562965 993271 8788454 3068343 2525539 5441567 8280803 8573810 78083 3575887 1279715 989151 5113053 4265793 5409381 516348 8978174 904811 8851713 6498240 8839799 7408375 8379222 603667 7870354 4050806 2832422 3227174 2884151 1632250 6878089 3772386 4762562 2838744 9288369 3650075 2308038 2658586 3873201 5006776 5689158 6231928 2582843 3331882 9407654 9918021 6334430 2579872 8653791 8207793 9526636 2269156 9403099 5603238 4639735 9367165 9646819 1296624 652861 5403598 1140026 2395714 
9678276 8250448 9630411 1125055 8822591 4903920 9512008 4558876 7979981 7977252 1534657 2306505 572531 5983868 776086 9383975 6103308 3739232 3726170 3476577 5692059 9962810 3018530 9535763 3239185 4732706 2912689 8232302 984558 9365124 3687064 9310827 3798033 2612082 6636262 4353138 4887562 2903422 5561304 942486 2262932 9403961 5096639 5606437 8981619 8160844 8801207 2910037 2936308 9879848 2435389 9382617 4682129 8751428 2265894 9388090 7275878 5953098 9275662 4106254 8293892 7107127 450472 171174 4104028 401824 9144073 822104 6772215 3458531 8367114 941413 5351322 992303 1849252 4559536 9016757 2454841 1587215 6354999 1569373 6506062 9949479 
1060433 4907439 9194594 1721065 2735645 1718906 9395714 8084495 5275154 9814465 4494631 9583790 3574949 9452060 3069943 8071307 3562305 7245990 8541627 5880988 6233775 3344225 9964289 9451209 7216211 9870130 497169 897843 5867063 6320364 2833091 9400680 8763477 458442 9541446 5728238 5752720 5815727 1479047 7979679 9385429 7815337 3066115 1880606 9733408 93288 269627 4189006 8002398 2247150 192942 8883457 8975350 3007537 7130707 3843241 3176829 7571748 987243 6337400 6887879 708001 4247799 4805927 4317663 6464790 2821710 8795108 8764186 5411372 7779813 5707374 5115722 7824970 5527651 2160274 7991570 3255031 4171212 1935465 3348975 5765620 5143481 
3548640 7607581 9544250 7435998 7006602 7488613 8333549 1430268 8092135 8362675 6168136 964975 7814069 6136113 6570116 6850186 205866 4612639 4826966 7557060 8807377 5211044 4323070 9809360 2815670 5229800 1239450 348122 1475466 5332282 600027 4420987 4648921 7871877 1127512 6653442 8695633 5326539 6543335 909879 8745320 603570 9933023 3216510 652573 8171308 6250603 7911618 262097 9540230 556201 5775630 2050572 331395 2356913 5319819 6339929 7508172 1076685 6792836 4102136 3218444 2087142 3012241 5413961 9091238 2428199 4557185 3141809 5897516 1728590 5852291 7359179 9927557 6109812 6133233 5412197 5685067 580862 212567 193829 8117030 1932967 
3941913 1276234 8217703 571466 7866597 7246686 404267 3053683 7785602 5263390 882360 4787429 6685945 2085697 3626776 2831884 5229684 8963247 9666652 4270995 6300212 2538417 1269688 3472335 8219998 2668499 3360954 4579552 4239118 5459608 2791981 7385517 8495222 3137037 5266486 2902419 9059986 4512923 9309045 460262 5922694 5231261 8888215 2023927 4665641 4516382 5807134 5111381 833542 9772418 7181801 9811453 7632184 5938243 7803316 208782 1410562 6022145 8717962 7060176 4492341 9784351 2381858 2316408 7811175 7386210 7074271 9050369 1051056 2784742 6272311 3273372 8486579 9582996 4713206 6973958 6622047 9834563 2555545 9664966 3633272 2467413 9663437 
9307277 7014294 2350569 5637444 3735186 8372811 1371488 3066091 7219553 4173162 3106250 6140880 5378386 4219208 5341266 9960756 5680438 8651505 1976934 2356443 4060119 3251047 1109304 5436351 8069535 1768160 616698 6951212 447886 3592675 9226774 2983384 995545 8692089 686920 9316562 8095153 2710196 2406705 2633019 4556283 9422982 769953 1147667 6999640 4504046 7569750 1919565 740407 6859259 5618432 9455619 9569262 5445937 2918222 9044114 2403695 8078405 33068 9887496 1942871 5275664 696329 8544253 1150461 1827704 593172 426600 6986543 7705633 4986058 2673479 3831559 9480639 4896804 7075188 8379410 667106 5697127 8374176 1451553 304225 4818067 
8777870 8155050 9765853 3202815 2478807 9066386 5380467 4781262 230418 1444238 8964329 1225533 6559449 1169517 7541113 4615835 2167832 155954 7544361 4343075 2287 2533290 5731715 2032359 9938410 6539898 5693373 9259183 6628495 2268347 1852204 8723842 6415292 1912657 5293403 9313986 1936290 6233809 952722 1085476 9520361 5974039 9545391 8598860 7272893 7251771 1662188 412371 7004452 5577781 6197372 711430 8683685 8659141 7570857 1744867 347777 5113797 8169879 3257725 8728309 827127 2048622 3018140 4551442 4630080 3593367 6108756 180412 255889 4021260 3796471 9392011 557201 6993600 9101664 719054 4076294 4931856 1993658 3420419 9622740 653113 
7865777 9338375 4346773 7113329 2774992 9525671 9254693 6402513 4568121 9153996 9193385 4851717 5128066 3338868 3436694 8450689 9451523 9118575 8879325 6457812 6764755 1548193 7154178 8298946 8160786 1215521 3423133 8349548 3907530 3018636 2059255 317456 3460381 130343 5257950 3614408 4984073 7337425 7079093 8389860 4002547 2946696 8945597 5403484 7917432 5898299 9343044 7854914 6851583 8100198 8602523 2948768 7906751 249561 9403152 7317108 2662187 2771238 699313 1543838 1104939 6216005 6299219 8576556 4431873 4829393 1685263 7877079 1012999 4329149 1719294 247508 7568790 3502915 2777956 1820758 3573863 8167953 2747134 4830193 2047718 5407352 6650205 
7996808 5589145 4925672 215371 4861468 712019 5155638 8074217 3603191 6809207 5332222 993590 3442220 4672010 6564459 6053241 4364928 6683642 6322561 5995797 4490228 8935769 8685381 5403704 7072040 9031035 7881950 306021 272564 3570087 9920737 3493144 8760537 3658312 3847801 7354343 1666207 8091217 4026829 6461477 3963913 8444529 121417 429298 454833 8065426 9758825 2827141 2536044 8884766 6254899 1505644 7012682 3157572 237320 4033948 8237369 3582440 3695747 5911625 4403516 9436365 2951621 3710360 7867461 4160255 1762676 7536563 3474169 8664239 9331229 400108 9878374 249725 3543365 5916076 1774314 3296855 4976542 7057029 2713859 4833942 5363789 
3267228 6078293 5758167 8980802 8851116 6095059 9448680 8254877 2391097 6997486 4255646 6648039 1004906 7738669 4544405 5834177 576680 564451 3636829 9886598 2125368 2657552 1249291 1046229 2037772 5089161 9524866 2759127 1888766 4221258 3521815 3954711 2690618 2674360 1501873 7726249 9645727 9364492 1491136 9484542 839692 5110103 6967295 7855676 9631446 9494179 1854080 2913881 9912943 7162541 1932147 4451037 3888920 8544347 7059062 1876130 7377214 2312417 4381750 332776 3637182 5615564 661477 7152832 1314167 5381719 5827288 5138406 2271195 2093741 7591476 9952944 168506 7740447 7247175 9081086 3675391 7661806 2466081 1794990 9593214 9394375 7348222 
1503402 7975922 9580792 1555705 3863889 6602986 3512583 6205248 1242263 1513086 8184692 1429950 18761 4066615 7143529 8881494 4039974 8129953 4955653 251278 9179144 4216100 5488718 5483681 4237595 8009345 4609068 9210806 1105391 7180369 8371948 5678409 7120670 1443047 620433 7102897 7680804 2369858 8994879 2547053 1380092 5043617 1304350 2827995 9596857 9748857 8826721 2119451 9926499 4405877 1633580 4805456 9189209 5039646 8931812 3347141 9206389 2072268 5270417 8365816 5497585 6274228 461845 3638993 1293402 2041786 6876331 8962493 6755597 7312318 6468001 7907992 1358681 2766731 6649164 6218674 3517613 7074124 1199613 451242 4999360 8158307 1856521 
1675758 3343010 5577281 143612 8396598 1309922 6357810 8707644 6595380 9193800 9152874 1909513 47979 9411923 1046124 6646604 8510092 915269 3070870 2329662 4230297 3200137 5871746 8777406 1668413 1288062 493761 5485398 9457819 8527099 9377221 806540 7467179 5945726 799856 9024755 5683315 552641 6467942 4102495 2650180 5499245 9566222 7286476 3142867 9065668 5202894 8155971 7766421 3163253 639097 4623614 9438063 8693083 3146873 7335549 6718631 9546828 2013453 7211495 273003 4421500 1466112 2676830 4476631 3240601 6810744 2916637 6367186 5718553 163480 9699364 3804077 964118 9669219 9981554 9604831 9002748 4626347 564091 1823975 5734341 5479805 
3682989 1658965 8472901 9731231 8033784 6301264 990160 2802742 6663589 3266118 356539 3318421 490941 2560944 5078769 9651533 9665672 9884033 2487290 176766 2710292 9711563 725105 5519488 5800994 3469684 6080050 9505658 7922596 8869043 6240472 3200493 6560106 8149248 3916875 483705 1586107 797254 7834029 1602070 8672824 756623 6877912 5613980 7999827 5377772 7611752 7641813 5958903 3046265 5238732 5451586 9208909 4068716 8764980 6809382 247744 2168229 5213659 4907587 5345147 8677473 4589889 4107451 457720 2778283 8984011 5427773 1687985 5063285 7670475 9489235 9509633 6341830 3207737 6776044 64911 8579956 5773450 2872732 6330966 9095543 4952618 
8480850 8135424 9768465 4601572 4367865 241297 6927523 6531696 9638410 9221502 257284 4626692 5375725 9057127 2486554 2102627 1814545 4917375 9969564 8292236 326597 6819198 4783205 3218565 1465102 7672646 9726005 1149226 2577691 1575024 1517490 7350076 8256619 568819 7413188 1543677 9389815 4868300 2201543 9588907 1383019 1894684 6315550 4010201 8947501 3099852 745567 2969205 1681751 4659479 5790046 1017295 8248249 7960691 1081757 8338261 3200180 7234355 3769517 6696836 3514440 1900655 8317218 3029930 2921706 5581288 6281300 5667601 9214683 4470986 5467441 7668024 6390674 6307550 4819024 9402731 9813973 323325 2390117 5243812 5698178 3043392 9788043 
9494939 761073 6176996 8793370 2057222 6379 8677263 8443307 2023462 4340056 4729381 4555763 9575067 7029345 5507386 6362598 286050 5074888 2840440 3051211 5242452 2052794 7506756 9958235 7286257 5752351 7441799 1457738 5962630 8698965 8364009 8069025 5344975 7203937 5195103 4495982 7945225 7794474 5963954 33382 1686190 5870623 4977694 6922479 1222330 9256136 2279530 2061971 3416373 5087543 7338306 4357997 8808176 6718568 4601606 3503704 1469214 3980542 8732285 4293861 8246201 4164318 4008059 3606658 1139749 8155307 9209691 6514700 5993410 9533931 8885245 6512760 5536195 1157987 631679 5955116 6741242 4500573 9913293 5231465 36122 4368961 7708371 
9811847 2646858 9441007 6403648 9429915 3988173 9742397 9044843 8427310 3404617 7543940 4454153 9772292 1835709 9925614 1423263 151455 7077120 9129839 1611340 8681886 2395529 155491 4765771 5448149 3882537 6260097 7299082 8846698 1779285 2113243 5762767 9162712 4516307 4802130 5552598 6459672 9568056 8296926 3860624 5857342 2810546 4542303 8392058 4381871 6423221 258953 7174062 4054757 3300424 1070225 7536125 7085180 541074 8646553 2048016 2220176 6663025 9721328 118387 2255034 7086233 7776793 6769099 1659521 7586630 8273560 914006 2310768 1664813 4538673 4984631 3271658 4455626 8505089 5829702 5649032 581967 5077588 9111606 958538 8599955 9717073 
2494669 7481185 9553936 4101272 7342636 4837239 8352270 7988803 6802301 633691 1958431 4994177 6413266 6352296 1487682 9099174 5984391 4987435 224878 8245623 7819334 9742297 3555839 9894429 6537859 7076057 1347918 9639705 2609807 6241542 8157901 4466485 2988876 2930983 8968200 9681216 6979450 2342506 1472918 5309122 5290806 1118261 6440096 7874111 7265220 7193765 5558524 1618923 440538 156047 4374279 655482 7263110 9769243 8279193 5468380 5100896 7739434 1123199 3321462 5382303 3564043 8418010 5534063 5788496 7878197 249914 9924280 4804926 3653086 5306173 6803671 4837148 7947664 8924965 1315952 4268282 1411152 4172563 4195351 1805100 8109834 7548343 
5492624 3062443 5967894 1520558 9597342 450998 6132454 3607880 7453728 7706823 9596781 4398168 2495487 3051379 6593333 6242257 9923208 4571135 6672347 1667238 6297316 3783183 3412882 3091353 9184012 9711844 1871329 1774659 3738323 3583581 6053032 1413879 9566150 4102154 4384819 4870030 1576688 192237 1945881 7301878 8134600 6266444 1409165 7824437 7049322 8678586 9240238 9216427 1541000 937050 362162 3166610 7165868 2758254 6449556 7052659 6975512 7055624 1175133 2506452 5926117 6497480 9804873 1933999 9776014 364646 7441857 8618007 7202789 5063222 2707363 7979495 29893 9737103 9329651 5055292 9383403 6434716 7613386 5343966 9606408 1303369 7717888 
8708094 2834121 6181126 3208587 3748743 2715945 1351211 4807355 5459112 5298774 4614848 5678709 7520494 8517082 6659757 6484046 2371398 5346274 4466323 9749197 795813 9076246 8397447 5911507 9305417 1357067 2461528 637629 6292395 9822454 8932498 7296105 249889 5138979 7995494 7052634 4782340 8872789 7477052 3583089 3192717 748849 7995138 8410019 4204592 939024 1355636 6015439 4705660 6178914 1882444 5963889 6181649 5705035 9542326 2666341 8205504 9369593 9077020 6456208 8389809 3621851 4388439 44800 3855968 9132544 3733469 8860842 5824847 2477592 7539897 9077206 3502454 3574150 3778033 7510094 5494728 7365794 3455998 1220006 2417830 7748708 7085229 
1489804 9679434 771053 9546592 5568292 2061304 3439658 1127034 2941039 3321408 4369799 2311465 1616190 6267464 947813 6959369 5058955 6551535 4462821 6935186 2155629 1205505 1666315 2478761 8201616 1014505 6783041 6222125 5351136 5429136 7468018 2307593 2855944 1924512 8009237 4250049 1182249 4956824 1924796 9307508 6048583 7854656 3373581 38895 2986247 467014 3967830 7906417 4363119 2960762 3792122 4517558 4321129 831162 7109281 9870400 5033669 4292396 114508 9841786 8203448 8054308 8867294 4029450 5652963 9803359 5855579 3791759 7335653 7067441 5206854 3241240 213489 4951166 2336689 5913680 8982128 9357628 9106441 6119251 79918 2542374 5267933 
8132131 7149263 5493323 6147552 6212285 4758061 7554252 4576701 9565532 7646800 2671095 7287113 5288340 616230 9170172 5354505 6150373 8934122 965053 6295463 8627396 3834300 3824657 1161248 8502314 4037887 7359093 7509356 3944000 9893962 6655227 618113 7641829 478802 9675300 297174 8014644 5522296 8103686 1710339 7690371 4665385 6672418 2832531 7888930 9911485 6024553 4147609 2163140 9222344 2862020 9017786 3070899 3256471 3528436 8969378 7042926 5845650 6620410 7756211 1953250 2593863 8137469 4304478 5456044 2850052 1923853 2585902 458775 2709277 8710766 380799 7633491 7385645 5842045 4360750 4384712 1166770 1997627 2549548 3707446 7481827 934793 
5921112 9349217 1535078 4751627 3196870 4259281 9371777 2242382 8275187 2006816 1981705 4978736 8669530 5588370 7462620 7094076 643965 3294866 8935801 8054074 9085248 610188 6327249 5997971 9437080 8137507 2490053 4088838 1389083 7040731 4290785 7926906 2758328 8874159 7132512 1205214 5802859 5636099 1065441 2824086 384710 2234919 7929518 2637577 6500840 7552261 6295962 7978098 7571044 7747117 4940893 9836743 1302530 8582962 517059 1503807 9640710 689834 3621475 4311511 2584275 2661215 7516542 5243901 128045 8953580 7342799 3726335 4490532 6500065 3353710 779543 1859794 1337967 2295351 828642 1135504 7527070 3436718 3188439 3754837 4760766 2649980 
2807688 571603 1788628 8859239 4051333 6417318 4304390 7562981 3571692 3306082 9352471 3074800 3148416 248766 203817 5978971 9584616 5028560 5013706 4810340 7059729 2559363 1176866 9327592 3024137 7261450 5188177 5019529 3464872 3339067 5724029 6408498 4379968 3715594 6798303 8262363 3268121 471306 65691 403230 1584223 7511148 221357 8202205 250135 4988660 4630345 1761946 2952797 2022140 367752 2662317 9479520 1174974 7459792 6531956 4676178 1463998 9850029 6005955 9381720 2035583 2463515 4004817 8136504 6584953 6612313 1758976 6770237 3149783 927837 9182960 1144939 2798956 1677195 532274 1457052 969264 5203274 3769348 2076556 9431470 8079757 
2814188 8174375 1733524 8149057 1048336 9536079 3373014 7238257 1161994 4071537 7407730 6824424 8776900 719253 8829637 3963852 3020282 5356372 9519979 4164673 1845976 9136294 7939682 8916576 3327913 3141119 3393141 4727624 2061419 7653328 5674248 7891528 6501485 886335 5726498 5599166 3798547 5972030 3826444 1545260 3883357 1027095 9718058 8335799 649897 9175309 9382667 5769451 182422 8831244 3869295 9809343 7014395 5382781 5425383 7275514 6576199 8473992 5704567 9303791 895703 3210172 7356452 2056293 1635239 9137999 3400284 6254967 5533694 8446868 4435004 1718375 7672365 4526845 1126738 1468320 3082064 1745349 4534977 4531825 1073463 5629251 6864469 
2583501 5947552 6934756 4465730 8165214 5669123 4705730 5052865 3057187 2461974 9379900 4891409 6955551 8896 5729515 3358669 9203504 9828731 9705066 2896745 3206065 4445174 4324852 1325298 9274268 1131131 6752080 2064515 8893464 7316302 2657135 3018155 8913335 4105335 8647894 9310250 1671316 6503241 6044632 1716441 9097298 3551992 9170166 1938505 2948454 3374465 5293291 5386677 331516 9222779 9270824 1224631 1836089 3927574 5913119 8549239 6225735 6641606 7643265 999568 7124101 7596672 6798188 7015743 9829127 1340922 1827959 1628631 5892770 2212795 5978602 6549104 5712983 521902 7746646 7610626 6930205 6512729 9357327 4538344 7132317 7279278 3477026 
4325339 125150 4139446 8767612 4586391 7811175 6909854 8446786 4984663 2256139 4605427 6851163 3640669 6646764 3825675 1454461 4923119 6367138 8496814 6983440 1287253 7888336 7396861 9950438 8515417 2557793 1249311 5793542 4343101 9332156 7262981 6930316 9353529 2094191 3989823 909383 760521 1602554 2779473 8019378 9963007 1258006 8078110 8834943 3445377 5700336 3922625 5975508 6317944 7111038 3017154 5422699 1259119 9362328 2294365 7195765 3239902 3772184 2041775 9169892 346998 1716750 8848505 8576464 7564200 6751291 563412 8863468 8573411 6418349 9590236 8723229 6777364 1436434 9763165 4342122 9151313 1217152 2999434 3974252 429958 2468679 6269151 
1733708 7695505 3149559 9461503 8651040 6984276 9129371 6855646 1895696 2425246 5833100 2387588 3293018 3435590 1332854 9664812 4972661 9470589 2317703 3694941 329323 4235348 4649134 6683022 2830830 9488257 6833558 4293537 5577645 412831 4362676 5348797 1740312 1707802 1645331 8545273 8083463 4338987 7975096 6308655 1826770 4882166 2312852 6612111 9865388 7529743 564167 7314558 1562863 1024968 973866 3117653 1440991 6728737 7274481 3553455 4350054 2016141 7200057 3001429 958499 2844456 4525751 7113359 3832755 5921477 6276822 9300913 9572834 9020380 1159668 5415407 9605808 9502438 6593112 9227604 1921857 5606384 763215 3621321 8642490 5139446 5905992 
2854268 318885 3576278 8410851 960312 715567 9620767 2273794 55287 5611784 8324127 6103564 6670950 7412337 8666492 6099886 6370042 7226898 8222925 6010018 215070 6370748 2496727 7186905 1775548 7644553 2425008 5228598 3112873 3547805 5072781 4767717 2206263 6486245 5880050 4856356 4598651 2448932 5233641 3003013 8846358 9058519 3369340 729900 7831270 707839 5525644 9705297 2866575 4849461 553661 6080170 9872516 4888544 6859508 228235 7012264 4147903 4873946 9274514 1390859 5617026 1640045 569082 2456786 7308904 772780 8038443 8322434 5447457 2647875 652463 7990974 6880141 3645144 5098300 7409706 5907888 9191431 5763021 5118899 792937 9432751 
2999491 748415 4492726 236487 6516555 9070361 6413240 2710864 7123448 2290270 1085868 3878217 3757894 9611028 4837183 3845367 3719238 8372161 4298215 9739246 2734823 8604369 7418794 2945516 3522699 8417818 5476461 6735391 9674792 6831196 9989625 2610515 2319653 3867166 4406218 1572690 8205379 2957804 483963 8809523 2484898 9765464 574480 1456919 5856715 7799289 6428195 5412927 4244088 7222063 6610534 6695292 9302298 1835111 8193709 9155531 6711890 9081303 6251771 3632466 8019941 6800204 2816693 6257365 293393 6841044 6716009 2581662 3779155 7961754 7889249 4358271 6178654 5021139 5570735 9193280 5036681 1719273 4223830 140047 1103078 3340596 1573414 
3867333 4542553 597032 870307 1097158 7806044 7530881 4865183 2599672 7879852 1346331 5638276 2800184 3934167 5028059 1219065 2458107 2374286 7667074 6037622 9932184 8899906 7739267 908081 6520058 9693347 9132047 7415645 7138213 243419 7928208 504641 5318348 6037050 9452636 5770782 4181891 1910601 2748744 7527029 2628085 1527045 7939221 6157684 166689 7376568 8189036 3608323 6957670 9115550 8906242 2765089 8536102 8144362 5125283 882252 2415269 5973086 9953910 7876424 3500476 1289528 4886013 4669718 6477237 2691776 8321720 2443273 767893 6738055 2304065 9894346 1932307 4184516 6911051 5344742 4529641 7067016 3359386 8060294 4178485 5467074 1400490 
1806033 7443529 5863217 3892416 9941816 9217721 8462309 914402 915877 9056726 8541108 8471686 9041832 3109368 9315818 4688522 4692186 6617459 7420264 4955088 8614206 4841424 3903782 3961728 9478974 9288949 9681982 7458675 8119389 8280590 1414766 633317 1247402 5713239 2619342 5650543 2609246 5935073 510372 6216884 8948079 4870060 8271994 2663440 6682949 9798231 9938312 4140282 1567014 2460554 2461984 5687005 990539 9573104 5032316 1452235 3582957 5474079 3455339 3256512 4402914 3902077 3636761 9218060 6888085 7399399 3418814 1818295 2184622 8133369 2920648 7678181 3523496 3676225 3630184 2465359 5916014 911462 3298965 9547197 8093369 5314203 5310692 
6438995 20626 2747363 3367874 5109325 7957650 9594028 6186381 9526485 8262130 6209066 4614707 3001895 8915861 1663709 3852988 1351041 5379990 521127 4962278 2420649 9302086 4391562 164137 2884606 3910559 2244184 770463 8604738 4692690 95475 9077902 6665594 213711 5814433 4714388 6322222 9127758 7430933 6956374 4003588 1187908 4809240 7397734 3726547 5175304 1782045 8629395 5969478 5091587 5509340 8426896 769936 806238 2388574 5379758 8727814 1043519 1361806 7666072 3789284 2912608 336529 3817806 8230954 3096820 4087722 2409535 4475085 9522884 3977798 5242742 3339371 702254 3192497 7347428 1784630 7308519 1961615 3815320 7652790 558113 8835062 
5778216 6419501 454806 7860687 9841827 7078533 5315146 7113978 1541975 2172972 2878098 3100333 5282024 3813304 7353958 79562 4066508 1770320 6035418 6018575 5919687 4784544 7283240 9035233 6518813 7541511 4008164 7017423 6111003 929602 436102 6648445 6597151 3067329 5522171 4562376 6431088 1093206 3483613 5649306 2802226 4207697 6681048 6546837 5085250 6905233 857817 3882050 9271546 224617 1164871 1041132 3117572 291350 1867170 6033104 4356278 8230929 1540156 8988493 1294615 2085370 2860782 9842731 6498862 2592408 3078943 5993823 4673350 7304796 2781966 2163214 9389907 9175372 8998489 7693592 4553414 5444547 1716828 2853264 3106514 8429496 6821484 
1065313 1221940 2133471 9966139 9750319 481778 3321797 8538378 2303740 8766735 1489196 4254731 7634460 5787043 3025163 70180 5886411 5369923 2632276 6042499 6250798 5166253 5362649 7308895 1733608 3400133 781595 1352218 7845697 6746033 7809040 9139922 3676755 604847 4791983 473462 2966466 6472029 3251241 9659276 8691595 6107643 258690 9835771 2051270 4436907 3052823 3910472 8607329 3093644 7066035 3761999 9540635 3118412 4472747 1724556 3668601 3747320 4708003 7494906 1655026 4793597 5131082 7129036 6389277 9086720 614844 2015483 5563491 9011303 8651247 9533178 7932749 3923732 2495952 3786114 3321548 912441 2414560 3826480 9624547 7992772 5395089 
267967 8224593 4554839 467246 2831853 1209407 261135 4569813 1747234 6871279 8972415 4949808 2289309 9528606 566729 259602 615274 1654297 5450684 5014729 6893307 4046004 9752830 7407856 7449352 6310834 5489509 3868774 8711607 523115 6179149 9043881 2496764 8403875 5392189 9153477 3234185 5329699 9873775 1925469 5822049 2743582 5389831 5322492 2302969 4737382 3102663 5937065 2407436 614651 6901363 1297218 2988298 5923256 6687281 6041978 3398545 6872017 1049142 3749134 150217 5422886 574929 1357274 9568605 3555294 9942865 8509177 2643403 4607729 1342003 4068088 6121659 5112314 6410762 7143606 4596964 7560002 8503126 3354702 8536394 2793388 8304591 
5704640 2299234 7825203 4467858 5687521 9043357 4442693 1609339 7912073 9289218 9121770 5114125 2331108 8973571 408193 8768920 5947157 4904800 9893546 5027925 2683260 7578541 1594019 4341387 1000800 4253006 169783 3341402 5946398 1680528 5447914 2895640 1105487 8906056 2159857 4836614 1925283 296310 939936 1117948 7720633 418227 1345591 8895592 756791 4231172 2980771 4324007 2743472 5582484 1341733 7062567 1055955 4838915 3520002 9466287 311537 2087641 5619526 389372 7576091 1413690 2463140 7118931 6773144 2349670 3792214 6081863 1214945 2347341 5465731 2848607 7747042 2723285 3851796 7576287 5023075 5271552 9793155 3423668 4744013 7196870 3644901 
632972 8387230 9906097 5001953 2079662 3172463 9749980 2865823 1652115 5786582 5245541 4201644 2218686 6406300 2596120 2302157 5815009 6973585 3671237 2330044 1884899 1757903 8735091 7144223 7941705 7997605 6223121 9465935 2682309 5836284 1693528 104186 2857987 1976099 7430959 9262459 5148844 1064544 1787947 8257876 2386251 795377 1165932 2557194 1230361 2981972 3516725 8968213 5548098 3439525 1106471 3950988 9317715 4500788 5689840 7340990 6179787 2172545 6646024 2915919 1843350 8102203 4409887 5117606 1979649 62052 4689143 6885143 8033578 36883 5789950 3074942 1022865 5314096 3724053 5849430 6194005 3297019 702184 406741 8484266 4426831 8179106 
6888337 5186450 1613369 9642125 9935817 5959698 6125526 8669414 4125527 4746445 2267224 7755994 3147027 1310491 8582846 9879547 2758430 1635214 3570455 8856607 6398897 359075 9015463 3071758 1440089 457588 6362121 2311815 1366407 5938344 2462430 545905 1429023 9140002 3668493 4658691 5987989 6170814 2139250 6430875 2226183 8017400 3367638 6233532 3478104 1169371 6333439 5023562 4787041 568993 3411152 3133286 2976636 2422034 139407 8834841 2067838 2110737 5718459 4681604 8646110 9109815 3235526 253864 224244 1964209 5005901 1029632 7369007 3593300 8990423 2136841 4935791 1140203 5721353 9626540 1086162 6087179 4965157 5039923 8169726 1388167 1225243 
6027141 4773652 7415826 1940445 8356392 479960 5359145 4797745 968998 7424694 6623573 3574606 2548863 430741 2539089 5701963 2711610 9747393 5594235 2039177 6269140 812280 6137761 9591303 4166711 3909827 8656258 3541284 1234392 8520627 3081962 9093324 1628999 828380 40582 236647 7050708 5170983 5501924 8015072 2634563 2440814 6369664 6680095 5033717 8104724 9949775 2942141 2791354 2754848 5086792 8022491 5971951 6735321 3432389 6992997 5777433 9556978 9502722 4704208 1543944 2060193 8215484 3222828 3784848 7495465 8951185 7952414 5064521 9806850 4822994 2609660 7102778 7948335 1406612 7020032 3502783 9768632 176883 3493766 3978196 9678027 4417884 
2839456 7379940 382943 9378503 5949995 3469757 8289219 5364650 1243173 696426 1383511 8933003 5692503 7234065 5610485 2997813 2192867 838188 8562815 1722366 8475715 2692956 3648065 7529848 1196830 2932500 7023396 6398498 3154586 689395 3393218 2128966 1040982 9356022 7313611 3761037 6630087 3722818 5204189 9071965 9252883 9901267 4876400 8456490 3367824 7868405 9882020 4056960 304606 4664703 9796034 4054143 9618729 4952694 3156454 9452783 5265309 7731783 9159941 4120930 6474809 9182220 1526413 6330494 4930616 5560028 6267630 9189995 4695450 943500 8346362 4619096 5043621 9290994 7468472 5382801 8353158 5549493 9990418 7684671 8094654 7528909 3630977 
4127010 443014 8883213 3132817 9292909 5132499 252661 4248616 8726989 722959 8060859 1473144 9191459 1192616 4137690 8754918 4998485 3796640 5234907 3317577 9181359 6291860 462462 7102091 2720297 1427640 8946202 9841603 1160280 9879727 9794547 3402949 1620833 8752878 3513907 2285404 9445064 2130126 3529438 4541902 4672482 6180134 3770243 9400665 2837021 7630199 9839631 7162939 3601043 2091121 2464782 5851346 2616387 6163562 8651912 9622857 5220993 3763142 5401819 1786972 9151963 9490472 3949214 7349444 8861023 4396209 1954271 9312716 2042719 6932899 4693247 6413533 9355848 1861074 8498156 9028090 9456012 5989866 1647248 2475480 7527088 4431609 4879960 
9499233 9846798 8848498 5752540 1196157 4253500 6169067 912780 3230297 466723 7234757 9001981 1061733 1780122 4924513 6956564 6649206 3247940 8200935 5114496 924603 5854480 8036255 603789 7406937 91442 4291561 5120227 629174 3769288 4340047 1302943 1552848 6310287 7605847 9681128 4925682 8831409 1911681 6987368 3376248 9567247 5610782 7751424 9658168 3887107 101472 575128 9163555 5763553 4336918 4146760 53374 1108115 5780147 9832909 4979945 1183794 8806410 9023584 8644217 2178454 4091840 7552014 7094587 5906969 458830 7865604 9555163 6446847 9350471 3005319 8755760 5636717 2361318 6811561 8602239 9395442 565399 6392523 5613854 7525544 1943941 
5095325 3106240 7005694 4827631 1953874 459401 2779924 671372 5596060 2694489 3799203 4032752 4825026 4843892 5429166 125031 9830290 3665455 3147073 524741 4584008 1537155 8373768 1254608 4826447 6320641 9917346 2771103 9936806 2417179 9977077 3652177 7649692 2524363 8291068 492114 9706596 3332902 6844605 9737359 4863577 7042312 8251226 2069095 1465716 8937853 3210725 5381694 364018 2855493 9274918 74345 2863092 2812247 8931206 2062410 6443297 3912160 6187370 6186063 5623602 2350330 3477558 3666293 5685941 2024595 8378124 4923846 4864592 6454857 9683701 9144259 7333454 2690078 3950540 4816714 702526 7720902 5629066 5755012 9710552 8288715 5476561 
4982041 1438691 6642967 5667925 166753 7618481 4917128 8296573 5820566 8866423 1662641 2573831 9916946 3980005 4642916 4918953 3005919 5786487 9160661 9476543 8557192 9079110 9213334 828329 4207672 6619250 1655279 6690750 1643801 9349914 5571716 193933 4172979 6212071 3416382 4327070 1716631 8154741 2713386 8764414 9324994 4713328 9488767 4679417 3485315 5319130 1751298 6249695 8611182 1102490 5093279 2991543 8840537 9679463 1452158 9311819 4411945 6508208 6796417 4509280 764051 7940445 6806381 5346094 4866383 5883243 2134188 6888438 555858 4538789 7162576 9755330 1770781 5784527 3957450 8616042 5954475 1210153 667192 2070641 8189282 962795 1266497 
6289819 3712141 4588285 825547 2520483 822731 4169118 7501136 3001627 4426170 4285061 6853657 3846314 9047618 3493136 282793 223813 2716541 9670021 6878252 6695161 5234866 6342292 8398430 6937880 8482007 9507389 9845800 7400890 9439761 6682892 6913715 7599140 9968704 1817224 4990197 8039282 1447469 4131049 1567055 4398956 1274689 7932168 5639595 9348272 5729273 7377286 8391957 1802426 6459356 247964 5061614 1651404 1793204 8087690 2355035 9089155 4269945 247387 9440878 5424643 998691 2294387 2192241 12165 9090868 8916802 6618775 7069687 1146221 4503369 8438074 7714574 6225246 2870110 465997 3952692 1306670 415262 6748850 6839031 7652450 5108910 
9991308 432439 204436 5139420 2144914 9135864 5825169 7159551 3252090 514451 7216272 7802465 2420198 1045241 2712197 6855173 3611395 9903035 4307658 5980403 4750184 9421182 6355157 1555764 5788070 6425256 1693310 4366725 4781965 4843752 1972859 183711 6983067 8529128 6619364 5342650 2846113 7530286 7530422 2196467 5197400 2457715 1583584 1465595 8897970 4806480 9757609 2901599 108002 6698263 2514953 6251343 7995975 7832511 8187826 2018233 6949426 4412754 476488 9808092 9714291 4370722 5331984 6738955 2999800 7150572 7321510 9405801 2444075 9882966 2491705 3725809 9864522 3479082 6340392 9025246 9963318 8832763 9355295 3561863 3635774 164344 7782698 
2010832 4667790 75664 4538313 8442787 2782826 8441400 9530424 622342 1385651 1730073 5539887 1834009 3544307 1553130 6501107 9009247 2484983 2357823 766259 2584683 9957080 5106544 1054449 3591459 4909659 9029893 2765973 5230393 1453013 4408522 4673565 3733275 2386907 9162347 2287759 7804312 377381 4230908 5816186 938600 1928517 8458312 2952225 1542054 8160563 148273 4968409 713996 4399823 7773519 6005659 7246093 1760093 5402662 5729178 8170906 885836 939122 8240789 7891378 8875076 7291421 8839492 473119 5158740 5184811 6374448 4225963 503812 4182705 7348955 6785946 7624569 5203281 6304695 7336592 9040058 571962 5322471 9693716 2182334 5650980 
9390612 8883536 5593717 5931891 1946886 4670330 2945251 8579538 8773317 6571630 1491311 8961394 9447659 8365125 7027071 5117213 3927899 1094369 1475094 5988118 3255712 1096520 8416424 4860459 7375882 8136544 4442651 2560956 8334679 7494621 2541346 6005856 4272155 842227 5587987 6842966 1782167 8996301 6202699 7457295 6755612 502883 8456519 7196711 7248111 1639474 3057651 3630795 2156741 2827534 401237 7292932 310237 7575293 7849506 3342968 2621810 1796087 9805074 4152248 6147315 1122653 5901392 9152483 5062333 605884 2491843 9104932 3602350 7844471 638727 1216772 7686884 5580989 1431358 4116432 8685473 6903939 8678656 2715002 9044989 5810171 6988650 
9696137 5627924 2187571 7629389 9388308 519993 210701 2758596 8756607 3015457 5588674 1525320 6818116 8797160 6355417 3961584 7760277 7958981 4978608 1531062 7008739 6562927 9128881 2415302 6088201 9107759 4635643 8359414 7225128 3792052 1075970 8017677 7406483 6242377 5263648 9126158 12389 8276044 4269015 9504496 9293251 4471639 737828 8015546 1522288 9109504 4448651 2127444 3645994 4313741 7963483 7913201 1212999 8990018 4959723 3443120 9480559 973366 2094409 2348446 3151098 7098650 5110625 8614276 8818952 4618134 8220868 7511692 3919442 2563974 4114903 2514852 711871 9235337 9492710 2992008 5966838 1076328 5331112 6642908 3114723 1728899 6496916 
2809102 4106494 8602322 3583456 6680633 2600899 748482 3396543 9185561 9176319 2342064 7884295 2845737 3490481 833885 3439014 8784173 3367148 4834980 1841042 4408799 8464401 7558856 8521180 3123127 61909 7713161 5844743 6807415 9917251 6317391 1464516 2509969 3272190 8944370 1786332 1350623 1805992 9166191 1594661 6082482 4094375 1307537 7841523 734869 4503572 7209166 5930235 1687523 5246742 6348973 9296864 6153167 5186965 5007524 3459334 2067658 8458528 8093631 9852505 6738465 6722501 255175 6281535 5758962 4157253 1802842 4798773 3781025 1148477 373448 1157095 9880884 331463 7410608 7322361 3881510 1372020 9424903 5055328 8338172 469302 1356333 
2698828 3115772 4371105 6613455 1337225 4244426 8074048 4167858 1940917 7643529 9087668 6033999 2659961 9457212 5256647 523266 7883140 2585608 6993693 9873062 9266296 452090 3267408 1640340 7156046 4687095 2855206 2688502 7675654 3246838 9935558 3048472 2213100 2337972 7583582 9965761 6577090 7365330 2931728 2722994 7867356 7062435 9930278 6406589 9299674 4070452 4392058 2905589 8405965 1417466 2521707 8305096 1671610 8271892 2117526 736920 8896871 3009020 2407495 5921134 9388210 7489462 7479358 3781134 6209427 7151559 4028031 6513078 7040410 7959525 9797713 4701912 1637627 572433 7528387 5133473 7390933 3621423 8617611 8615438 1394860 6751280 9602773 
1363665 9791770 5973886 7652117 4546687 2549534 2878903 5419457 4947656 4468621 4104874 801107 2308229 3085935 4308359 2147388 5892259 6820316 4794111 1826146 7249686 5584131 4532143 53347 5881849 6593197 6218637 8707854 8043280 5679134 2003330 5392176 6170588 6611200 2357121 3016525 3621212 6102292 8845786 6235172 4806467 6251645 4362778 1367849 1231432 2860454 3563220 2835680 3995469 9606937 5387251 2632271 2055797 6927946 5519647 8462657 626356 9342066 3759552 5104066 2642195 1808310 7020892 4099277 4560960 8575803 6669999 5954297 9500299 9257540 4267556 2363228 3927486 7999714 3141088 9167894 9804420 9158414 896283 7173966 8355662 8173434 9522430 
8127129 7385265 2245551 7671337 5870391 6914440 7105053 8347432 7119970 3045441 2818166 6253087 2336048 1931711 5154154 9735452 2891862 8828550 377549 8259232 7876882 6035321 2233839 2384625 8132283 5641047 7112150 1421934 4756203 7684114 1734977 2379041 5495427 3603830 7397740 2841007 8375647 1699351 6858342 5029772 6458693 9587983 5259871 7374306 4535775 6837982 3190686 3013149 9749542 4370664 5729079 1245622 8850288 9648944 7775697 8476263 9135206 4826125 5555029 6917251 1458777 6004231 8907995 9574378 6505198 6767506 5718276 7167497 7957960 5562260 7267863 5965715 751514 810842 2632031 9685306 5889858 9318031 8712442 626868 4459074 1953394 9838046 
2080515 1253229 2759793 4925607 9101500 2402762 5582042 7437878 5008798 496469 8824174 1625883 5647950 5193897 865001 5802019 3422980 6838664 6258669 9533761 6946184 3166699 4321159 1389912 3944260 824078 5244840 4068785 6732961 4085082 2427687 7974067 8776151 6462605 4033268 1206170 7175084 6339970 9826325 5870121 5273066 3616277 9935016 5584428 325726 2929916 8460626 2392567 6814905 7305634 3597454 46954 5467414 7182076 9068180 8273785 2668507 7051103 1109504 3266060 8384112 9169391 5797880 5510250 9402881 4519548 221791 7833268 988175 3032446 7466262 3423069 5859264 8137239 7081355 5916041 3497146 2344431 5489123 3495980 1496344 2762506 9309828 
5194598 9074308 4814106 9366431 9521981 821549 3007528 412174 2996029 187566 9526521 6170471 5604797 810028 6880026 5425996 8305895 5811004 9617982 1159889 9092896 1459014 1085523 2019753 404734 7297068 6936143 5154351 8626935 7493873 1064394 3286815 2678536 6403610 4033680 3837049 7927633 8771788 189810 4718286 3580439 4827380 7004262 358819 6595932 5720005 4472152 5299680 1315597 8592626 7913859 665010 2147496 3229839 3900258 6759586 5092637 9323235 1564838 3654611 5751480 2822513 409801 517111 3005712 7555516 7756932 2378871 5224590 7111038 5266888 5490681 6806259 7614356 4018085 710501 8871342 6835467 4707982 5638534 282404 7069881 4603296 
8597026 1908903 9042668 2125646 973475 7737157 826622 2639134 3848032 9609494 5814499 5715025 1325107 1353880 8678837 2388438 5033246 1160411 9739220 4144485 7323312 908541 7389891 5458860 2762647 9951902 3226770 5471979 4999542 6043888 6233817 3601152 5332385 6692264 5402124 299595 6584249 8398869 7187586 1924621 2802594 4312456 1345135 1777763 4898114 1596344 1896819 3377510 8889078 3788953 8873639 8349560 7561353 30162 9283677 1530886 7327859 1662307 5013959 2790254 5574839 2136263 2798956 9291269 5631876 9762745 3869513 3729343 4250787 8893959 169300 962240 3467012 2487137 7342980 5437359 9829716 8532124 3991777 7794297 8401589 2200221 5176684 
209010 1898232 2252602 6884476 3238806 3987769 7986317 6273765 7761398 9500668 8418229 1424098 2942056 1110981 1974984 723018 7274704 9102367 2035826 1262418 3702561 325443 8054912 9905609 4376659 7378328 6925778 9078310 3263349 1410054 8986867 2699655 7183197 2855485 8243249 6803027 9876726 9903748 766358 1057268 1695857 1322010 2035403 1111732 6011156 2518936 2243535 9369357 9856560 4286821 1723246 6134606 6276750 8230253 1322565 4222615 50557 4534280 5064365 2261780 2312482 772081 4368002 5029625 2891215 5581041 2087720 1984401 6702595 6320108 9243752 6923270 177846 8021149 8290677 862031 4779344 7593115 4616573 6908644 8960818 7807420 8076780 
1621850 1868053 5501446 7938063 9854486 7490419 5941166 9595967 6319947 2743089 1924968 3457449 317910 4462142 3496767 7363868 7476090 6414889 1196759 6335519 6308411 7356464 1196038 8925203 5243954 8984907 2186315 8682470 8870762 4300616 1033805 2601220 813212 4591139 3954123 8155559 1323393 3184434 950085 2121307 5224076 4358382 7930275 9632988 5762519 4199844 6195545 6613591 6712754 1585655 8055767 3687976 7921264 5001566 2174388 5248062 8564395 1308690 2073715 3727273 124392 7018320 5130995 8927448 2857384 6599583 9183237 3552435 7514869 6478351 7981354 1868223 1979509 5237332 72327 7735566 6618675 8892373 2381145 8236395 2131689 5850453 3662031 
1896462 5694457 1033502 9990710 8600666 9362901 3251051 3230436 5141473 7048149 4104091 8646129 6053327 5712982 717015 9766157 2971185 9559229 8001183 7290870 3086023 794954 7641723 9972661 7786763 1956555 8265721 3630839 1373502 3327670 2619074 7464924 9906682 2915539 6272795 4143605 3931381 9385113 6425903 8906787 5322962 721026 9138022 6647777 4093821 9581767 7141503 3219931 4600237 8027005 5664892 6518714 3678166 2383684 3776985 5755705 8755992 9058900 3518470 9925203 4099095 8829552 7780081 6534931 9591629 1429849 7296798 884887 4606641 8903765 2721882 6217391 6637709 9193070 3116785 2616793 6902123 5042555 7274023 7519608 2024345 7760784 7191702 
7270999 8594113 3824029 8162034 7871575 4972926 8043716 3074736 3002944 920376 1728745 3334630 9292681 4847691 134739 4852 361760 2870354 5571474 2903624 810144 4477032 628507 1482706 9777993 9012493 2690425 5798170 1183541 6185593 2259633 9811311 8424102 8040826 4937897 9265577 669257 3896023 7715035 5844036 7836904 1182375 7429303 5152546 84002 6556855 1929549 1071397 9554984 1524659 6249468 615123 304402 9509520 3941117 6610788 4176913 3023399 6466770 8580371 9165031 5142461 8941808 5323290 6853781 1419624 7134844 4840294 5666979 7934729 8806934 2860215 5995918 5994780 6022282 2035907 5732640 3321360 4540010 2428563 4918554 6130325 9905554 
2713110 9027516 1462404 1526183 3989538 8622639 4469546 3780407 7972462 7623528 7888883 4589698 4507971 412735 8672146 1405909 4285041 51104 2334322 9409254 4126187 2663892 5609418 2239175 3041657 238 8260826 747470 3180839 6607397 7728510 5651934 8117918 2713153 5854116 6596986 1506300 273565 5399676 5697221 230177 967111 9120604 3812636 8806591 1027793 5262295 5758023 368738 2106270 1268547 4532002 7528998 4562732 7270053 9254958 4265015 4118275 1934440 3599035 7004030 6781267 7321848 4687124 4435356 371363 7968599 2230557 6314671 9044652 820124 9092935 3418957 2150476 2292064 1675255 524697 6524665 4773965 7810752 6590063 9428667 7725644 
5321653 5794929 9745519 1007958 4366555 4381860 8199572 4892591 7834290 1371087 7897753 241837 2325159 4584784 2476591 9389062 9000140 2521869 3725047 3565832 9736673 9205302 9471453 7336866 287130 1168419 9580019 9119356 6496041 678543 1445211 2155401 9257078 4320728 7872691 7307676 8894575 1251288 6871222 5193666 6879624 5687652 5876099 7927157 6679595 1110205 2297033 2520151 6090811 3213875 1740191 1279457 5142760 7112102 8816545 6988576 1011189 8549733 8558373 7172611 1477060 5941989 2437575 817957 1327049 2731705 6553539 7698663 9171120 6781230 322391 9889172 6693362 2177257 3876848 6722670 4043470 2777107 2280550 2669931 7927426 27672 5031907 
6942228 7336658 6030842 6886341 7128244 1923663 5725996 3925208 1507655 8047694 4009972 9769827 4468570 6656986 6770718 6558656 4215569 2874769 1576302 3884036 7222777 334915 2105917 5991295 2854871 3570607 2109790 8741894 3310355 7132344 7965407 6389864 4184133 8173782 2853759 2845330 8010157 4040040 4477107 532448 5002632 5903226 3017969 4192854 2082463 8894022 2649361 7779163 1654183 936726 3570580 6414104 1418989 4552034 7473192 3006241 7212555 1135678 8892681 5908132 7894446 2811969 4618372 9602689 3812606 180921 193852 9336819 3035305 4180412 3164370 7443922 1644496 9999729 2843732 8213911 9575878 541900 6975959 6789093 8686655 6517795 2324146 
6773225 9497100 3242648 2836393 8559399 8953861 8345059 3778767 9534869 1454488 8024095 4247395 2415146 1294623 8754570 3821755 9239681 7895498 5438232 6163122 522241 9000942 4109318 7999080 4938535 1865102 4687217 2954701 6311833 6346229 9471015 2620601 9606647 7635013 886360 8785066 7610094 4385371 5251000 839803 6597388 7484730 9402700 3119744 4693635 9307727 8236825 583470 3702824 3717241 263191 6696423 6293569 3643727 2270917 6366405 1501111 7125541 2296098 545280 6828964 8715262 8469318 5700674 140892 5412070 5311378 6196374 7902726 5747029 6946447 5048161 9801494 8768203 2445122 2729793 3133677 1516275 1381228 7132175 224993 3768009 5339690 
