13 18
267118866 294519797 29173616 34691485 938618302 93252174 158237315 777606722 440756633 650653251 568427357 280172877 391063177 368560492 782820814 172989336 367944804 802780359 
723557134 608745209 214453229 761555842 785789875 434286879 491463048 411349711 201447505 100463898 732091017 380083890 839891797 45689432 801012524 503370198 541517708 27927881 
550742507 440052745 731620106 383344371 696192910 513251224 228365426 193951670 911418543 538943805 929196065 60376813 878654242 686289817 262981420 990210183 206306164 476034365 
964614002 265857552 604640383 490378932 74566358 26722837 27902611 801534509 854970226 248437722 848737625 374318805 674243350 393516730 714025198 569497497 563706840 436116150 
35539622 147513182 145152811 476553615 701897851 268012351 299083916 439270194 525006023 721262253 616387323 931365226 363765738 970833098 863588508 650524915 81272296 568905370 
262485358 695836350 531484421 157565721 432913757 959718072 945595909 243118670 19746516 38726234 989287131 201203796 203081725 99648010 569230882 648959300 825081574 824322062 
388786600 457818123 475840381 322183295 713329984 35313001 158506225 558434806 977960629 15705041 106553184 221536654 271050977 820286950 378549451 581932323 590274737 536955182 
767186533 639540261 694574574 829655858 606533526 644789685 552127444 384845410 755037567 740347161 603533017 885911199 148485346 540909326 376482462 530536345 928170924 237810532 
302642060 562135099 451590978 600110339 965939535 235544720 706307470 869906823 704781039 271348856 146474102 584571952 559350401 658942663 963458158 977075414 726261819 897626000 
490103379 55949281 795544829 157307258 401160183 563090189 757571365 149464901 89283221 562317102 938756753 577249994 285506268 761221181 14769855 891755955 370238867 165497847 
539106368 422639345 671324050 111794335 453113766 844094838 980152406 21166581 500195681 305451130 155435903 196458410 240694183 130046270 795376401 940586102 230785727 663545058 
760663904 662058682 829891174 422872551 116680937 458677651 907453477 490237698 839502961 769233993 893694515 322652631 334051595 21681905 760270187 476938574 779662310 930005350 
779495707 27869127 469134178 707389806 188731192 478178977 667110428 687739894 530066801 34288793 521827702 875506213 292135737 686069371 936394219 550688719 141841683 886916315 
