97 70
1101932 4953529 9709362 2860764 7552431 8981903 6463353 9556216 7388020 3769900 4634574 393917 1369991 4790052 2410272 7233752 4873493 5911739 3365138 7044355 1260577 7427351 2471265 7686097 4782744 2406300 9536836 7475791 3612539 858873 4757212 5297465 8466161 5600520 4899987 2032884 182325 1537158 5606754 8438724 718680 7790312 2186566 2598487 1750196 3829480 6599954 6727129 2622363 1701786 6459669 5560097 8479924 2017039 8849047 9824904 381083 1480717 9258480 6169838 2557922 3782353 7464921 7790805 4254338 5555736 5108137 4468803 2171635 1731671 
9533134 4009190 3918129 5011968 1367648 806888 3232026 1966744 691124 3024913 837047 9396308 4958296 9149729 8853223 9231089 446170 5872240 8667849 8107188 5248327 5600324 4565133 9861065 8196188 9849946 9077286 3997303 7568623 9966416 9111892 3274559 6286980 1639430 324525 4527608 1984769 385438 5393647 9420075 7647958 4813737 6385511 6715874 7802965 5054217 7128584 8146841 8212065 6362874 726825 7828443 7308059 873432 7302764 9652547 4993066 7607380 3468830 284462 4010870 4702980 7992481 8674902 9255260 6808449 9657845 772567 1170787 1717699 
8476539 6892633 2312459 7804599 831205 8923771 4542846 2430126 1702510 7863657 7740603 845400 3386877 9687009 7080049 4632917 999846 4291372 8789209 3998213 3543259 3529202 8929431 2605725 7483928 4705105 6377687 7730707 3979126 878966 2378452 5814772 7917107 5081848 2871732 1497254 3470732 9404972 279538 2015424 2920024 1601008 8462501 8729998 4212588 7750599 8188509 67069 4395958 8719532 2213784 7263157 1360533 5319632 3502755 3241946 1912327 8531839 2198229 8638594 5990627 3410780 3146003 4828192 5580051 1140081 376016 743818 723674 4828714 
9741309 6770860 8361886 5111789 4861995 3597410 6785669 8374642 6551621 2553341 6582383 6268216 9210169 2691263 4196283 5320431 8172090 8007652 390961 1833735 3032345 225232 926015 9193667 6459824 675869 1017995 8265594 5406532 6160390 4710224 9974422 6146673 1195035 3410603 6884022 8993098 33418 1882998 2867422 8731474 2162085 8561522 700128 1009591 486160 4006587 645086 9838839 1398833 4572515 7434171 6909263 4075086 6459577 3746250 3946351 1139804 8791473 6540916 4270109 6088494 6730910 3641517 7700718 7839146 9801934 6716321 3169775 9194758 
1584107 3610933 869542 4674116 1301886 5973479 201711 5066378 6236628 3923158 9447149 4698320 2388478 211131 2685706 86911 3313602 2822284 4482058 7816867 4514515 92317 730526 4052573 915679 254015 2538377 8194465 124998 4255705 8442885 9312048 3856937 6400493 2029528 9441665 5412978 9198572 263134 2188621 5916004 8568951 1456182 8802799 7342692 8660011 1697788 4865995 4594184 3255558 4342800 5051955 8767929 5977786 4269960 3949779 4666324 7807607 6782989 9300964 4356208 7857559 1357942 9540606 1028258 2086951 5699104 19563 9791378 7209575 
901523 2411908 6937063 5832039 2811973 6481203 1639461 4962220 4033473 3627838 6755296 352553 695299 9038671 3726323 4390063 7135784 5939609 9522191 9655003 3875198 7005462 8084606 8367666 6325202 8718641 363201 1032780 475609 6053393 8527994 7260334 9486505 1763111 2658273 6910998 7456194 2278903 6133859 4783757 1281665 3843301 1351721 4334398 7921614 4309609 9513211 7923633 5245392 7804676 4898767 7921739 8131202 2055791 9798621 1815601 4391532 9991398 4410387 7858699 3596323 7164515 2103650 8687097 6213133 3749573 8988820 9373455 6581655 2823771 
5289432 6058965 8089769 8936839 1824905 8815695 1323445 9364482 8517574 9887006 9356471 3428405 5625547 8243273 5682493 9033455 2631131 5247813 75303 3230697 5264260 7697923 5791482 9554317 2783415 1109563 9190258 2774572 5516251 1261172 9358636 9543673 1269620 4701552 2863317 3598667 6762611 5447987 7376976 1459437 8761607 5076419 1343149 9135054 7879515 5261389 9794586 2929078 4118873 554056 6236185 7073595 9286905 486160 8185026 8161163 2149703 5841701 5459969 8534872 2289737 9023904 4393413 6565560 4488476 5380508 2182897 9331826 3886599 3221006 
5796033 5649675 9205200 8941584 4068415 3341542 7745459 9825258 6079642 9785240 1086208 437035 1177979 2127232 7428737 6695966 6973886 2764062 7354113 8321242 4338735 7311674 8020002 948684 8756367 4653465 6969894 6733 7288103 8393157 3406237 5732592 6499802 5983662 4646599 4637658 5833556 1395216 3982443 1122330 7218073 490866 3015766 4646919 3300741 2690333 3053641 6040803 5139978 2135329 4689886 2845113 5474180 5333671 6423292 777871 5920245 9856265 5169931 1440527 6170466 3190853 1286593 7725891 263701 1653263 4925181 1719788 3422013 6926038 
8245958 2803137 4965515 2307012 6736669 5742731 7921413 9363690 5251345 1504843 873132 2282959 9387919 9692402 7689714 8912301 613715 831400 1280408 414558 4520466 2424084 570205 2037876 3456885 355335 8818487 4010827 1113451 4477809 7447844 259219 3034090 4081490 236351 9871018 4162109 3155837 8882860 3272095 2867000 7710102 1248024 8843516 1182519 9970139 911773 6127119 6317717 9427205 8533702 7685999 6878542 9066677 9814747 8208818 1201449 350805 9063583 8895828 3338778 7069206 9918021 6365899 9839002 2335547 9264657 6179728 4479328 4711364 
8741023 7046526 9250095 9219444 4235916 25870 6937031 6120296 1832806 4183785 7739675 691810 9993828 2383452 7365825 5280993 292004 349622 1425835 868727 8909385 3590331 7883925 762955 5016380 1575945 2178576 108035 6230315 5459781 3902742 960025 1594219 3381815 1361245 7137740 3930600 4508441 1930762 9677017 340058 9563556 4058817 5647304 7449133 6023071 7538906 5433909 2888391 5071080 4300052 4788186 7035047 1788374 4972535 5973933 534901 2554755 3594933 8231966 4137840 71038 6931235 9829980 8718047 971986 6405092 8162024 9146124 9662353 
5385422 5966522 4073837 7309775 1679491 2094201 9791644 9290913 6402940 1236174 6542652 6140884 5510900 7569814 7182458 336375 1045255 4327239 9453813 541458 2089695 1541142 3335613 1896938 7167668 994603 8395847 3174421 3034866 6061160 6639307 4630233 246190 2479312 9583146 405173 4199904 8896451 9457142 8523473 3981560 8231303 8852258 4199911 7628299 3930196 2278038 3828556 8971881 4486963 2207730 5662201 5516617 7370000 5159393 4182553 7701312 353260 8539453 1477215 983534 4342590 2442006 3979875 9318564 887717 1391277 4315920 587023 7206210 
9811700 4731190 2279302 1860402 2620603 3853434 33499 2501862 580816 1970633 9271962 6784319 7528749 9698779 3238257 7592016 1247471 3746563 5991931 7383460 4497197 6493280 190095 455708 7512420 9386332 3718823 7494752 6024541 2544842 2262742 9365123 3156066 105436 4662333 3469791 7537772 9103606 2674258 1314191 1390782 1399818 3854269 4525522 8498050 2280989 1093243 1100826 9792181 1241350 4274311 4074702 5610306 2323639 4389732 308112 8677777 289600 7416033 6498026 3947391 43006 2945329 7479669 6482574 2588085 7315165 4687458 4110259 840489 
1491816 5375201 1089493 7175766 1656835 308007 2915882 7085005 4327278 7257554 9219521 6723787 9138813 7577046 5964583 6045705 6599005 3224204 3838929 6832390 4367402 4082642 8567441 3829463 1512616 3364363 2328720 6341087 9234614 2606347 634647 9314644 8355756 4015533 4459012 5572820 1769984 909689 2141364 3487349 416375 602479 8663073 7415854 4897352 7641389 7498643 7044212 6712183 9168021 3767199 125151 6876011 3877756 556165 5764114 9756759 6127234 4593048 2537123 5121292 4719898 3402416 2535118 6621253 6443549 3106986 2922249 7682341 8466556 
8243034 1042846 398986 9247515 481344 349451 8761875 1486745 3574925 2125625 2769944 2221373 6397747 7254008 4700224 1415629 2560006 8085128 6097117 792132 808134 2448611 1294443 9115668 8760906 8255774 7981253 8683076 2429566 2418386 6693003 4457549 5642679 4295942 9686862 2860208 237431 5458554 784881 2596862 859810 8694716 5822219 7906922 5944231 2169569 1654107 1630668 3290046 3038824 2823346 9361482 3376187 4536579 1814028 5183106 4415526 5632046 1685040 8090047 9596264 7817017 4994092 280019 903457 2171614 5023808 9961613 1765032 3815140 
5405062 7592914 9141099 4857584 1868571 2706154 5833580 41953 6174122 7849237 1318818 4788240 8869259 9810673 163343 4879743 2578094 3151706 8640937 8027417 1146873 7057059 8448110 7617946 9101346 2500190 2074261 5922334 5101012 9928162 8718777 4570910 1730214 1658262 6064370 7664520 8253400 7468286 5726286 6066341 9695328 5565986 332639 4053430 7706106 7293052 2012756 4632866 7752253 498814 275088 5514730 6941964 9480030 4150796 1612439 7809066 6658733 6791073 7861655 5817089 1153706 5717518 7350989 911579 9472383 6976447 3210835 2411113 9608747 
8859573 4641037 7850392 2299444 1651838 1665475 6697338 7172619 6816297 9594150 3587083 1606982 7169183 2905481 7767442 745900 9835844 2377831 6416748 5496300 8960149 4800304 6461701 9679354 9002053 1779228 4685252 3854010 7751469 4246278 3901453 6838943 7273438 8916065 8403043 8626749 1548040 1975295 549734 8077176 8067058 7642796 4853197 4132352 9000919 2162463 2171115 7716586 5769968 3876044 4063659 8840135 7170424 3645941 3878191 8950801 1300235 2173287 6086140 5632840 3283044 303499 4441257 8296575 9808084 5841754 3174697 8877868 9669531 884907 
7499505 9352939 7846496 9930665 8336973 7093919 5518170 5041161 9080424 8980633 6700022 2758533 4282893 5140269 6363904 5192601 1575992 2629227 2189394 4776645 1653222 6473969 7866961 5089987 1287955 447189 8623497 3295466 9344176 5019305 6060478 332746 1763138 170748 2675949 3098645 284067 5630872 9317986 7370321 6529195 1320736 8852546 688909 5207412 2939146 4097436 7205740 3224993 6878093 5654671 2720041 342950 5598838 7759409 8139788 8998999 8011677 7314038 601825 1220106 2959635 9623230 37154 5173626 4228420 3335424 5124845 9570225 7080943 
4777745 1861581 6455535 7873790 1145088 6513855 3636333 4048960 8289085 2196181 8494923 4428300 3041825 729009 2972893 1641327 5966318 4226454 3337009 343535 4015107 817024 3663834 1154269 6004379 5374702 9412884 5107055 1185946 5066282 7485011 7483450 9538348 8930554 6121780 1230997 1850204 5142368 4503819 5392635 481911 6231331 9972990 5615433 6859062 282604 8672088 3151454 5216989 3980849 6049900 5738834 1440310 6080703 4144964 4073063 5491674 7630032 8028013 9693498 1697776 5123420 3030886 6096784 6319236 7070539 6479256 3294449 1041669 4667428 
5115572 5366498 1736984 8782503 4256755 2178120 7227539 5730645 1194381 6506413 5026073 7363262 5130203 9933211 3591160 9413601 1870798 8524760 7809626 3687634 4351818 5087113 8858798 6573390 9610961 187370 3494456 6787104 2600830 1475828 6435413 9544342 9074550 8206236 3507335 8985846 696081 2268948 888591 774855 1195144 8860611 4292203 3007538 965234 1250556 7149506 8370378 3429091 2551356 1357975 7660528 7240115 7442189 2779449 9041245 9871429 3693131 3046824 7884543 2698632 8815964 2268672 52168 1800677 9747216 8029824 179137 3727904 9098354 
6468936 7612453 8342265 5831963 8125242 4612000 4833896 1434698 3943910 7098895 2666084 6041234 6757531 7436547 9171906 4408395 1384234 6910511 6310783 803151 100859 5778263 7738349 2559217 9328005 5505159 8200811 3871840 4982304 7272371 597444 6555485 5108789 2875868 7289634 9980317 8829801 9483065 8628533 923921 4551468 1643489 4821241 8261930 3534165 1076001 5397104 6617583 5968520 7797015 3039480 8687594 230079 6154486 5356534 7773095 1571197 4381209 7115482 4633137 3760435 9052140 8415577 3115462 8777930 9005987 9377005 5346356 7496418 1562686 
9754941 8428400 95130 2965544 8052199 6615721 3773856 1761827 8015782 3667249 4947897 556640 7781819 9088068 1465897 4852473 3566447 605155 452310 4783218 2980920 9201625 8629044 1032905 2083353 3403747 9186121 6085895 8642974 5647967 9304743 6731402 6055042 7561345 2934243 8112298 191238 47877 836802 3036660 3392391 4064549 8167841 3920340 3539051 4721463 8301025 9009317 3174130 7359602 7388868 6729626 1867068 6693086 390028 6949043 795700 6516561 3928051 1918545 6157159 4834323 4767897 4706532 630829 6727456 2719646 5965678 1600259 9801826 
9213251 4189020 8406024 6162932 1567490 5141853 9684868 1619661 9090684 4211213 4436691 487481 699214 300121 2443088 9952262 9632946 815438 1060402 4768446 8040833 4548880 3303465 4483621 3290638 8207434 3359927 5501263 1885248 1427629 2263554 2730050 435288 8940312 5490730 8066227 9165412 5889732 4164106 398493 1711798 1410037 9721635 8483792 4709526 2021376 1715298 6974190 7757280 4795385 6323328 3096768 899927 6718674 4014277 2417434 7670259 6775726 8050114 666697 4329603 6235630 2809655 1069861 3207259 1874020 2446338 320724 601256 7858936 
5632702 5617420 9236967 6590741 63615 6381640 4332090 4790690 1268447 2995257 1526531 578155 7085606 3358536 4551007 662578 9828495 1680358 2655354 3820378 5627556 3760292 8113519 800918 9619403 9101327 8430164 9072841 1051646 1346305 2092253 5719321 277238 3144867 9432537 9893458 4260336 5699754 5217277 1414692 3404641 4027145 2819574 9155722 6876164 4879654 4115379 3755130 9335321 2843816 4205606 2610314 8990686 3035462 2781497 6476335 9443121 8081010 8205811 9542636 6060465 9334775 5242614 6875202 5775187 2039724 372689 1281948 5791047 3006434 
6505249 1242606 3347493 1982795 2721795 7947140 8826249 7410695 550145 1911889 9345243 6533785 56903 8776784 3013356 82230 2003976 1011074 1353801 4314753 2486227 1038672 29218 2737509 2408600 3553517 7202240 3405888 6926105 8606581 1357360 3572331 4520261 6811309 9780960 278339 6417322 8540084 6067587 4993330 529904 4469617 3080551 2484145 6131417 582419 8745338 2422130 1060659 9658028 8522380 5383657 8909299 9797534 6867789 4926192 8371079 5909768 25011 7219819 8723241 5971091 1784317 3313933 4116092 3471072 9961468 5387371 6015587 7615219 
1341240 1526813 4575479 3154790 2730211 9033292 5623189 5613891 1316825 7488418 8335090 9690688 5232290 8506966 1342914 3880738 9260446 4013005 7751183 2428739 90217 5228495 1179582 8386901 880192 5241943 8651391 1114406 3525045 9743976 6326500 4753464 2309933 1468894 6155890 1733730 1487907 9740186 3799910 4545709 1402175 1784910 7772160 1816943 4029551 4537412 6533811 9654518 1608065 3066074 7903090 9859575 21639 6921197 7182430 9295307 1890398 2956671 4157681 4980265 1389514 3969636 1106939 4331963 726249 1365339 4800767 4941765 2333833 915792 
7835142 5802704 566592 6631126 3327294 9170986 3730405 7222896 761883 4054460 975285 7048439 5102727 9852159 4856168 1276262 3765259 6644420 5599172 1991036 9792178 7541912 1033185 4191716 8210473 9825685 1762726 5677428 4311738 3818631 3645795 1374304 1219581 2708546 18223 8711790 3339744 9151199 3504099 9470395 2268490 1625495 3547242 5566172 3094579 8488324 6920122 8016711 4552087 5366766 4278053 402486 6235843 8518302 792782 1669282 1522717 960788 5473903 8415379 1423917 7970800 6630802 4790716 5128900 4353359 6864761 7422420 1474062 206951 
1202026 1897062 5676600 642684 8572488 4710280 2233629 2237978 2606113 7390678 2810892 4500340 7184777 265268 6108315 1541164 3691978 4099210 9142771 5706429 9110003 1218566 8106841 6819087 350602 2377218 8010201 3346790 8901244 5966257 4191359 7661670 4991549 1592994 4262090 9804839 3023505 375044 9590261 1136059 4483881 4120508 5004211 9470554 8501976 4432901 6622794 7139661 886462 2337830 1927361 787772 6626638 9953190 216900 1603319 9534616 8225758 3627530 94637 5966757 1286015 3636565 5380874 7178036 4443766 3648795 2349121 5140272 2439275 
8992619 7440640 4979379 2237215 7654786 7768537 1629047 8657993 7722343 1015518 584435 6474216 794915 461339 6356348 6599650 4659855 94069 3105092 2170459 4895253 5973015 5574592 4906294 9490537 4064427 1779877 7663978 4215954 4393981 1723417 9489683 637109 4737214 629207 1032867 7782996 6907653 743254 9388786 6463044 8940285 2033396 5219314 3697543 9833548 9624699 7499514 5139043 1794216 309873 1964814 1274923 5080717 9415492 402473 7805493 6561683 8474818 2932967 7089396 6672780 9273784 3090351 6858128 9961035 374992 9701600 7424750 8071339 
4697153 2733956 4561353 9278544 3495875 7564061 5487206 4670546 3328058 7784381 7543336 2912918 4038538 8142818 6786309 3858978 3999383 9527612 6050397 7877279 5481384 894402 3475482 1712531 3381809 5304241 2285226 8875239 145160 2798024 1787188 6415631 3766411 280098 7492421 3174935 7637617 7926911 7866731 5759906 7227138 870082 6469612 6275125 9661902 7880240 7137920 4148761 2107288 1632968 9199943 5528879 9895157 4351431 4675127 7626281 48010 2275128 5833226 5508793 6549728 6835135 8760316 8541829 6035605 735067 372816 5660581 9883152 3068397 
809996 128999 3698089 4766409 7080668 5705578 737487 3563085 8351242 3513961 5815601 1375942 2833062 9223621 4535332 284145 1370119 1158885 4157669 6240116 577483 2685410 1049696 732502 6607865 727045 6397425 2566853 3172595 4864546 2255244 6758986 6090121 810074 9709047 5963472 8084109 8387237 8671172 5603813 7694338 3804388 1508523 3627110 8912777 7965981 7397658 6215789 6223480 6243948 918032 3979394 6484565 5059563 2481941 4675593 8699364 9339449 7037827 893590 4441778 6091672 948899 2259977 457339 3311266 3570089 483267 8906409 9088205 
369328 5620749 619809 6638971 3013038 3606123 7646225 1331370 2474773 8613880 1600173 6989949 639039 4585476 719553 2768688 1583004 7149355 554266 3234031 1653076 403315 1231125 8989918 6548979 5505399 7215622 5333246 1397719 7462415 9800329 5793854 165541 8401104 954029 4303439 5625587 5712171 7183445 4561052 3260763 9320353 1850105 9580104 4819706 2847404 7962431 4112574 9968630 2651611 7378320 645987 3806423 6528789 2228120 7253127 7240361 6098262 3670278 5722657 3944817 8341140 5606190 2180040 9256183 4394778 8519336 224127 8053578 1700408 
5434371 228625 5838211 4187650 9946198 1152362 7993886 6784437 914145 2373908 8764543 4245975 2605920 7838674 5805869 5017323 6675617 1697690 7045557 1531208 902197 8284340 1029513 9477503 1655053 6278352 184233 4163803 1132901 1170583 8906230 1545731 728993 7964404 3337066 1984092 9834920 6834390 8106303 3739911 7740233 514686 1174639 4698416 8638614 9310516 7206853 5471225 466434 3905407 9167680 7103318 2438232 7027113 2813317 124698 1963220 8260530 1279697 6340738 5620113 5818115 897709 8259480 7432607 3916231 3557361 8163472 9918811 376729 
865481 2107455 1686246 8172496 210742 8514022 9207694 3004104 1834113 9929725 8076628 3640411 1034922 9875923 8534970 3872883 9110904 2476410 6350644 3216660 6999191 1911246 5678362 7003282 8471299 2430259 4339481 9413147 7358938 3794266 7571123 7786604 8997117 165261 3125488 2177982 6307943 7453882 4788671 6938177 8207491 3927593 6118277 2413130 999084 9746843 3081354 9221810 4327430 3326567 2405728 272275 154905 3360419 2773703 5103555 536598 9016918 9940425 9863972 5413926 1862695 5254724 8034598 9971353 1242977 639030 1978946 3698889 6632903 
7062139 1957316 7395637 7345847 8835208 7995148 6436325 8022973 6749860 5976234 3708770 4166221 2826626 7745618 1143247 5126111 3044013 5601297 7742090 26685 9600620 8146857 9301597 1223849 6979127 3383079 2987052 2873058 748899 8473483 5888367 4601393 3537008 1044127 7421797 8458284 9475514 9890847 5531068 9841232 7575666 3081335 2913564 5916113 1666179 7504858 2076119 9092619 7635980 856197 4922762 3316769 4195477 2468717 8676374 682403 7743814 7334061 9857546 1084647 7067460 3720989 9263180 7415447 5226331 5108278 9371222 3050909 2391548 2013341 
9707716 2774688 477838 2493862 1790077 5615592 8998676 9342320 1756642 8806418 8713706 2288426 5841281 1259817 1380879 6744069 1773433 822454 6276918 9099859 1096254 1937303 585589 556375 1004144 6511290 7465379 4628674 9521519 5210285 2698897 2040595 6183246 5715337 4178267 592796 708208 5993872 3422115 3843001 7862422 387804 1373045 6362864 4432496 1346248 9442648 5956946 5983242 3478153 846516 1708262 7294215 6318253 8816513 5734020 5049563 694859 5097863 1085762 4230433 9374289 117930 9838783 6835625 7782127 9597054 3765823 9657896 5549675 
6817834 564285 4656483 2445369 9198823 1585005 8326150 6021074 907891 558790 4804779 115602 7800390 4761349 2387511 868932 5004134 6544031 5471986 3327985 5041354 47923 1836732 3068234 6765439 2209611 6531508 1002874 54323 9107743 8870344 6493711 7332149 9393260 8547026 7282738 3804346 2933109 281471 2326752 1819882 3887756 6738025 104814 600916 1273098 944003 4975433 6987799 766064 5573007 1515158 5577625 8650855 6579548 8876016 1718502 386308 4149310 765691 3768763 3039527 7552965 2502201 9025844 715353 2051423 9819727 8723994 9038550 
1019486 4413278 1475770 1384087 8951204 3411260 339896 1558497 4245800 9285550 8493019 3827991 9007289 818032 7742630 9456401 4740840 3438899 4479715 1075330 7206896 7586091 939691 1677008 8350115 850911 1887224 9595035 943983 3396719 9786706 4975279 6866392 267703 4805956 5027409 7456977 4741903 3465910 6728547 3160156 7352422 9190270 7134920 9175473 5948022 2922019 8243635 1493724 208973 6368812 966976 2470054 8467465 8732551 2765100 5975817 3967982 899163 2109493 3581488 9790355 1044889 7374142 9140823 4122087 3773786 5939324 8168608 6801129 
6406936 2717830 3995352 9932929 7901238 7906131 4043162 7297818 7629845 7852860 6122345 2933300 1788077 8531797 4585565 3896796 8101951 1774321 5987511 5378655 4828961 2370433 3004175 1593032 7610966 2494077 6574796 6542033 7020412 9957197 4121306 1427405 3955877 8372629 7662749 984367 1996099 2034002 1406989 7847056 4198706 5882165 7097570 2411737 3646540 5186984 8037949 1925644 2124688 4512997 7754201 9400228 8150228 8323184 6899582 8107696 1683724 9162572 2849794 4962278 3490751 7411317 4178177 6777674 6832622 4521757 7289394 8181262 8554405 2396170 
8994354 8121482 3675865 423016 9395457 8245231 931962 1643006 1195705 9890060 8122832 2520224 4545152 4582678 4919481 7542282 8866687 6532740 2191660 1769085 4616456 1519194 8682127 6975773 5119746 842093 3105827 7654648 4949508 6373231 3984954 9750370 5080593 4083122 1229451 275033 7287785 1091011 1229859 354677 3913227 8507910 7131140 1109455 4422893 1995207 361750 472672 79654 1760366 3808586 8915670 517293 823081 9610724 8094815 9098908 3553379 25658 5956619 6647228 8638540 4419438 6500227 8576033 7783642 7365198 7957404 3394915 3155131 
7206891 7181003 2866237 7057350 8358370 3691698 2413149 5316710 8529736 5327257 3995543 3209727 5941339 7981886 8723123 616727 4316309 6354376 4974451 7173028 1378525 3059258 4843474 8039188 1947062 5411681 5014826 6641054 9698745 8233203 4927810 1537023 5978408 6638044 7274672 7314953 4414805 3852198 1756530 554732 6999655 9414071 5363102 5291103 6606087 3238521 1352808 6513948 1596810 8360430 9999897 5078353 7548117 4753353 7571852 9589379 7282137 5221376 4195515 2596256 8401366 680748 6531361 6622421 1578381 914051 241022 4608800 4789198 6790205 
7986338 9679550 4863242 9892603 4163908 8006993 4205015 9042336 8413851 2356962 7561844 4040995 5496703 4919787 5559783 9025974 4747421 446447 5103194 9267912 5067374 5334550 7630766 5800568 788503 5617923 5402292 2286042 2823656 575724 5967039 7492472 6765092 4970185 9202492 3367160 6151743 4725035 3851497 4465727 9948416 3127597 8023289 8779886 480822 195300 7593133 2397596 9506832 653686 309660 2665268 3119432 6928890 9405726 2939246 9773819 1407062 5985682 2812254 6070080 7762712 8641226 7313736 4966911 1532761 9732647 9919723 3246182 6840496 
353809 4873211 9063536 8395154 9217403 9322190 4537123 4666674 1538666 548466 3227091 7064540 3423707 1631221 3977097 5119968 9544183 6106239 3177947 2177941 9149288 3861682 7395228 2396870 3527 1954116 621691 3898252 6899108 5263867 6712344 3032526 8217667 2158301 3095702 8746017 2067238 310342 120046 6301226 5378313 1405154 9493521 247366 2938862 3573587 5779405 5729576 8860169 8628201 8929688 8047895 4437799 7490071 155921 8886253 3440442 3538836 8373875 5826012 5073015 4966736 6187227 5568376 7556319 9917674 7099471 477668 9512815 2743543 
6898131 6896025 3425604 7670512 5484631 96725 4554501 8278051 4316782 8288008 4321560 7455012 4508982 3065083 9221284 6117120 9957651 4959174 9241432 7400024 8618888 754908 1752709 943594 540553 972596 1315264 2686757 4088171 228634 3612768 7537905 3107421 6781573 6132212 867035 1901973 7836537 7954623 7258065 6557713 5956102 591856 5168522 7609100 4426150 5272766 359246 5114693 566695 3773653 6095216 4510423 7710746 6947389 4571559 268813 9570503 5883102 9964584 5752937 8365237 7823886 3338564 4590300 9168731 3351043 3782616 4613110 6582466 
2587488 5322475 5713394 7138648 1167906 8009593 9770597 9954575 2970571 6386604 8547770 391064 9986589 101982 1900269 556153 8485649 4040877 5874986 5329802 6315076 9889079 863088 5208106 4399103 3083730 6511779 6830196 6031516 4987708 2506550 6692044 5007888 8787400 3763414 3372049 2525861 4114742 8983556 8843555 3362621 4625875 7256379 8737306 6702302 2165675 7305810 7235492 6103623 3257226 1580215 5674884 7532290 4944863 108889 6249921 4265596 7186954 1000405 7642223 6087612 4952746 7534079 2396388 5903198 3876161 1045523 4607271 2337515 2762657 
7135367 881757 8793812 8056134 535513 2707939 4657503 624356 5771104 8536830 7347392 7976352 2996051 9944440 7281305 3251416 1591649 8873871 5679593 850759 692237 7671870 1879016 796977 1356825 1956417 7315586 3610921 3162769 2905154 3724153 1510700 4875291 5340254 3905497 9904008 4839169 5328863 5356209 2730406 1329371 2630955 4295991 2534571 2630601 5171454 5163576 6967768 910999 7081790 4754829 3963576 1480180 7784734 1734845 3041109 6785375 5793282 3739349 7064905 5415404 8078614 665982 3420329 4478193 8552181 5259270 3420876 5764370 5478816 
5973017 2619506 3739048 1833209 5178807 4487353 1836269 1643670 1426872 6586695 6837358 8204493 5873149 9222782 763949 7145496 934397 1695825 7341174 224228 5404862 1671084 538169 3079700 7024307 1147744 5273571 2370550 3373049 2427072 9012405 3899818 3531951 892927 9705910 9144698 1589668 8791427 5675679 7680277 3940690 7228741 207507 5170752 8769354 2201892 5527525 3053673 2975200 5855703 5868502 737161 9758707 1500146 1552680 1861042 1346529 8628153 1974570 9917782 7267543 9248274 5857335 3127350 6619818 9836275 9214552 764794 2013561 1242283 
3367239 5313652 6605514 635675 5741267 6297279 207723 6944776 141315 325218 6130692 4220017 8220951 8868911 6429104 2983665 4832564 7900490 8815393 734256 7849242 3257591 478814 6240834 195081 9084618 298017 2188358 1656215 1186885 4863274 7519839 4989402 7556317 7594419 9423851 7876118 2054404 3023981 4210679 8658893 9987715 147693 9306497 7019988 7360222 1214876 4318796 6854421 8460623 2044021 9930008 1840398 5141070 2818299 3939853 1608450 6678718 2245045 1128317 4003242 8131913 2706781 4696470 8269691 4841002 2016585 5407947 2370738 6921381 
4237059 2408284 1716961 8936057 3967738 1302687 5295113 4743966 4815433 1311307 9069786 5703968 1050615 1831889 708387 8822504 6604075 2970626 9913889 3661141 2901867 4261611 9095415 7692796 5500431 855006 4468170 4655947 3021155 3469238 303820 5007968 4150828 6757227 935799 7181763 3937526 5800588 3516976 8687247 2678903 6943029 9338032 7254872 3780232 8105657 2951676 6217345 5300574 1659604 7154343 8913180 1445073 4801691 221722 7735746 2781198 8662925 3414603 1035544 7704353 6287346 8597581 511088 7814037 2305310 1734075 1122711 4092078 5212846 
9577839 3565756 474638 4345681 9672373 7651228 2558544 1477307 6583492 5729586 9691486 5269069 1875791 6493499 11002 7536181 6602678 9382714 5948860 9762359 5449416 2211224 3516535 8832747 7101893 7277851 2181313 4257055 2983406 1175651 3791727 1782526 180265 7427839 7256265 2183267 1903004 4750793 4328473 3240852 7128674 3459907 7913731 5036921 348271 2367696 2494745 2976616 3483461 6743985 1993590 1906318 7855889 877554 9450551 5590441 5461482 8788412 7896328 1088601 8105855 2163187 3489858 1773574 3968089 5266355 4371332 1016774 3611486 3798998 
1319050 2569748 1291247 987752 6186176 7804271 8462843 2644026 4791903 6739248 709708 4549944 8495988 5004511 530088 175569 9670962 9847266 7849693 3746752 6307574 5314794 4726206 6531001 9778800 8203037 6889194 261449 4941053 702767 1877048 3865408 1385622 7270102 3560858 8342349 8293298 8954708 5937054 3383224 3534166 3868135 5245853 7945173 784986 1586291 264994 3309064 9687703 8323908 4713575 6013787 292651 6780209 101856 3011730 5381267 1796095 157997 2298678 3174298 8767839 5291110 5815223 4820737 8246245 8128727 6402414 3317821 6114819 
4320988 4187858 6460977 6402900 840714 3161771 5309205 3004656 4063503 8933508 6865610 68602 6092275 8408888 1286995 8159272 7801436 8684146 2673987 9832955 3405215 5220601 4617344 8893554 5602028 2125710 4624298 8424719 8248946 9675469 5757751 2101511 1891887 7868034 8802795 6300934 4774453 7845599 31786 8509470 2763951 5329719 873948 8562243 9605829 257617 361005 4387759 2384679 7922002 1322039 5043696 7320705 7780899 4154470 319827 7766043 9924736 6859814 9449835 5023956 4314084 5657162 5012586 4761227 6472111 1579761 8874859 1107921 1290560 
2781535 3580 6819500 2036050 3683992 8985844 7974565 4036082 5319599 8037877 2743765 9755151 4016143 896063 736980 895345 2519208 5295967 3738100 8549858 622146 4311631 6129903 5562693 104416 159577 7010469 1142804 1873117 7632573 9494420 4572940 8017640 9615539 2493040 8518704 9729268 1801919 6961116 6382139 9107702 4339626 6511749 2065927 7946697 961035 9860022 3255955 9370075 4342412 1858260 4704251 63391 7118868 5568467 6302576 1018076 6883399 5780027 8787471 4914846 9732019 4920486 8518763 6364434 6286922 7243827 1006044 7069951 2446989 
1535433 8131760 1482062 1800533 9624412 5335028 8255304 6484407 3364751 7441367 6866987 6941849 5063900 9965777 9178937 1550443 5144371 481800 1622047 1612894 1473013 8481244 8862567 5201443 1870006 6749261 3612161 8515031 3220759 7966792 58651 6166717 9866135 992993 6287859 3087105 1835082 301547 2035610 342632 6002925 8682135 637859 1604623 4002252 2691344 8800434 8198181 8235132 1874647 3889249 5950920 787750 5281618 8089383 6133456 2558403 6265065 8040758 3607794 3371715 8455495 702439 2714675 2015699 5946326 7967462 5340875 6466957 9662087 
9728012 993373 5443789 9696939 7322418 2477353 3834750 9654128 2683963 6591659 5678003 5305490 9433534 1356809 8605653 5572186 4493551 5911551 6550072 2549069 2207006 246807 8545638 3678421 8070354 1767842 232677 5599032 2850738 9092030 9620970 3896632 1698884 4385278 1025692 4552551 1891913 2183152 3235378 5747771 2901628 9841 9476539 9938556 6826680 3196425 5942956 3705981 4661253 138828 1213473 4277201 2208487 53029 7023410 6143657 6168965 7945153 513920 9723396 9121126 4997062 108288 4140080 3698199 5225306 7915499 4187150 1562600 2677884 
5224953 1962057 3119243 7220908 1732359 9714439 4355234 8052337 6803641 3709564 62647 9346572 7480837 9886310 5014645 3155174 3750075 426290 649136 658983 1477745 4101710 6179487 3985803 4500202 9868596 709764 7088227 4445806 1578969 525895 561630 8170089 452090 3630591 4686643 3155196 9220455 331101 293005 6302106 4607190 7920528 3488621 2595075 4882303 5506353 3666787 3385362 8518200 7784294 2784353 8459566 3971185 9680658 5091762 8210584 5666382 4282668 8893370 4512922 9609110 5074204 8764010 2637089 1900391 9402892 9307195 7310639 4761086 
3502367 6060762 1802519 6459074 2460748 6742754 5705691 4403783 1981711 7016427 1930037 8308822 7780460 2768873 5056500 3006071 5153146 4834842 4236040 306826 788511 1364326 9010385 8946510 9946196 3300291 7325834 3737368 9071818 1805707 7637172 8076009 6937349 9234837 4779392 3959404 2819067 8450468 1004665 57619 866019 4456974 9827770 4508658 3040646 7641562 5209441 8574723 3260275 5435671 1022867 2441936 8494283 4366627 1735860 1521053 8999652 8085955 5238742 2244076 7151407 2126341 3337003 241927 6171465 4340985 729187 288507 6263159 6302373 
5558622 3617026 9265374 8440664 8425072 7953928 3449298 8764336 3270748 1935761 3242566 506302 245311 612189 3995769 6000209 5298755 9055256 4867181 8891965 4900604 1215998 6164231 2395878 8382927 2252610 8845070 941850 3705946 2469255 5555255 8499405 6532163 4855659 5731990 8908125 3528377 7372776 1077909 9669771 7238966 8662349 472531 3808956 9598500 768230 5433085 4478992 78271 2026878 4285071 5586894 2048725 6369916 919452 7574159 3218917 6208607 8979193 3945361 7658101 4380837 9805776 6812265 8162305 7683227 4408570 2681710 9861745 7773970 
1531353 3448007 8485450 5202640 585912 8488517 4658180 8602550 1040777 5113256 4538885 6466644 9803329 9393989 8459551 9940414 3223822 9123822 635828 9944796 3076592 8063629 7980665 2680586 6955284 1728963 6331886 7580111 4368771 86280 2867714 5445806 5764584 8662662 1342529 3128319 4633384 8138258 8207200 3073568 3953406 9916957 9058765 6914530 1138797 5757783 3327861 369000 8375473 1512517 4267299 6974160 5222841 3773779 7301158 4603168 7304457 5796187 1220783 9674798 9473372 700432 3053180 806511 4044227 8113288 908584 4053059 7911251 4352702 
5700541 306209 9974346 1749340 5923812 541544 4095841 2305354 1954039 5461551 124296 8019066 473605 70192 4003866 1626932 4640558 194229 1854550 9582662 3884192 9581474 8505728 4918975 3964733 3528082 8001971 236616 7435758 1007811 1595516 542348 4519071 3561414 3707587 3590194 702661 1293497 1683200 6677704 6137412 6528340 8968225 7368925 5654791 4756468 8520782 2480170 7470107 847619 7725121 2944654 5630579 2273341 4338432 9760922 4440992 5981214 1459688 2908267 1872954 4306603 2917885 8557833 6460052 2609906 2677388 8010833 2755177 7093543 
8232528 6870311 6892567 2970642 8869755 6366360 3828783 3945294 6509266 5807199 5249898 5361303 5787965 4252384 4382007 6849956 2022505 735047 9168029 2385155 4466051 2905437 1191796 7330477 4017786 3452206 6890282 1338337 8236736 5390284 9437286 1649874 1322032 5826248 7805696 4788593 8582691 7467608 7845993 288389 3740205 7902204 6155891 5699389 3401446 9344908 6250711 8929781 6600385 1730071 670920 717653 7035933 3318301 6429978 7327700 8963854 1080113 2816095 9295035 7660904 1416159 8333754 8789929 3215203 678799 1365703 6042711 2013949 1674633 
6352489 4020398 7447162 3598862 5235472 9260024 4163117 2072395 1129625 8826031 2583208 9852440 4850330 1722234 8267717 5576391 399325 7937981 1231720 8375927 686193 3416366 1354515 1324903 5964204 7571780 8825469 9026996 6314526 9264102 2729644 4284872 5618366 7817570 3201228 9654636 940297 5123399 8760222 1406809 5725186 4967969 5860267 9231209 9429052 6381389 4068190 725934 9997720 8332735 5955344 2052251 8102773 8497992 360255 490242 8737490 8559800 7519316 3635815 3611265 2295244 4810834 7578964 6749281 9147041 9868318 3939506 7298877 2245069 
3705741 3001587 4048308 4047247 8566407 9083891 8401070 2863224 9909637 5180810 2940174 1951364 9200733 3404426 6805095 8196085 8416273 5162572 1331338 4983210 4772627 1044705 5919444 1262546 3495207 5149085 7850135 2636803 9268596 5698322 5255856 6881211 1772672 8425057 662155 6091883 9164131 4255610 9669806 1071428 3567760 2683573 7154272 3566033 2825557 1327722 1446715 8136023 2846071 3713564 6778971 5769046 4348053 6946604 3742139 4084288 1632487 2533788 5572067 2369785 7012579 3422540 4879306 9064314 2777642 4362717 3726107 6528446 4732778 3473 
2933564 1361632 3754060 1544927 2757395 1044380 359502 2655079 5256081 7409749 8129932 7197691 4360648 1262389 9628407 7950805 8274760 9892234 9896684 9026341 8806835 9687761 9296269 8457109 904205 8399959 7961194 1870328 3916832 6397591 4598878 1289604 1555296 6994560 9891986 2429205 3096422 9016949 7618557 6369453 4983270 2492865 2493101 174635 1991260 6207760 7691998 2724965 1695527 2221157 8858700 7985993 6299145 3326831 1830928 8500501 4599689 2308697 9992 4925747 7527787 2315252 1407545 9192615 7452633 2591294 3518900 4704030 8951855 6732654 
3288434 1739214 5855581 7717092 7057320 3744112 8205170 1890653 5283116 4603453 3846699 8253651 9476143 8036193 5720705 1665502 5199291 7920996 9801667 200737 2596651 1587719 5266255 3664791 3323680 3921667 8762354 1340608 4775066 3771736 535920 5983903 8294593 4680118 7581637 6415774 2001297 2371345 6565910 7615261 8718653 245226 2779353 4148262 9798918 9434473 4448648 7172482 3828153 6799030 5165677 9702799 9078776 7054286 3887276 4315097 2240613 3333047 3443844 5991481 7882705 9680467 8864974 8439203 409289 8545267 1767196 3108443 396221 6578261 
8236678 1695800 7295807 7839749 1960751 9489727 6997697 9543841 9920363 4475038 5573129 4717230 36864 8426093 1935924 6314013 229786 5038803 9371191 2665332 8465562 808473 6812123 5914918 2984341 3503653 845879 7972027 2715638 9052448 7181047 8557078 2491131 3600796 7329814 249315 8291672 5857165 2552171 5952492 595361 2235197 1165003 588314 45291 8396700 3516358 3075797 7952880 5017509 2936151 1039647 7929759 429591 937872 399875 9261796 5031599 4952160 2742080 2686265 8425239 6713571 9468589 808341 4227652 6068421 189120 3969851 3029717 
2854099 3812507 3064929 7952897 6182060 5376639 1809184 4060042 8828259 4921358 8797439 4304687 3234944 9771942 1327989 2556390 2108534 8575242 3980936 2394923 9236176 574878 7040888 4098380 4987740 8096921 1212751 7710749 7168522 4097472 841989 5549195 1077795 1277520 9024555 6852186 4988237 8722556 2214917 3539783 8968095 4589721 6551988 1112071 8671327 9186564 343858 4359178 9856843 9189311 4019897 9668613 5471900 4518091 6241513 3646539 5501601 7615970 7816973 2649138 1766478 7393936 2369997 5791318 1032354 4797542 7652791 5199865 3349815 8450703 
239086 3531691 8116737 9174080 2629049 8836981 6064341 5117652 2189229 1676755 6508420 5109131 5525116 2427586 9775079 7711014 7664363 5475657 3742827 6105504 5790795 7008416 626923 1199634 8004226 5485991 7345486 5456196 5941289 1287822 1054510 5929909 2029860 4159847 1473957 7806542 4282341 278642 3085389 4938675 9335784 5909006 7576905 7498019 782979 1460507 220761 7459040 2592401 9725401 532352 7392911 4846422 3777144 9158401 5575839 5740752 9798606 875419 7904093 3373062 8327800 4409079 8032268 2394761 2378885 2103370 5533860 215907 6721332 
8930241 7028714 1248137 8872026 2563603 6597689 8451680 7012967 8302735 6530955 3722489 9135869 7246738 6313908 4715286 887510 4398601 2006134 8501148 1175301 8787911 9967236 7834249 4818545 9732681 5567717 854337 8403739 4424230 2812839 1287567 8077333 9374645 3309970 6034002 5481754 1266587 2727213 5203679 4705336 5500575 6390949 6932155 5194642 6546395 9338371 7823396 5237826 3980033 347961 4876942 2726904 8941080 8023918 5756420 7153378 1604545 6632018 7344651 5493578 4393376 6091117 7604166 3195567 7396298 1843883 598185 5845136 3067153 9806327 
7635158 1546337 30670 678348 3627356 4726795 9925392 8505198 926588 7608853 1233175 2216046 9521260 5028691 7654049 359655 346020 4240233 6544062 7831772 3473699 7904694 3774039 2856534 2076848 6704479 1376386 7594826 305609 9783115 4591131 9999753 3684184 3337235 4720786 3866033 5613862 9812826 8027974 5036798 7281998 3311691 5838173 3873247 1865002 7617212 2064806 2798211 4662429 422799 6342230 8737918 6964670 5249719 184328 7148555 1138807 3785575 2563985 837958 1257696 8388885 4943710 9104678 3137527 4824318 9486146 5809995 7451473 3583525 
564979 6769629 2605495 4634227 4459936 3268764 9484450 4144588 5727355 2682317 1771793 5139181 8664020 3080616 4510476 3227812 9048325 4969620 6107182 1774488 7868594 3789148 1615380 397072 5260347 1158532 6167607 9388207 5281958 8507327 4791106 7342207 800230 1626520 942018 8958318 1067619 9143506 1260810 8023878 9343894 9962144 5289923 5177483 6256445 8310904 133197 6776328 5612937 4307480 5850691 1768152 9357651 1022814 8335427 3013932 5753067 523707 5472679 6659764 7789214 3045314 3455359 4442480 6475614 726879 4196054 6770783 1196781 6978333 
943693 50081 833895 2806568 8302442 8426578 8598671 4968945 8948941 2392218 2844387 5883594 8692495 1400751 8492474 210016 5794662 7215304 1004523 3108694 3316037 8372888 3314100 4996615 9063367 7685637 7351517 7405674 5555065 9753802 8940184 5750995 490996 6120901 6044747 4229523 7768686 3353372 181917 5406892 9558511 9996215 3766344 7534635 9287943 5178343 5750819 9907623 911851 7643919 7542350 6351167 663794 7917514 5623388 7060426 3671728 1689377 907907 6817507 2399445 5608544 2358743 6138864 7255834 2389736 8312440 9345544 2600145 2863911 
6404777 9813050 7328343 8419512 2887622 923586 6836628 7455827 7004349 2941224 4561083 989241 153523 7131666 2717630 4674512 7281493 68965 338167 8444167 3097517 3919616 3384113 6384865 6114926 9637287 7906072 7963337 4296244 4025623 5239058 9335351 3337931 6801319 8466535 2351355 3958374 7898083 552929 8674630 7366178 7634722 433462 2830848 9485196 2855956 4917406 1803203 2942130 6047847 3330902 5094381 14433 908997 159714 5776941 7472293 5963881 9398490 5402308 5104464 5449134 3888578 6487195 2728516 977097 8656616 3843824 1484603 7019274 
2341529 1786616 8427867 1882877 8535405 3343766 1023281 5651757 8303488 5503856 6737303 8038771 6939592 9295024 6256338 2633887 1580651 9245854 2068651 9274134 9424559 4035460 4384161 4544579 4889852 3106305 6465810 5868782 6976659 1959267 160439 570762 7662626 929287 8728449 1180975 2607737 8469671 7313842 264245 9398016 6447607 1826676 9205872 5213094 160457 3097435 7082413 3468887 7175195 8415321 122614 5089062 523851 6453103 1652324 6223464 1854835 9072558 5951557 1468084 14022 5245143 6469209 5970199 355081 8151896 4702566 4822389 267567 
5114443 4209172 8089029 1426838 9806009 1678503 4979527 5284212 943246 3193960 5271690 7139442 4441800 7065151 5839103 6623492 6602180 7828759 9256150 3577809 8716935 1336587 3016907 6983897 2079823 4318071 6097280 8659932 419879 1339838 6283282 8432791 9806771 1135063 2336721 5587578 1648834 3490847 7348781 29015 3784124 2674067 8881084 6423822 3698078 235486 1092503 4534707 48027 1753665 6531557 9697521 9454023 8304523 1977249 681101 5462829 6275303 1146234 8669202 9355135 1568993 474872 9681693 7212677 5559765 4784244 7085309 4114975 1676225 
9636152 4824132 3311047 4967903 5697323 5779924 3265778 4809864 4220474 8578219 482892 3045267 1835897 1791699 8900027 9376265 2948221 9001175 9591283 2946213 3217550 1364692 6351361 9294417 1517955 6981032 3185777 894305 3299472 5901025 5722747 2156557 3796906 7465654 9285686 6343852 6966758 9966411 1892728 7903729 743791 4837765 3953080 6990987 1828974 5281663 6043203 6660407 7437453 6900649 3398240 4340308 9676363 5885509 8964455 9993510 6802217 9054820 612249 7103662 5534460 7345300 4108990 457123 6463873 3611147 6189903 3417423 969123 6075126 
8387798 8447302 1836421 2212182 5342963 5590064 7937142 9468707 4548049 6565908 9962241 941346 829096 8116868 57350 947445 3636480 5385470 36929 770911 1153087 2247668 9712170 8161002 9757952 7663420 8942941 3205884 3020569 4460558 8722506 9827381 7049033 4637171 5465393 348617 3237265 9456661 8930443 835199 2227439 9222835 5330393 3727603 7209317 2651913 2800506 7889909 3284332 5306456 330073 438267 2909311 7927129 8351653 8557932 4066989 9805100 7562820 460604 7103960 6128317 8591296 832252 3101685 5005405 2446720 9915793 7067491 593045 
1891095 3995736 9142716 9816904 1505723 9956531 1828687 3818127 7559923 2152027 6360614 3429920 1152453 4979406 1137983 8202352 5114077 2161748 1931676 9974132 1618264 9611348 9525587 3858794 5374285 5267361 1309687 9554803 3373512 1439816 1856785 5905472 700698 4657970 3059830 567449 9561415 6713275 8963844 4677694 5360399 1142735 2090029 2358363 8691347 1413953 8287533 8168844 4517013 1404520 8284569 8984444 9141684 6431016 9043720 3099640 7169779 8175239 4859932 5284755 55767 4991002 5175594 9380843 7451315 1376153 2018214 9305924 771173 8727379 
1985633 9242529 8805314 650553 9292811 2951343 5902199 1148125 1542083 6940260 6073148 3078827 9866725 8888360 7584779 6939916 7738055 4453136 5379067 2540367 2593249 9619533 5478098 9166174 1290917 5855341 9785048 4849617 7251301 237557 2037395 9181616 3576522 7827615 9773072 6232977 4865629 3909449 5673046 6909975 6642047 4332502 4574818 6785127 2558848 6856313 4987577 617616 4469728 7743741 7905734 526616 5576410 6589708 4109474 1115094 915451 32231 2177854 7576163 7591536 8780878 1655077 2734260 5312201 1433513 362900 2556325 5834103 2746206 
4300305 7202897 8544198 4256342 3293875 5462828 8192691 2545029 1044755 2332003 9036605 4343837 6298723 8562336 5948269 3067522 4510873 1772312 2768783 6672948 3982850 2903242 6500495 4270532 7828586 5166040 8231240 9028576 8055785 2096693 1098104 8893651 291668 1859092 6492515 759051 6260124 5342387 481853 1281426 8556493 6011412 2130939 1160973 9404496 2608960 3381326 9431904 3960681 4541041 4865763 6856166 4214176 8244010 3103436 267486 4664573 3408968 8676041 8948090 200522 7717086 7645362 3260398 3016007 4109049 9690279 1462081 2973911 1693898 
6130512 7467597 3982273 5033396 2155667 90852 9488578 7374632 8605038 8824986 6862366 8512753 3567227 3554396 7922922 8365557 7261355 7100468 8369383 4295641 4117374 4869449 7798688 5188601 1895448 4467526 9594636 2746047 5699440 2653442 4791339 6631026 339906 4261873 1768759 2762218 485919 728795 1140481 6221814 7078272 4679900 8110879 7247860 3044567 4662619 4611565 7239305 5362040 5705555 9576519 3877611 9347156 9107591 953269 8477831 5960610 4689754 6061344 4797105 6726554 6530108 531783 7546045 6459825 7267206 2050923 8133211 4529582 5844278 
4416024 7484139 5987253 3805436 77611 554394 4308109 7120622 7093389 2479803 9411348 6142336 2073204 8828138 6770313 8771687 5842500 2941580 9133055 48715 2324139 8674063 5173029 3992337 1091121 5934541 1654763 7496311 7735201 1621257 6812551 2244896 74825 7120493 8455424 8657741 5770419 362840 6371096 6425020 8853014 3480316 6987782 9445160 3017489 3717748 9388369 6352881 745412 5753945 8721940 396079 7737448 6547202 451691 1282543 3864146 211750 7143193 6676781 5238667 3053262 4200855 7071083 4477369 2258564 9905552 4211551 6715421 4008198 
840203 5704209 109854 2937029 4425937 4681961 1402588 8937366 166057 7588157 1734267 3722933 8164867 2969313 8702338 705078 8033124 2659221 250870 2434726 2806050 1069223 9811340 9276280 6597284 1800524 6147456 466504 3080245 9955838 5115750 6686556 78270 3124035 4878453 6580376 5618843 4278489 7557785 8769283 893392 2825570 2489226 9657456 6486840 4304938 4978307 2709249 33582 2433965 6955979 6872747 1734420 8912491 8403260 4762536 1873711 1352589 7336798 3711470 9872101 7286400 6280245 2580576 4129279 2398680 836022 6104346 6166354 5311974 
8966939 7984891 4047222 5957147 1211382 2672371 17865 2430117 157159 9888283 7047492 9372627 8197359 815795 2734708 333486 2333293 1907064 8586808 6805268 70258 5968956 555246 1864683 2093744 4042921 5417119 3545583 772468 1145331 938644 4948351 6467257 9819847 2266145 8123948 3009019 6847171 6545290 1200223 3591385 2176526 7370948 3004485 1339487 6834753 988704 1453061 244245 3950240 1620407 4296071 5412932 3591663 6651126 4419294 321885 9831586 8651678 1905765 6929610 1190211 3414368 1134205 650278 1699491 1339465 9390428 2528353 6393654 
4719508 4804381 9966989 9345938 8050021 1667518 8461327 887608 6765872 7724937 850360 3076399 3104604 1826601 7233321 1580007 5750484 3573380 44398 9113946 8254119 1376361 2401398 7560193 6017972 2434167 9017671 5980441 3950619 8002811 9262224 6419218 4642161 859305 5073376 1714802 2546192 699635 6775115 8219407 164588 3967406 556971 2879295 3830421 7810189 5318078 4060130 643149 3572890 6065819 7628424 2268864 4074043 1605520 7363828 5399437 6850522 1211493 6678122 2637047 4096797 8086615 414698 3675592 761775 7974141 1351324 8238313 9519351 
1622455 34346 8909415 6288618 4926208 7546934 5971834 3979456 3382474 3538187 4553050 664482 9861119 1800579 7363060 1477061 6787288 2706143 2614733 3555778 7022339 4201772 631205 301929 9125913 2820776 5389867 49031 7085895 444891 5517823 4539228 5498483 4891495 6049864 5317125 6854079 4870651 3000368 9536887 5115641 614178 8642598 1879913 1252912 9765015 4878466 8335823 4284683 6982874 5025123 4114350 6615408 6676012 2446875 5902607 6300689 90441 7884578 8525291 4413599 3402197 9476207 3985471 9407464 2044220 8011925 2815717 716315 9362957 
2436246 4852696 8240133 1402685 6125919 4049256 7612164 7543501 1228075 2951682 4083571 7034390 9484025 671914 6257444 9300586 9709401 1526762 646559 9562799 1415003 7366370 2558603 9795089 7521261 5654265 6113004 7352488 2564479 1882083 4425011 567319 5424056 8529772 4342669 1984692 1726710 6667146 9060757 5890899 9556848 1176860 3076870 8766135 7329022 8951993 593842 9800841 9445437 4926355 8863109 441613 9193177 7318222 6650421 1527968 6928942 9686500 5721972 8028951 2861729 6320830 1645351 2455157 1181510 8109265 3314614 751153 4989115 653210 
3134726 6361962 7621380 1866184 9350334 2115200 1078763 4639525 1109550 7744646 662674 6069032 2526182 8370 2117343 7423151 7806611 5167483 5852142 8526330 9276015 8647073 2970765 5625278 398376 8349761 1180547 6891412 9146943 5774667 1019373 1714973 3209287 3326618 9889105 479852 1978556 3907678 4483517 4756224 2120427 5429272 7698625 1264060 4895281 6508705 7657220 5289728 781912 6286977 9940770 6324950 2560937 6294367 1395539 4600390 1670222 4519274 1588337 2192380 9080436 85859 5307771 611420 174084 3048024 4339766 9940118 7751413 6965025 
4489785 9997355 4112101 8382667 3400832 2026680 9358596 8254301 2083923 8271454 4430562 349952 898138 1293866 669589 1012696 8795540 6692568 6101953 5923724 581929 8504417 2361227 1289958 4316541 8050532 7356420 2231867 4825037 9373095 1284622 3690031 2699882 6234616 1341654 274656 9153032 535068 4043164 6959311 1918817 8012555 7032059 367183 5550766 1880815 4698263 7752166 8612261 1124135 2637392 3666778 6026622 8811316 5296014 9381725 1749514 9806655 6004448 7489921 3628718 8283099 4181057 7754643 5275414 9656895 4804444 5045858 3557242 6151954 
4900663 1246472 2687995 5354033 1162037 7941582 1062302 1389536 3800273 8377485 4124586 7063694 8688571 3508514 1884013 4545418 5496548 8560359 127662 5089596 773205 789811 9604090 151852 6616359 2428924 131650 8725763 5803164 5627306 5636699 2534046 2044030 5031943 5579661 3304808 1774845 9306 883362 8638217 6794698 2653074 132471 8144921 3131478 4120045 6477328 1105031 3701102 6722123 3602603 13612 4023115 2578087 6232832 2191866 1182820 236225 5625235 6804049 8429355 3974269 9303877 5972215 7568299 2221231 9836341 4363413 9316846 4498056 
4425877 6529466 9414820 2356054 5294900 543484 7270529 3792164 7840064 9020762 877003 5079122 4817310 8547903 866926 7713918 1807308 5575116 553564 8359115 7207674 3650166 2344845 3059500 29336 3517130 3552365 9907896 3409635 474057 9458598 7578219 6753677 7182825 427508 5165952 6426084 7626138 4521280 721433 9509196 8464616 6083497 1460763 7314380 3454136 8540233 3418460 6822856 4342284 989917 3670824 3580465 4697927 5524066 3804925 7765166 3633062 3347397 7879937 9640502 4521642 5816264 531196 6806382 8995819 396665 7348518 6683004 2081468 
3966943 2570225 4463953 3736161 6560577 7486853 711847 7415924 7756401 1797594 8212312 7780453 7648886 5649172 5163367 8393799 7075080 5800764 6210901 9177261 225630 7305342 1364923 9096037 4119898 4588694 9278914 9619544 2076455 4693673 712261 790967 4490789 7526111 3461193 2665686 2973643 6819833 2168469 1142413 2398051 8582714 4749600 6298805 4258461 8872488 2121071 7975939 2911265 1459289 126863 2930206 4317895 788679 217692 8781161 2041823 5275495 3903455 7008955 331613 8254062 4016340 7012660 6244980 5582675 1635185 5156800 7762527 2702336 
855739 4842686 8668752 7844352 1480918 6194034 8090754 8598218 1029555 3002520 1806203 1880513 3678614 3936873 2986987 6295425 888668 3759087 4954277 9217634 732362 9803843 4115151 9853442 3674736 9366820 2896876 6047786 7679682 6281291 653892 2989535 8174713 9314714 1510791 9067975 8172005 4882757 7021658 6027268 8036668 6147954 57074 9986223 9152060 2284374 2555294 2174070 3293870 5858985 1559527 4260042 217625 161395 1939200 7295380 3658373 5260982 5638747 7406380 1062835 1316326 9680477 9667418 8484884 4310281 75322 6464230 1279801 3985936 
4421800 3739961 7877910 9891256 8263347 9371556 6200284 9745120 1951218 6633044 8566956 1300982 8969446 4990404 588176 8475045 9613144 1553281 5616313 1023742 2383918 7106003 6486868 5033123 9349848 6436344 1761037 3490935 6375810 7051638 1993359 2771516 4940525 4382499 4425734 2162347 4964313 1119578 4597015 7566058 8029090 226370 1261794 2953831 1991196 9419164 5743953 5661036 3396970 5374230 3677600 8038772 7317434 7990494 4114365 1113495 9247964 1883240 2946481 2275700 9308450 4869345 4915046 6815793 9800130 2307872 3397595 3262263 6000366 6577190 
8628506 5789671 8348915 5340026 8568010 5665712 8849712 5810735 5990304 6944894 12196 3257747 1724776 5441734 905787 4781991 420355 3734704 1286342 1146178 3138083 2041059 78560 7095224 1775733 3048170 9844101 3815189 5270677 1222435 318256 756107 2638336 321568 2423282 2439988 2750621 3311472 2545596 8306773 7223433 3997530 7515827 8255806 3339428 4647532 7212148 6914959 1024825 6673983 8993721 4852183 8534795 8120066 9916219 1887547 6733127 8184029 845333 5736406 2590088 9716661 9717 4190161 7395852 8631190 442472 9837030 9636743 3306827 
1295036 3860283 5469910 1979790 9662925 5670193 9054667 1709390 2346849 4385370 5920566 8397424 5826583 8440124 294580 4019632 9467546 5957291 7791933 2332562 60994 4324824 3751072 7347253 5936224 1492251 3855193 5153056 7764854 4632433 955702 9985653 3487168 5496375 4083498 832294 8991921 6303104 8673448 6688641 8905145 8356917 6448287 2306625 6076456 1823899 333988 3522255 125736 9025963 4961480 4645470 2670690 2650989 6154733 377386 6373315 5050528 9567662 4574960 6324004 7444968 6553240 538580 7146545 4550153 3927212 7804672 3749243 5035201 
4991772 2617703 9300602 491630 2761838 4792507 6996194 6347940 5762556 8500475 4572242 8874003 5864374 8999622 5520683 1459523 8010937 4344294 1773448 4128017 3135099 8894364 5727344 4917526 8799563 694367 8239084 6280674 681051 8310853 8200533 1115996 4533160 1405874 3414123 9167981 5469219 5822563 7276634 5953112 5858529 3945099 1681771 5956537 1817043 2167397 3902892 6426035 305405 9209663 4407003 2389035 9292503 4332165 9259402 5213842 7472703 6232009 5802290 766561 8487346 9161704 1434285 7988495 1837687 4991161 5409827 8881300 8660067 7007154 
4499101 9010833 165767 8764101 9323196 3180740 4647376 1573172 1953640 7028251 7990659 8845134 5773780 4994390 4005164 4320935 9456294 6557514 8752805 9785462 5299984 6019520 7607283 1129987 6067700 9726703 6602253 270544 1696597 2591523 2765168 459047 5013571 3911553 5154942 6459305 1649583 303199 1333049 6692895 3448070 2969101 1038059 7720556 2984699 4905101 9063184 4405262 3203721 4741803 8229640 1539686 2564521 9590545 9535296 1228528 9967017 3547887 5364805 7561000 5576246 6564144 2349026 2834914 7461998 804560 4537972 965685 5841138 736363 
