73 98
80 79 70 64 72 50 63 86 59 28 83 65 46 12 93 20 65 99 81 79 72 23 92 60 2 62 56 21 33 31 52 92 15 43 70 46 75 74 66 25 90 75 68 94 37 85 38 9 95 18 45 16 53 52 28 39 66 16 9 51 37 20 24 26 28 80 8 72 14 13 65 86 19 84 58 35 73 30 25 32 95 91 59 88 62 91 65 99 8 61 99 49 69 7 9 40 52 6 
65 22 83 79 70 17 15 79 3 85 86 98 23 18 59 78 25 30 86 13 69 44 57 60 5 64 54 74 56 89 59 59 35 61 66 62 87 60 67 90 95 61 69 82 69 42 93 56 86 67 47 3 12 57 58 82 56 34 99 6 3 88 8 13 57 60 61 15 60 19 41 20 75 57 95 90 50 64 86 41 95 19 43 93 16 26 14 76 89 9 86 97 13 73 51 47 56 23 
68 66 73 16 37 23 94 70 27 48 10 32 25 42 48 66 45 45 90 58 48 43 97 40 0 44 16 67 18 4 96 78 18 67 93 41 80 76 43 28 71 25 87 54 84 48 12 36 35 15 71 62 19 48 83 80 8 86 92 3 46 34 79 5 3 55 53 34 29 33 83 83 5 95 99 25 20 78 76 60 47 29 61 9 50 98 78 54 97 96 63 13 94 66 26 95 51 96 
56 67 32 39 19 79 53 68 41 37 43 63 51 80 20 5 13 41 88 40 60 11 0 70 87 32 44 78 67 42 93 40 13 87 12 24 79 29 6 32 76 52 86 18 77 70 18 45 40 55 65 90 17 31 34 74 21 55 26 66 50 58 44 2 93 1 60 12 70 7 5 2 1 60 15 95 5 41 20 97 99 21 70 24 47 81 34 38 36 37 90 78 67 35 31 90 22 70 
76 79 48 37 67 16 54 66 74 65 94 68 51 14 23 51 53 44 38 58 14 65 64 78 18 43 48 61 8 29 46 46 11 56 86 47 96 93 86 30 36 31 47 66 37 38 64 45 74 11 59 0 96 69 80 84 15 57 24 44 88 65 89 22 51 66 80 13 96 40 55 97 60 87 23 78 2 27 74 85 11 62 53 12 69 23 63 39 86 37 47 75 57 23 44 37 6 10 
48 40 22 63 36 90 87 40 43 74 62 13 40 42 90 98 4 63 64 72 26 54 8 39 15 12 85 11 70 81 52 68 7 0 1 37 92 1 8 85 89 12 12 19 54 10 83 93 78 10 53 53 97 34 94 90 86 98 18 83 69 86 69 61 75 26 60 23 58 55 19 45 39 40 81 44 52 93 37 12 43 93 86 11 88 79 17 54 61 13 18 62 6 76 79 79 2 77 
7 11 66 33 10 7 95 29 18 52 19 83 40 99 60 42 37 0 39 95 81 40 32 32 74 64 93 50 75 80 94 64 6 56 29 4 67 16 41 42 60 88 69 93 27 69 6 69 75 21 41 12 83 33 43 48 36 43 15 49 89 85 91 62 60 3 27 32 78 94 13 55 91 42 54 41 8 48 27 65 9 74 61 93 30 47 89 72 90 13 74 26 98 11 12 25 76 52 
17 67 60 75 20 44 73 80 88 70 53 55 1 36 22 39 56 69 63 1 47 50 24 23 11 17 48 48 72 98 40 36 15 90 2 17 66 91 85 40 19 10 65 87 37 38 84 85 0 44 39 33 58 26 2 26 88 58 23 89 89 30 49 86 91 19 97 14 94 93 63 29 19 84 47 35 21 86 84 12 93 61 78 15 69 50 27 89 67 65 66 64 39 84 29 72 34 7 
30 65 28 56 95 57 7 25 89 50 18 37 1 36 33 48 8 67 92 47 69 17 78 84 48 94 26 91 49 91 28 28 58 21 79 52 65 55 14 8 89 15 98 46 23 3 73 47 79 15 35 52 15 2 0 89 45 59 21 37 72 73 70 41 76 63 14 99 38 55 49 74 53 37 52 79 64 26 37 68 71 55 5 81 40 62 77 80 35 82 27 16 50 75 16 32 59 46 
44 48 44 98 42 30 93 63 29 5 44 71 2 14 82 38 27 81 28 24 94 73 72 35 55 77 41 32 45 10 53 79 83 56 79 52 80 72 75 56 73 57 54 15 35 54 56 5 2 75 35 96 95 96 48 23 75 55 37 32 29 61 13 66 30 93 71 79 99 46 91 38 77 58 35 5 38 69 13 63 33 92 54 96 92 30 99 84 87 87 21 76 13 25 88 10 41 2 
26 94 57 44 89 4 59 7 12 36 75 78 53 4 30 96 78 6 64 71 69 25 16 76 1 25 7 47 76 28 66 4 3 37 81 39 93 64 82 16 17 64 1 23 13 9 39 13 75 19 13 56 99 14 57 47 59 9 84 84 32 25 42 33 63 49 15 49 68 3 0 98 10 54 19 13 17 81 72 15 59 55 3 95 22 59 2 24 0 33 8 33 2 62 86 95 3 22 
28 88 42 16 43 72 78 93 21 63 44 30 63 49 83 62 63 37 66 24 36 50 66 19 28 16 38 32 37 65 63 85 74 31 63 95 56 23 82 36 58 27 37 45 11 10 87 70 34 3 63 57 13 30 32 39 26 7 52 88 39 22 38 49 13 11 26 9 35 51 43 0 69 46 86 20 55 14 6 74 39 22 33 1 11 16 50 99 67 75 44 79 49 87 90 0 46 53 
98 3 62 95 75 31 25 98 93 45 68 20 61 30 76 81 89 64 4 55 79 20 58 50 61 77 88 25 6 9 51 68 10 96 35 42 70 9 14 26 90 36 18 79 40 93 32 51 25 5 62 29 80 53 70 12 96 12 25 55 22 5 17 70 7 91 5 10 32 71 4 51 45 96 70 94 81 16 79 54 57 97 65 2 61 42 88 68 33 59 63 40 28 60 76 45 5 52 
2 49 33 63 89 93 74 39 78 74 48 98 11 22 54 72 65 64 51 49 13 97 15 56 18 25 71 28 47 50 97 94 80 75 78 87 77 76 64 86 22 39 72 62 4 89 75 74 7 49 5 19 55 49 29 27 2 5 59 66 78 19 89 90 58 8 73 35 74 55 80 30 35 38 11 21 75 32 90 40 36 49 88 27 60 38 56 43 45 17 41 9 97 81 90 41 19 29 
86 75 84 10 96 84 64 65 94 82 45 29 6 37 66 40 55 26 4 71 91 52 4 36 20 45 70 33 43 52 66 23 23 84 29 61 1 98 76 20 42 65 89 44 99 96 62 85 46 11 40 68 75 32 58 91 72 50 7 95 63 20 1 27 17 48 93 90 12 55 9 19 97 28 63 31 73 45 24 95 94 99 90 96 66 67 39 0 25 29 96 15 53 86 8 46 87 94 
7 3 59 22 28 68 47 13 9 74 56 58 21 15 85 27 50 61 23 53 71 10 86 36 42 2 66 38 99 21 30 68 2 64 80 17 48 49 61 25 55 94 75 59 55 52 53 88 80 89 84 29 17 69 56 82 60 74 8 75 48 64 60 6 19 96 39 20 28 82 0 75 37 82 34 78 37 51 81 27 92 7 98 75 91 85 98 86 35 41 45 50 20 54 17 49 15 29 
5 18 57 37 58 58 43 10 15 12 26 7 9 13 5 79 41 75 75 70 4 75 66 83 72 5 14 28 47 91 59 18 96 57 13 40 55 65 69 26 83 73 12 42 32 41 10 98 65 1 43 22 16 98 35 3 40 39 60 84 68 8 57 56 75 13 7 64 35 59 37 57 50 54 33 30 56 89 39 84 6 63 29 61 33 41 6 5 58 52 52 81 83 46 12 84 12 71 
43 70 73 97 2 38 15 33 51 39 20 87 22 73 86 44 94 38 86 31 73 23 5 52 10 95 12 31 77 80 29 32 10 75 76 2 22 36 44 87 54 87 0 23 7 63 53 67 2 82 80 81 2 8 77 7 91 71 36 38 92 25 99 59 4 73 55 30 97 61 34 97 85 15 44 22 64 16 28 97 95 12 40 84 62 17 18 60 56 5 44 33 30 48 61 88 76 22 
33 64 69 35 35 30 79 7 1 52 17 6 95 42 57 35 77 23 84 63 59 75 63 42 4 31 98 40 95 81 43 62 29 22 99 89 31 31 29 95 84 35 43 5 9 83 70 48 38 57 2 37 0 87 60 90 49 60 69 11 28 75 66 87 43 44 29 19 34 75 62 93 69 22 5 14 91 70 97 60 56 46 91 80 30 33 10 60 91 54 88 4 62 77 66 58 45 66 
37 34 63 66 41 75 8 86 53 60 97 85 49 85 38 22 65 17 56 37 47 88 31 57 36 29 16 26 42 83 49 13 50 1 87 29 14 31 15 14 84 65 80 17 94 99 9 53 86 5 88 35 15 87 53 86 4 3 82 62 35 29 44 73 46 81 17 87 28 52 99 71 86 26 98 33 9 20 72 68 56 40 91 33 36 15 43 41 73 49 90 13 32 2 94 7 49 75 
5 4 93 57 9 25 78 39 76 1 44 63 73 4 69 55 14 32 19 34 93 80 37 41 58 59 3 54 74 83 7 19 47 85 91 58 5 88 60 6 8 29 92 85 91 42 85 92 74 81 75 14 15 75 11 15 88 39 45 10 53 93 16 62 26 52 71 20 18 0 80 31 16 42 58 14 38 20 21 81 13 93 54 73 97 49 0 73 70 19 53 51 42 44 54 66 22 19 
93 84 75 26 86 91 67 35 32 99 6 67 1 21 33 73 97 19 51 24 45 81 26 41 95 34 11 21 92 53 40 22 56 13 27 27 80 5 13 79 51 47 42 81 92 21 98 54 36 37 15 0 49 50 31 90 99 44 16 96 84 42 45 68 39 18 14 86 23 76 91 22 57 45 12 85 78 46 93 60 74 15 31 8 41 80 54 36 20 36 54 14 2 55 9 99 32 44 
58 13 7 7 15 50 80 96 37 92 81 8 25 50 99 89 6 84 76 56 11 15 98 26 18 20 7 63 76 4 61 94 61 85 12 92 9 34 36 47 89 26 78 96 53 74 54 59 8 69 6 80 93 26 27 2 91 81 15 93 93 72 20 21 45 71 59 0 87 77 21 17 68 32 80 26 46 65 14 47 84 25 17 18 77 76 58 13 14 32 5 21 2 1 92 36 14 60 
69 97 67 36 82 99 8 46 11 58 59 5 56 24 55 69 50 76 66 81 91 0 72 80 61 30 16 89 61 88 45 88 56 51 92 55 90 18 58 86 11 35 32 81 17 82 85 13 45 54 0 89 80 1 78 45 17 50 96 90 33 60 38 71 54 92 3 31 89 3 63 45 45 50 76 27 20 26 82 58 43 39 77 72 37 34 96 6 85 1 14 62 97 97 15 19 14 64 
45 6 49 40 32 28 3 64 57 69 31 71 35 56 94 0 21 78 36 93 65 14 92 13 98 39 9 93 90 71 36 43 91 1 52 57 67 0 3 93 1 72 78 20 75 88 62 38 3 88 17 73 26 50 82 59 53 34 71 70 80 95 80 17 63 19 66 28 87 3 17 89 19 14 78 83 3 43 73 0 48 41 63 98 40 48 73 77 94 91 27 30 95 5 35 95 94 77 
12 47 1 17 54 0 5 89 63 42 53 2 99 27 2 53 21 99 84 76 24 32 48 50 7 4 49 1 89 16 65 29 27 70 54 73 98 32 86 40 44 35 93 76 46 34 6 96 16 71 88 35 81 41 99 84 65 15 8 41 98 32 22 71 93 19 14 24 38 9 44 60 31 26 38 79 76 12 97 83 31 61 67 82 5 79 2 65 58 6 9 17 96 53 93 43 75 79 
55 17 12 49 72 11 34 6 50 93 98 54 83 48 91 55 20 15 37 42 37 79 17 13 65 40 83 90 38 42 60 45 80 96 36 1 41 61 86 53 58 40 39 83 56 1 38 9 46 58 66 58 82 24 87 3 81 31 40 78 84 2 77 9 75 31 57 33 50 45 42 91 92 47 94 7 83 91 55 67 17 81 38 60 35 17 78 48 92 84 93 89 20 76 55 68 9 70 
58 64 68 22 24 29 76 65 44 43 93 66 73 5 17 35 89 31 77 56 61 91 34 10 2 17 91 8 60 22 3 51 52 80 21 5 29 91 6 58 19 33 68 57 88 26 96 55 50 98 34 56 36 14 48 37 10 57 32 85 3 62 23 73 80 30 87 16 50 75 67 42 82 83 9 1 76 23 74 30 30 52 78 94 85 91 86 60 37 73 22 62 17 49 78 97 40 4 
84 46 4 45 98 18 61 27 64 26 71 14 0 22 52 20 47 0 99 64 40 51 89 36 72 65 15 55 54 35 29 52 19 85 73 25 82 18 76 42 12 60 31 56 66 0 48 91 68 18 97 93 1 59 19 15 50 64 62 7 7 82 33 84 69 5 12 78 42 46 13 56 52 40 50 88 18 46 55 17 41 90 75 69 53 75 2 68 78 90 39 90 39 66 81 94 87 3 
74 48 43 99 8 57 13 33 32 15 1 8 14 87 57 5 75 60 4 46 77 79 37 59 64 19 36 30 24 61 77 61 89 81 74 27 11 15 32 37 76 66 10 30 47 11 82 38 61 76 63 41 35 75 71 31 36 43 69 72 93 66 50 72 13 96 99 86 84 14 46 41 73 9 12 89 4 16 78 7 57 39 71 11 95 13 56 55 1 36 73 98 78 89 61 11 84 35 
48 75 21 53 53 35 7 27 43 81 75 19 51 32 23 85 23 23 44 43 66 88 83 72 41 19 39 20 57 25 48 71 84 22 49 51 33 39 12 82 62 7 11 46 37 42 74 3 10 81 56 29 10 80 3 68 46 81 14 78 48 65 28 13 2 6 44 66 31 22 47 40 40 93 77 70 87 74 53 20 20 50 77 32 67 24 98 70 26 22 41 99 56 85 72 13 6 8 
24 26 72 40 85 6 33 81 42 33 49 91 20 39 34 68 96 9 52 57 99 2 0 28 85 33 73 90 7 12 99 28 26 50 75 72 55 29 51 18 65 81 0 27 1 47 17 23 4 9 67 68 84 0 75 0 9 43 91 88 67 60 0 44 54 96 73 25 30 13 86 21 15 50 42 23 59 21 92 68 99 71 82 35 72 88 46 95 68 64 46 7 98 19 42 64 10 89 
57 28 50 13 11 81 30 37 60 69 62 34 35 25 91 25 72 16 70 93 66 18 53 46 25 53 18 36 33 61 74 26 27 93 72 45 37 36 2 87 77 2 34 57 97 50 27 17 55 31 40 60 66 14 69 94 62 93 98 26 45 96 48 36 64 26 73 38 84 65 18 35 48 90 53 7 57 64 6 40 6 93 93 48 77 99 27 6 58 68 32 63 69 5 25 14 27 48 
3 76 26 36 72 15 78 6 92 9 74 75 3 83 22 68 97 53 61 76 91 93 0 52 33 20 5 37 34 40 70 0 46 92 30 32 37 95 17 96 72 36 93 68 3 30 71 78 49 74 16 26 23 32 19 18 90 6 79 41 55 66 77 51 41 50 90 25 55 52 13 13 68 89 32 10 75 64 57 9 59 97 99 69 19 12 79 72 90 23 53 51 44 64 15 85 4 7 
79 14 63 46 56 49 11 67 67 72 69 83 22 64 5 66 67 51 59 84 1 11 20 89 12 77 79 93 49 90 74 56 19 45 6 41 56 93 81 77 91 85 14 31 8 49 65 97 35 3 6 12 92 6 58 30 0 91 81 12 8 92 10 84 55 29 60 55 26 29 97 11 40 78 94 76 77 57 85 55 59 70 62 66 95 21 97 75 91 46 26 40 6 43 12 21 30 99 
22 15 27 56 72 98 43 79 67 69 99 95 46 56 83 76 62 95 92 65 30 23 83 39 53 92 56 35 21 5 45 76 59 44 4 20 5 32 79 2 47 4 1 69 8 42 14 65 22 50 95 74 8 13 31 42 28 38 40 59 26 35 55 98 82 48 81 86 25 69 32 57 7 56 41 51 39 31 58 82 98 48 81 32 55 64 81 50 95 11 9 82 40 32 85 41 18 36 
13 28 60 45 68 99 59 69 43 3 57 59 7 67 11 2 60 43 17 53 39 40 75 25 92 3 7 27 46 19 86 41 68 77 4 89 26 48 16 77 3 13 19 70 76 50 76 32 27 0 31 17 74 96 76 22 55 79 7 18 9 58 25 9 11 62 76 40 30 11 19 19 1 85 93 75 0 8 0 40 10 40 39 15 44 4 30 14 74 30 76 67 88 68 22 21 1 67 
12 41 53 25 6 5 68 45 7 87 58 22 74 34 1 67 20 81 91 26 86 11 20 13 40 63 41 16 47 94 84 65 52 68 17 0 46 42 40 39 60 62 0 27 47 4 30 54 52 62 14 28 0 79 99 20 28 38 43 25 76 92 79 24 51 73 87 50 34 16 74 24 97 69 94 1 65 91 53 74 78 8 94 78 6 7 26 86 32 0 39 96 48 93 62 78 49 91 
3 61 1 12 41 26 73 65 45 25 31 47 53 37 51 15 99 65 4 1 51 86 44 66 64 39 59 80 75 7 39 13 2 87 20 90 11 79 31 25 57 35 57 84 67 16 55 37 96 70 59 1 17 11 25 6 51 35 35 20 48 23 95 43 38 6 61 45 49 66 87 57 61 11 1 80 21 2 9 44 48 44 87 44 51 68 98 94 79 16 44 87 31 90 91 39 55 15 
74 2 61 24 90 48 97 78 88 89 29 57 15 64 80 52 92 58 22 78 12 44 60 8 93 60 99 59 54 26 63 7 54 77 38 80 56 8 70 37 17 19 60 61 35 66 93 48 65 46 37 72 72 54 2 16 55 15 14 1 0 68 97 24 89 2 20 32 5 90 3 30 0 76 70 47 77 49 35 49 38 46 98 31 37 83 97 49 64 50 8 96 29 3 15 91 92 56 
10 86 39 99 93 36 48 40 6 12 95 27 92 19 25 47 56 96 12 75 79 87 64 19 43 8 99 77 29 97 93 5 86 10 14 11 30 94 54 84 92 87 8 46 20 38 72 19 65 25 41 12 17 75 87 52 77 13 6 74 90 38 34 86 84 2 92 81 85 93 41 35 18 74 85 58 45 32 87 45 73 93 13 44 68 79 2 82 89 25 25 13 79 87 10 16 38 44 
55 87 70 6 90 18 89 5 64 7 13 85 13 18 80 65 4 32 88 78 49 87 51 37 45 27 28 0 79 52 0 20 23 89 26 28 78 8 32 85 68 39 81 6 58 99 80 29 23 87 86 20 73 24 91 30 62 56 79 26 44 44 38 5 12 28 24 17 66 57 40 61 94 67 19 92 25 9 4 15 30 61 15 2 13 1 1 42 52 71 67 73 82 2 55 82 80 89 
72 79 35 32 88 28 18 82 89 26 22 31 80 25 53 75 2 49 2 78 84 84 93 27 7 59 24 26 20 13 76 58 15 71 4 89 90 26 69 14 95 92 67 70 26 55 35 6 9 57 42 4 99 30 88 76 43 68 1 87 85 81 84 38 8 88 38 42 19 3 66 50 81 51 44 86 6 2 84 80 46 67 76 7 9 34 40 59 47 52 30 25 15 83 0 83 37 38 
24 54 56 51 39 45 49 0 76 79 13 21 72 79 43 52 7 70 38 40 40 66 55 57 85 16 93 86 68 91 5 87 80 1 2 62 23 65 94 96 46 84 44 72 24 8 76 25 45 54 70 71 3 28 35 91 4 81 96 16 46 22 96 54 94 63 3 40 3 42 8 19 94 34 23 51 2 73 12 31 68 27 52 62 33 45 89 0 93 47 44 63 2 78 81 12 52 19 
29 10 5 82 41 23 28 43 79 16 66 86 91 84 40 2 45 86 62 95 48 20 49 59 50 9 74 30 79 64 61 88 70 54 74 75 71 91 51 86 15 20 38 98 0 2 68 7 44 6 22 67 50 65 14 34 33 7 17 12 32 64 47 48 56 7 38 70 93 19 59 10 95 47 62 78 38 25 61 45 80 53 26 49 25 16 16 50 11 20 73 0 31 56 47 45 58 62 
2 36 18 97 27 5 72 14 30 71 38 86 95 48 3 13 31 46 4 67 57 78 19 70 64 11 58 35 81 1 11 94 31 26 72 45 96 94 44 25 60 92 73 61 20 50 93 59 78 37 69 14 59 51 92 84 76 28 8 61 44 69 62 44 65 48 26 98 12 39 42 44 10 25 67 3 92 20 92 0 32 52 73 13 74 50 60 23 58 21 76 79 18 4 32 74 4 93 
11 20 9 79 9 24 43 28 24 82 88 18 40 85 73 48 25 5 20 55 12 32 23 85 62 82 32 45 3 42 29 50 64 79 72 15 92 82 68 24 95 2 90 11 87 56 78 26 81 92 26 17 88 29 74 2 29 10 11 71 29 83 2 69 4 99 99 17 41 85 66 57 81 90 65 0 72 1 48 5 89 42 28 21 81 60 99 48 62 47 4 46 81 39 8 90 77 47 
6 85 57 3 81 92 4 53 97 1 97 82 47 68 40 20 0 98 41 16 70 84 65 23 38 93 90 95 64 79 72 86 42 44 94 30 19 20 82 19 26 72 76 56 31 16 63 6 32 12 80 48 52 71 82 92 81 1 4 62 34 35 3 16 14 58 50 35 95 13 24 73 10 68 97 10 8 59 73 32 19 69 43 40 98 2 13 4 70 26 26 5 5 50 65 40 3 24 
82 30 44 97 52 71 94 33 23 19 72 96 74 94 90 20 5 77 18 40 7 38 46 1 7 93 77 53 30 49 55 62 36 28 32 98 98 15 99 42 14 62 49 63 33 50 21 21 89 57 17 33 62 50 90 26 74 67 77 82 42 0 18 33 56 58 56 49 37 56 54 80 94 29 30 38 21 46 53 5 76 81 46 38 31 81 61 96 1 60 74 38 2 98 42 90 47 19 
70 75 47 55 97 26 5 30 57 73 61 40 19 75 9 79 62 13 72 70 59 88 17 22 94 19 36 5 30 21 53 0 53 62 98 25 33 58 15 33 60 21 22 47 18 89 33 34 69 74 77 74 41 78 86 29 29 64 52 32 57 74 35 60 51 87 61 95 39 58 93 58 10 25 53 29 96 64 72 38 7 28 98 0 29 97 72 88 54 97 88 72 3 2 7 18 7 12 
15 99 30 77 17 38 31 1 14 85 94 28 70 93 48 8 37 29 24 75 56 50 71 13 18 92 91 19 22 48 96 41 80 54 83 80 10 37 97 76 0 93 61 63 42 98 16 95 94 67 79 17 59 81 96 60 64 33 8 45 95 95 87 60 24 26 64 13 60 64 87 5 74 55 74 83 9 31 15 19 73 40 66 41 73 46 87 83 97 97 70 10 68 15 38 91 45 50 
99 67 47 98 94 3 32 2 53 64 83 77 79 88 73 41 62 74 87 35 13 29 11 62 22 53 15 54 73 26 33 82 15 32 85 22 70 62 61 4 27 89 12 60 21 79 78 42 68 15 59 41 83 76 69 26 5 1 57 10 82 72 8 92 21 0 51 40 45 27 69 55 48 79 42 32 88 97 90 20 48 13 38 50 74 6 92 11 7 84 59 39 48 6 60 12 33 29 
15 69 28 48 32 24 12 33 91 26 41 98 92 6 90 35 76 69 72 77 78 62 66 60 41 50 20 50 89 48 46 87 90 29 1 24 33 95 59 73 60 73 67 67 75 79 83 80 86 12 7 79 54 21 79 26 66 63 97 99 82 16 57 85 62 9 37 8 37 25 9 31 13 48 12 37 27 77 52 26 22 6 22 12 85 77 89 14 98 92 76 95 8 30 9 11 92 94 
65 27 41 93 51 32 84 83 6 82 89 14 55 31 31 70 41 75 47 70 82 95 36 85 59 38 18 75 37 52 66 65 55 14 14 85 51 7 86 27 33 81 59 43 9 14 23 40 6 15 79 41 61 56 20 49 89 55 71 57 28 21 35 21 58 61 2 62 71 40 50 84 95 20 45 96 52 85 75 45 94 2 40 33 47 20 34 18 24 53 15 53 35 66 55 62 46 91 
77 11 73 76 91 88 41 60 96 83 16 39 56 50 68 7 51 60 69 55 5 62 60 24 14 50 91 83 23 46 16 6 97 94 48 47 20 59 43 13 87 85 24 52 75 90 52 60 11 62 97 88 20 82 72 49 38 65 25 21 9 70 34 83 6 64 97 14 31 13 40 65 46 85 61 31 34 7 61 26 7 49 67 87 62 12 12 53 44 14 93 29 92 87 5 10 61 12 
84 63 90 78 7 52 1 16 36 32 19 66 51 23 54 2 75 1 47 10 82 95 1 64 29 1 73 91 30 89 25 59 20 22 5 68 97 79 55 44 88 40 16 54 1 18 52 69 13 22 36 33 20 84 39 98 83 61 1 58 23 32 91 26 63 25 51 33 90 64 60 44 71 92 90 91 89 44 52 62 24 67 43 86 73 2 29 52 34 93 38 66 11 65 80 82 67 27 
89 39 34 37 24 51 77 66 57 85 85 12 20 50 76 63 47 7 72 74 33 75 77 56 28 60 44 20 87 34 21 99 52 71 92 25 56 5 15 72 97 83 83 53 93 13 14 78 47 96 36 90 79 38 47 66 85 46 14 39 64 54 10 11 95 26 50 90 71 91 19 19 71 20 95 3 56 53 71 52 33 83 11 15 14 9 49 78 10 61 64 13 97 71 62 12 7 92 
84 17 4 81 71 85 95 60 44 49 26 16 21 11 19 29 64 13 39 97 73 92 34 75 24 66 49 43 0 20 59 76 63 59 84 47 22 97 20 26 83 41 68 66 21 45 39 23 84 63 75 2 15 39 47 34 72 28 70 48 91 78 32 80 53 17 87 96 10 60 89 8 73 98 8 26 78 85 11 46 9 10 65 10 97 92 90 4 78 38 8 94 81 68 9 49 26 64 
80 80 76 67 29 51 65 90 83 29 77 72 80 90 32 29 87 21 67 62 78 88 65 25 63 26 49 1 66 17 67 72 0 51 87 64 74 90 16 41 75 67 98 19 16 70 88 91 31 79 60 51 94 44 52 92 49 54 3 1 84 49 22 80 37 68 39 51 59 38 5 57 12 69 84 33 4 91 96 81 40 45 92 75 70 45 89 52 17 33 51 16 58 17 17 59 50 6 
41 55 4 6 73 50 56 38 54 79 80 9 83 71 94 87 42 95 74 66 26 57 22 76 56 65 47 62 19 22 49 8 95 0 62 37 29 7 98 91 99 51 69 94 99 52 83 56 98 35 38 5 36 31 38 25 96 22 56 69 49 88 54 19 3 76 81 95 35 71 1 66 64 28 67 55 37 64 5 37 53 49 9 16 13 28 55 75 6 39 59 22 24 24 74 81 36 19 
27 58 62 7 76 39 30 34 1 49 74 83 32 66 14 33 31 21 75 15 55 26 47 37 46 61 78 99 63 80 87 79 73 14 37 52 72 81 40 35 62 29 10 97 4 46 36 47 23 32 62 71 38 50 7 44 64 31 17 42 54 79 94 77 44 95 92 92 17 71 52 4 61 12 61 23 41 71 7 99 37 32 32 11 86 81 16 36 39 8 77 11 7 56 63 2 2 98 
11 99 11 18 23 35 83 40 57 39 40 16 52 0 44 18 35 41 68 79 35 8 46 2 92 56 13 99 30 82 53 79 26 65 43 20 2 96 3 53 35 1 35 10 12 58 98 75 21 18 25 35 14 13 48 0 5 73 17 59 6 72 65 32 42 82 36 43 57 78 11 11 31 14 91 54 30 29 30 92 2 95 4 89 27 90 76 44 99 22 55 31 13 69 63 52 39 30 
51 7 45 21 65 60 85 78 1 1 60 19 65 10 47 75 9 12 86 97 76 2 76 95 96 7 30 58 32 13 90 19 55 5 89 57 28 91 65 42 40 84 83 70 93 87 44 68 61 63 87 73 57 21 83 88 72 17 72 78 12 48 9 21 8 84 33 34 34 16 68 44 55 0 57 3 50 41 43 37 1 72 74 38 42 10 75 61 31 39 93 83 48 33 63 37 57 76 
77 31 43 52 42 58 4 27 91 34 1 37 40 71 16 17 57 27 62 81 93 51 54 21 38 93 16 4 97 96 95 98 32 46 88 69 32 18 38 40 93 62 19 35 97 28 37 55 94 75 84 33 84 72 39 51 48 61 53 73 24 38 54 60 22 86 87 58 94 63 0 62 26 32 49 57 87 31 61 57 76 80 75 18 16 8 49 97 99 73 32 78 54 99 83 99 20 49 
55 55 7 21 73 33 34 72 3 51 18 66 81 88 26 82 0 90 93 4 34 62 81 34 51 51 63 57 80 98 41 44 24 47 61 23 75 24 61 63 36 93 65 14 96 56 51 99 31 57 27 53 99 32 82 81 57 74 69 83 73 32 56 95 43 94 12 21 56 5 82 87 51 82 18 82 73 43 90 49 62 35 52 40 94 31 83 29 21 78 68 38 36 67 69 60 52 16 
61 31 32 35 4 70 26 80 68 71 0 15 34 98 97 18 47 30 63 13 58 52 63 71 1 63 62 67 33 96 46 87 78 1 51 37 97 34 31 95 15 7 24 44 93 0 72 29 4 80 70 56 29 82 97 29 59 20 24 17 65 77 79 7 99 28 35 84 89 42 95 74 63 22 91 42 67 69 57 20 21 61 58 8 94 14 66 74 18 57 97 86 54 79 65 99 37 69 
37 94 65 88 38 73 47 71 30 76 17 34 8 45 6 43 14 67 29 89 72 72 96 38 83 40 56 64 1 4 2 13 15 32 1 79 47 27 91 48 17 85 60 66 46 99 88 21 46 50 72 56 48 67 29 77 96 60 83 23 75 19 77 11 6 55 91 37 45 7 8 50 19 18 16 98 47 74 66 24 30 75 42 93 7 97 25 47 41 76 67 22 49 11 18 18 96 73 
91 85 8 98 62 52 98 27 9 9 15 65 39 73 46 93 22 91 0 68 68 17 68 29 55 71 71 27 24 87 41 16 63 24 81 12 17 97 89 5 59 91 85 8 70 62 95 81 98 15 56 54 37 96 43 59 97 4 67 30 69 33 81 6 61 12 19 46 78 28 77 19 94 37 54 52 46 10 52 60 63 69 15 99 24 69 64 96 78 79 50 98 55 43 90 65 55 49 
74 66 36 7 30 86 33 6 85 70 19 73 78 0 82 76 61 26 45 95 92 39 53 43 27 75 83 37 19 81 36 12 23 81 10 35 82 3 18 5 30 16 17 84 64 80 77 67 30 35 96 9 45 31 36 20 23 99 65 37 33 27 22 1 59 28 11 75 61 79 42 61 86 91 30 1 63 97 17 57 40 33 79 53 91 62 21 77 24 92 52 49 4 9 53 22 32 86 
26 94 9 33 23 8 15 16 59 75 9 49 80 1 1 50 72 38 40 0 97 77 60 39 48 59 19 49 15 44 94 60 25 78 82 10 80 40 83 39 77 29 58 38 73 27 73 52 20 46 40 35 34 19 47 48 29 23 12 93 49 65 90 13 65 84 62 44 19 83 54 35 3 16 7 59 80 97 79 67 6 77 58 17 96 96 26 95 47 17 59 42 38 82 15 56 92 54 
50 77 12 75 52 98 91 71 6 74 80 53 66 2 33 22 30 20 15 88 3 40 3 72 77 23 22 39 39 18 28 86 73 83 5 32 39 23 79 19 43 0 5 36 99 94 17 74 36 70 88 54 32 1 82 28 76 16 48 36 74 24 67 1 38 34 78 27 31 47 56 73 15 80 10 20 55 96 8 98 11 10 28 72 98 89 89 63 84 75 82 77 24 9 18 4 43 69 
10 30 43 3 70 2 42 24 70 62 68 77 71 72 41 5 74 32 73 3 2 39 66 8 14 41 88 49 20 34 33 69 79 53 77 76 21 41 67 59 99 53 22 22 22 38 6 19 48 49 46 87 48 93 43 35 91 95 22 93 73 34 17 52 16 77 12 14 84 37 21 99 97 45 60 61 56 29 77 11 5 95 30 5 43 33 39 69 83 81 78 74 87 59 72 69 11 34 
71 39 35 66 99 21 22 94 9 10 89 68 26 16 6 99 46 42 96 52 47 29 30 5 34 52 79 63 19 49 31 23 5 40 8 68 16 64 4 93 75 3 51 36 97 49 41 81 55 68 1 55 23 73 39 78 42 7 67 14 16 59 14 59 29 32 9 0 57 83 92 1 83 20 49 3 28 57 82 32 9 11 86 95 60 54 43 73 82 43 96 22 65 24 78 81 98 97 
