30 18
7436 719 2226 5139 1734 5998 8364 3727 6483 1277 6587 3020 107 2618 673 6208 5259 8019 
7816 6713 5012 4975 324 6540 8405 6232 3459 6450 7514 8134 6095 8440 168 6361 541 9816 
5414 1413 801 3547 2269 9364 5258 2831 6861 6258 5825 266 3838 3185 6116 599 2322 8875 
6171 9540 2044 3786 9943 8477 91 4881 3286 842 2807 4627 1477 8658 4042 1149 3787 341 
3664 7098 5611 4650 4915 8245 1595 6841 8703 9939 2264 4514 3984 6655 8758 2229 1816 4454 
2848 3517 3178 9510 4537 2350 5590 4065 7264 6515 8570 412 6687 3553 9171 8945 2642 4004 
8738 8470 275 8319 454 5096 7559 9794 1588 4815 7504 662 2009 789 3691 1301 6444 6081 
2640 4759 1533 1574 7247 7710 7385 1961 2054 6481 4495 269 5669 8449 1540 3214 7137 2680 
7095 819 9874 8967 1647 3512 1549 3020 9642 2102 6484 6294 1968 3522 879 3662 8254 1987 
6780 9285 8617 6152 4895 7017 2647 2637 9769 9052 1564 5544 4280 5472 5542 2937 2170 4170 
5675 7104 2644 8755 3411 3879 1619 2138 8405 9771 4126 7852 9097 4017 3051 6759 6624 7377 
2495 5522 2130 8909 7794 8526 4908 3289 524 7210 439 2461 6461 9794 1967 2306 6627 2007 
3488 6205 7861 2399 9046 2035 8570 6774 7589 8133 997 558 7284 5172 4709 6649 5981 443 
671 1784 7077 8616 4415 6309 4759 6416 1446 199 368 3558 1775 7155 5761 2917 6030 3652 
6235 2174 3215 487 128 4106 4591 2975 7027 4093 7491 4673 3721 1912 2974 6953 2004 3364 
3958 3657 7658 8469 3861 1063 6306 9444 4762 8920 5522 4121 9168 6884 7565 7135 5634 7934 
9899 4300 263 606 7513 5320 2477 5961 9298 7950 6649 7866 8585 6277 849 844 7686 9468 
9354 3074 1917 6282 9947 6021 5343 2074 5216 767 5133 5253 8182 292 3728 3594 4515 6789 
9767 7244 4422 2466 845 4039 8455 6109 2877 1510 3661 9266 9719 7981 1719 6748 2417 5357 
811 5133 7518 23 5947 5371 2314 8174 6022 3185 4859 6291 5425 5831 7458 1071 9767 9072 
720 9298 9056 2859 741 7792 9931 8493 5193 7141 8969 9644 4557 4492 9615 9785 7277 7445 
7695 7198 1468 7878 7285 4037 5074 1716 7294 5657 1255 1362 6951 7111 4587 9087 3747 6960 
3358 7483 5324 1161 7736 2559 260 5043 6907 3166 9455 7149 7549 9715 2896 6850 3604 7526 
5685 7686 6729 5406 3779 9727 7925 8534 2619 9223 2895 9499 3728 6857 8034 2156 8676 2858 
5181 134 1694 2189 333 633 4790 4078 5322 1576 9188 443 2867 6697 6904 155 593 1038 
4228 6638 6572 9870 5462 7800 6030 725 2481 788 619 9640 5322 9953 6617 7827 86 9386 
8976 1992 9674 3753 7620 6650 2259 2427 4099 8667 9714 5113 8379 4413 1250 9637 8498 4056 
8317 5393 5747 9655 484 5603 2665 5809 7536 2306 4520 7309 5247 885 8513 3378 8536 5286 
8515 1051 7018 530 3796 8284 3438 8136 8429 4285 5862 4272 9667 5080 7699 4112 7324 2547 
8680 1534 8900 7444 9771 5391 1604 4352 3333 9899 4611 3475 7379 3531 2393 8465 4090 6465 
