40 68
34 24 64 45 65 18 58 76 55 35 5 14 6 30 46 91 92 37 31 26 90 80 68 15 34 20 48 64 57 41 69 31 50 81 27 61 87 72 57 14 28 6 5 82 11 30 69 27 58 70 69 24 30 10 66 76 69 69 33 37 27 11 92 79 71 14 39 32 
95 29 82 2 76 19 75 83 20 43 21 21 37 81 62 6 46 77 44 25 18 40 58 91 86 5 14 20 66 32 10 98 1 51 29 76 39 70 95 66 74 97 65 99 3 34 55 66 62 18 22 46 73 97 56 63 68 28 30 38 60 0 98 44 68 8 66 71 
27 16 15 63 3 35 3 1 24 41 86 11 5 14 20 43 69 49 31 39 61 54 92 47 1 50 87 76 67 5 26 31 52 41 0 5 60 8 77 54 69 66 0 27 5 16 87 7 89 81 56 87 24 5 39 63 27 70 32 58 20 9 87 33 51 71 4 9 
16 2 54 99 98 19 28 10 69 38 63 16 12 15 42 64 16 97 21 68 55 48 92 32 0 1 61 94 8 40 40 8 15 35 23 83 61 19 68 20 63 71 62 27 90 97 27 96 84 18 74 60 18 60 72 92 57 49 47 57 45 79 72 19 49 38 67 57 
69 3 69 68 31 15 38 61 66 45 99 62 29 5 49 69 60 7 9 26 75 64 4 30 54 7 18 23 70 10 66 7 5 28 33 44 71 73 0 37 37 75 73 59 69 65 3 24 79 26 92 51 65 46 12 37 1 11 54 5 75 44 5 97 45 73 14 9 
22 68 7 55 19 78 53 68 49 11 63 99 2 42 69 80 69 89 94 39 49 63 63 8 66 61 41 13 2 55 19 44 85 43 88 12 11 84 33 90 10 57 77 12 14 30 71 18 73 42 98 1 5 48 51 9 50 76 96 42 56 94 69 56 53 11 92 76 
81 9 5 16 86 53 61 19 0 42 97 6 43 55 3 31 39 18 75 46 80 82 81 68 92 43 16 58 57 73 78 27 45 71 10 68 78 85 17 32 14 16 2 88 26 34 78 31 76 1 60 94 69 50 59 40 49 95 92 69 50 23 52 65 35 29 47 93 
52 34 79 15 86 0 64 74 35 59 23 66 83 97 87 48 13 15 52 27 73 94 65 36 84 86 61 95 74 85 48 53 33 24 72 71 43 87 81 59 42 72 95 29 76 52 20 46 43 41 91 3 68 93 34 83 67 72 15 13 53 35 0 45 89 37 66 35 
29 37 89 38 87 93 88 86 41 88 80 70 33 52 53 54 72 66 45 75 15 74 67 19 99 76 26 91 5 94 10 10 40 31 7 32 24 21 55 74 35 98 90 33 78 70 81 4 45 28 82 48 99 47 70 75 71 75 59 54 19 30 80 69 85 62 15 3 
92 0 30 79 96 11 32 33 25 0 86 52 55 54 88 11 44 94 62 69 8 39 81 61 62 42 75 54 60 21 88 62 23 89 53 4 57 5 36 50 28 99 7 68 22 40 21 67 98 87 19 89 23 11 48 33 85 7 58 49 68 10 32 45 74 9 5 4 
91 6 68 92 99 87 55 50 85 5 54 66 58 98 7 43 27 51 20 96 80 79 37 67 55 25 4 54 82 7 99 44 87 81 30 50 44 32 84 34 68 20 15 90 75 11 16 90 67 62 48 39 35 29 42 81 47 93 73 9 84 75 47 72 86 50 51 8 
2 98 48 90 34 31 35 66 17 31 32 92 94 27 70 6 45 41 35 49 42 62 19 5 72 86 23 0 42 23 10 65 36 10 81 4 19 62 29 25 63 86 91 73 93 91 13 69 99 14 54 99 21 31 90 25 12 76 55 18 49 36 2 21 87 23 64 20 
78 73 12 81 76 16 12 88 43 87 29 48 39 3 86 49 94 25 54 39 48 91 28 70 74 67 93 99 39 83 78 73 67 90 49 90 88 52 75 27 62 46 77 3 42 99 47 61 58 22 84 79 9 13 34 61 33 74 63 95 96 23 93 85 11 20 65 57 
95 79 66 46 56 94 2 32 70 12 38 0 96 27 45 74 94 98 32 54 87 61 54 72 54 54 23 97 95 55 66 82 61 88 79 7 19 60 49 34 31 29 3 64 63 94 96 39 45 55 65 16 84 80 91 40 20 50 11 13 34 18 3 91 92 33 52 91 
73 6 41 55 86 66 77 29 31 7 20 64 20 90 80 34 63 65 42 94 36 39 48 20 22 21 20 28 15 71 91 84 65 84 47 26 19 62 40 3 38 78 61 58 18 57 75 36 12 73 6 90 56 71 47 8 52 62 98 75 13 91 59 64 60 43 18 8 
39 91 49 41 48 87 24 14 72 42 72 14 55 74 35 28 37 3 47 66 94 14 43 19 13 82 48 7 5 46 27 13 48 96 14 84 90 16 43 81 98 45 24 88 29 42 34 14 37 81 15 62 18 90 31 79 80 33 6 29 6 87 47 1 28 17 29 46 
83 24 92 56 81 17 66 81 62 32 36 66 72 84 8 58 69 55 38 2 96 51 6 26 27 2 85 64 38 84 42 0 28 42 49 69 10 22 41 28 24 83 30 4 8 41 6 14 2 83 24 39 45 96 81 28 41 85 79 22 72 61 75 21 54 27 47 55 
20 5 78 28 42 10 33 51 31 45 27 41 77 60 27 60 78 13 60 72 37 69 53 95 34 37 65 72 74 17 8 0 60 12 76 17 76 56 25 66 49 52 84 51 32 99 55 42 16 70 26 22 34 65 1 90 65 99 96 16 62 30 5 6 43 71 83 35 
20 28 32 9 30 18 62 2 1 17 46 76 84 45 76 97 76 68 82 49 49 78 99 37 48 30 89 0 88 77 12 63 75 57 20 84 1 20 15 82 7 85 68 87 40 82 26 4 83 9 55 31 32 28 1 11 20 56 41 12 90 35 79 94 86 85 14 75 
13 36 85 40 91 88 76 34 60 24 48 16 33 4 67 18 23 92 46 70 50 53 59 23 82 17 19 41 32 61 36 96 40 65 25 90 29 7 65 73 47 18 46 37 10 7 39 35 47 46 72 6 16 19 51 22 81 25 65 3 6 80 83 82 77 17 32 31 
81 76 79 29 73 48 97 98 26 99 56 18 57 35 5 12 43 41 56 78 78 78 41 66 82 42 93 41 48 2 96 6 90 35 80 54 19 16 39 9 15 85 70 3 97 56 25 81 34 65 17 72 9 63 47 72 78 23 87 81 78 25 34 14 39 56 54 78 
39 89 70 56 74 88 47 5 69 47 74 6 57 8 40 25 21 82 86 3 73 50 67 29 49 56 88 35 76 39 20 9 6 43 79 7 52 98 43 70 55 39 54 88 94 66 37 98 14 3 86 31 20 88 81 46 88 13 18 42 48 26 74 54 30 38 71 37 
17 89 7 51 45 71 60 79 61 35 27 66 4 4 17 1 49 31 0 60 64 84 38 33 74 85 37 72 37 7 47 77 85 46 77 45 49 95 38 82 12 97 4 24 30 13 13 9 93 75 69 18 67 15 20 64 49 17 18 90 52 9 70 91 36 21 50 35 
34 16 28 48 8 26 56 69 97 5 98 93 75 74 67 73 85 71 95 30 41 86 71 42 17 76 53 46 52 56 52 29 4 99 96 60 48 5 44 1 25 51 32 2 16 3 72 56 87 48 79 48 90 42 35 81 23 23 69 66 80 91 43 18 46 38 46 85 
90 57 77 64 32 15 20 82 34 36 43 64 18 73 87 40 21 26 13 20 68 70 29 15 59 21 59 27 79 3 62 47 86 13 82 54 24 58 88 16 62 27 62 78 29 39 45 63 9 97 62 82 72 22 46 54 39 85 15 54 28 20 58 53 50 70 71 33 
10 34 55 77 27 58 94 93 1 13 5 50 87 37 55 71 38 53 79 37 3 57 68 99 20 89 49 19 19 61 43 61 48 21 95 53 90 56 19 89 79 67 62 48 4 0 22 36 58 71 37 59 83 11 79 49 7 31 52 33 81 76 61 27 88 21 33 65 
73 89 42 24 76 28 34 79 73 76 95 23 34 80 56 89 46 23 68 10 52 9 66 65 94 46 50 26 65 25 45 38 1 63 40 10 13 2 38 24 56 16 73 15 31 29 26 50 20 83 48 74 22 6 85 60 49 26 70 68 93 0 78 26 94 18 47 49 
58 75 36 19 42 55 31 20 10 58 74 12 17 57 3 76 32 15 56 24 66 81 13 68 42 47 20 16 16 44 61 30 35 85 24 28 56 60 40 21 12 88 22 61 95 79 62 34 6 63 86 18 21 25 53 44 96 8 70 77 94 43 75 8 42 64 25 67 
13 28 72 75 15 94 16 41 47 43 82 39 36 47 53 13 98 30 15 12 68 56 22 22 40 74 38 21 53 10 18 41 23 52 78 0 78 94 99 83 77 99 62 64 16 47 61 6 21 97 43 40 58 78 49 16 15 9 28 13 77 57 10 55 2 54 17 49 
37 54 7 22 74 49 84 73 39 37 24 51 67 58 94 42 98 14 58 30 58 62 37 29 1 44 9 49 3 40 48 67 49 30 4 9 89 41 76 26 80 84 4 31 75 90 25 34 62 33 80 25 53 23 98 71 23 37 83 86 93 84 34 81 74 63 16 20 
88 54 81 8 84 17 92 51 95 12 69 58 93 87 93 78 22 34 33 54 4 94 86 61 42 2 91 7 6 24 45 9 61 87 90 79 24 33 45 96 61 40 80 14 25 58 78 72 58 99 59 48 51 76 60 1 39 39 23 93 34 60 96 4 69 73 68 31 
75 65 35 39 10 6 43 92 51 42 35 17 82 67 59 65 29 5 95 82 83 1 16 63 18 19 57 86 41 70 45 11 14 95 16 0 91 91 28 25 36 60 49 14 92 76 7 40 43 2 39 52 50 86 39 60 62 54 10 27 98 62 91 78 45 22 94 72 
14 21 72 55 19 42 81 27 30 80 68 65 79 88 43 33 56 46 86 73 77 38 62 41 33 72 71 12 42 10 7 70 99 85 30 88 3 36 41 20 83 82 10 89 64 72 19 55 78 49 62 50 27 72 89 47 1 18 18 83 81 29 24 86 61 42 88 0 
1 88 69 5 27 76 49 56 17 83 45 33 56 67 85 1 72 94 45 63 45 15 78 17 50 21 22 70 75 99 90 68 29 24 61 58 8 41 21 83 87 41 63 40 10 13 16 88 18 95 45 81 42 57 46 37 58 19 92 32 60 95 86 82 5 33 39 80 
70 3 83 66 72 20 87 84 58 29 55 97 1 91 48 67 11 80 77 29 20 0 57 87 25 76 37 99 72 34 81 60 37 13 26 7 21 61 47 59 42 24 37 17 84 34 54 9 6 59 76 11 81 68 6 84 58 29 22 4 29 19 18 88 25 97 49 76 
95 12 47 17 28 34 83 28 79 26 42 0 40 96 99 11 14 64 29 25 2 28 58 24 64 44 65 75 72 30 79 76 49 81 10 98 81 35 94 81 8 21 30 98 93 41 43 13 39 75 26 9 69 57 92 5 99 53 39 67 7 6 11 99 74 12 43 39 
4 42 80 19 73 42 70 67 19 76 77 12 39 49 13 9 33 61 65 63 24 49 69 53 56 64 14 22 85 54 59 75 31 64 95 85 9 98 94 6 99 5 24 25 73 71 53 64 0 58 53 47 41 8 1 99 60 9 23 59 56 25 17 99 22 93 5 59 
82 6 14 53 40 5 61 90 69 64 99 90 78 62 83 42 13 52 47 60 29 71 77 83 90 1 64 73 38 64 70 88 40 81 81 81 33 82 88 52 52 9 74 81 50 53 86 36 76 49 35 70 10 30 73 77 78 71 80 38 18 60 15 58 27 67 47 6 
94 63 30 29 85 16 72 64 18 97 55 68 73 25 24 34 21 25 54 67 62 85 66 4 32 36 9 86 20 18 65 24 92 67 69 58 37 12 11 31 22 62 40 39 37 97 74 33 11 26 19 76 11 86 46 5 19 75 85 25 37 44 76 82 19 3 14 17 
50 78 93 21 29 11 59 94 31 17 17 40 45 59 86 41 25 30 17 16 38 89 20 39 23 80 42 80 61 37 73 33 43 81 77 93 20 24 85 82 41 24 57 8 55 71 19 59 67 83 72 70 63 64 16 35 73 2 97 22 31 28 56 74 54 91 19 83 
