81 47
666453613 564489395 301332290 915412571 990799350 223686836 929332037 343551458 89983663 290032153 125981150 869883859 575727633 436768905 853103417 481544948 449034551 891427865 944409656 986735452 731941904 599781616 10511532 155548302 510429818 186574762 110288702 430333896 803156465 509064570 170028256 265162815 606223100 132591601 410972455 623790841 467896640 820691016 559581776 282397518 843411453 145301428 859974286 513836560 30688446 254655810 472744852 
887659890 651145963 681937804 812609653 406821142 861011551 304260012 429067967 661983077 613190453 719756788 362915691 247079117 74720554 770290006 939876110 419983393 300685744 835558408 181477512 707847035 207805595 51319426 87667129 915873759 463985269 510075583 489214841 536383922 184571845 215788312 300659576 773829429 794376046 509321875 1137648 815896072 100951765 791586162 410976019 202056355 72230134 644979419 529939197 993937833 232083709 587069550 
336260197 281924192 587935749 104852529 732885863 171666925 465947735 541383485 852211017 962120849 935068817 376223143 894806792 703296803 930380195 264908564 396685693 876558634 19087017 465071031 4168802 584047661 870705162 393607161 996026071 168246232 994608064 318679155 672329427 736146480 773962955 39251737 648529869 256015877 408646530 423556360 7306816 237241544 763210772 214628432 612340380 539359703 388235862 864709640 386219246 708537583 550365728 
275123894 609588782 381702033 912407884 305679652 980545802 585727349 349797036 780612712 658733393 303954736 992269171 396482210 569401269 687823685 774654734 229314005 355294900 63331298 25955712 658979146 850345667 347347517 506189227 255581568 623813435 668508226 522614561 471172730 989194393 602117314 236280960 8412318 187119611 803646788 686744964 312218687 957784900 328882447 443110563 552218038 803934001 505703420 443195848 614006093 636244095 202105051 
154554452 585021198 171221226 581299826 54682218 215188942 510918464 276001805 22585124 64822832 285682840 224210068 63900992 475760616 698292357 409342126 996433871 961035416 895227661 391964968 788329754 822707831 733900145 488225112 148181305 407530688 385682604 269464767 963170387 637615331 95564520 253827331 136866627 642461512 158065162 363656379 923881483 594442148 635516981 814391603 444757939 424956178 292481224 37110946 972649304 542101321 129545965 
872550899 385864926 462797975 711380676 154895175 460541950 881425226 668987065 984750832 811040830 147892247 896883375 297701304 977665701 864103963 912291861 248263006 297672224 189952166 946505231 315383585 475635988 944040876 995620425 3031380 591006089 587684513 657935578 822224846 220088870 549188423 988253269 147213498 400993674 513729304 428378764 182885140 358732354 807191220 170886605 962136992 83125684 955537687 305591069 972323686 262853498 216664379 
275860094 317627206 964014396 384916158 564938785 704435858 255212711 610056091 907954717 665366872 305633788 821858431 530621541 725548734 687601275 754092667 149514715 859661129 506361303 765473677 360778345 509057654 662947114 951139789 353499651 796219156 264076926 447070953 164446009 76131021 52874470 393266019 389603381 914085617 44542969 877160907 428219511 6728675 85911569 226983330 16510626 692759103 758467968 645629982 241521400 430590863 859030786 
420172437 40835228 616453288 951818393 413337830 515371930 340194790 569527539 675556232 855951416 584755287 812769129 363548767 608807932 192356582 528051516 280693643 115674956 152887164 776952503 629782349 121141013 349541891 639293420 833511255 152849712 599025895 421126226 364127479 512240494 316756911 815479279 471684571 927341255 167634457 452469671 697945108 357834172 368340696 939411516 348582621 334796665 850888590 379722944 702343588 434745042 147524353 
638094057 540572172 633211319 380402956 311602181 905781958 315310033 960191681 654857398 922282546 805507364 132851839 308465079 961582732 463160968 457923645 852285128 899821673 149863851 581796685 57314483 745511548 226900880 122789813 101303963 580040880 331568342 166882266 982936325 521749416 888061239 45745662 292822794 953872884 449659562 241882411 758046215 823480150 295090956 370721313 615224782 657754829 597193798 408926408 102436890 193950803 220921763 
122620116 5239743 217779179 799982902 851428048 808952671 182539966 391609254 840088440 848062683 912653077 14435672 439295483 441149117 199111604 227260049 270278847 105360555 953497012 359569632 879161868 654058230 331133612 91479864 597824677 371684648 884346978 882415099 620629860 752995937 871876419 828891372 131190796 447756710 837174835 172045175 942375307 217114557 277795375 239163434 369120018 140029460 127004070 814814308 896881709 942321630 39245142 
230595558 220952515 759548754 377014708 492387755 48971422 62464414 93905819 434914406 49067435 450415142 103548693 697370154 909219056 818430250 696072524 89881474 409476495 958901350 46376656 391277862 811153724 324627157 776670021 829174310 483812023 565682440 879889969 532564637 305069703 268045128 851920344 559746631 960532024 419824727 364875765 129549275 437646633 181676328 232288050 771465652 981488918 313043884 774393371 684608128 857213341 725572562 
280571001 977300407 12915461 55132027 822927698 968910830 204780831 602549831 232230971 944201745 805599691 26409414 725936107 495815725 566221397 328299847 550901685 269781542 877949495 321740146 409687978 234135628 427027254 343101025 674920867 455107874 579857146 554602435 821856355 96916470 405552706 456035857 343762552 376011407 453618562 326657090 516452865 388236130 279309943 438754955 476446188 514597957 263823357 566466369 39602976 735851782 545778064 
314812231 770651235 460122808 652439009 255707213 502404380 163610208 807778049 753797788 430523797 726421214 875352553 649349927 426198264 764957312 899728570 168118960 642652203 849941651 886212423 771665810 558796961 950223413 477931740 368128280 356820165 883248079 206605619 430247512 941948136 118483007 166750642 709042490 529937517 429555579 84468006 528674125 133983217 171043581 419529603 206565315 233862804 229162002 319297947 974979230 808034944 823786365 
692930063 359040525 147070623 916846940 374005623 168717458 552453038 918878114 705283024 520085913 130776651 568608905 965197000 146842510 165947910 23058657 706615401 513964199 690051261 932572348 462541599 510473144 868324776 651524660 259757546 760653632 960207159 42364270 981627609 615598967 424531464 634035387 265659039 499912810 259267029 585109193 509741107 31288876 925489950 332640969 842019013 887152717 42552261 647349154 837056097 70232794 318860362 
530153 483115931 732057661 954982662 593002658 921678368 226475628 822527408 827504065 567626543 738138555 555583553 771761770 123752394 162644022 868940819 475701279 399724692 801017382 866469676 103542213 338801571 639151803 394604153 836498268 24177874 110418414 578014437 11524623 402218695 598256705 774297025 674216979 444792283 573294676 723105949 245846996 371419411 34629155 325274946 733351811 448000264 369402359 215468896 151862276 403163446 77825346 
121878078 187139050 40703562 983318670 180950626 737876583 312450035 126851061 822626440 457425180 552605648 142805679 33707932 549249604 155593471 603813313 223155798 51300010 558669773 566611179 815004564 812247104 381020604 398046230 967387432 252752759 466084092 278353624 931552513 486586074 629435920 196295015 894820030 171138642 775000814 86310027 473417003 600903387 100668188 490345715 350465684 964481809 735249528 591784938 722782679 124290251 558653612 
911379155 909937209 336305063 341969717 529917660 327925624 847513800 773823058 104205848 275003147 498261944 108049766 557197918 774338045 28497996 287840602 685071096 664393103 774046273 552756772 54827126 748783616 850348878 89324765 292556944 917489494 151629033 629448583 14193477 605587509 596620678 48682697 320886346 398278025 118350286 397999062 58894450 483495720 660695179 753995427 135083590 507973835 901760968 963060804 901973362 617134160 579453341 
798248025 431965257 190815755 12148423 668003749 846316270 976394360 684806651 267650731 679595383 667204053 968778371 633869998 479782477 747369456 309583013 430592252 883218021 362797357 219159427 561045 860410319 489470914 679829842 415248599 584449090 187956906 276766644 533902405 375273070 365788424 192448296 680140234 516796839 711019350 576823190 916208244 91748885 713957225 183352775 446414699 54343738 150013369 265939168 685377454 931584599 434353253 
185479483 248326957 481179525 261339071 571863135 955630200 982961251 29017690 344828205 509585364 245586144 577634475 753860524 538467270 75783294 592096334 349253400 768506174 361462563 867472204 299704528 890480451 142575686 125841606 686723192 625319860 818953498 964038315 345611393 172682584 649208405 611885081 75450082 898876477 745304619 359189750 400800885 818003645 210781873 707105316 609777464 619931425 824124075 243480020 258784017 727353784 216805554 
707703139 334591720 960020018 606463221 699715479 600703679 688635898 986144046 574883088 590943094 389064598 98511687 950723712 785500781 619065122 442190068 161268803 182038958 617265653 22548521 143844216 193215854 493892839 681701288 207101094 563350682 604198843 898044340 523928996 585827703 210763472 338465209 475940120 661108317 461367923 487333731 929064023 573502184 410531888 428394387 645157174 87744816 272155757 48403784 512482022 190191477 38757649 
69560546 304024855 146721777 973475404 3675205 790098095 919444338 685093707 184420397 774110707 839583665 6410130 651602917 334218019 957489135 852268872 173478247 310423698 485726590 474693451 425176788 146021388 882983287 7647487 156471824 640742010 977257187 15685957 388900114 248637955 50462879 681332542 966403285 727662788 854980181 82259471 949873595 60195554 542126114 160151085 360433458 743700598 474833560 701937491 241712924 715336826 315102440 
269750193 865262243 199435194 484688350 557312221 446365654 825791738 423210597 372185096 769990320 627198604 849344937 125582975 487282934 448858521 558669627 735419899 485863126 457655752 220837377 739127747 427781690 225279320 678736683 640116479 193201690 825373203 850616125 717421023 144890462 80458345 696695150 927048479 651666280 233080796 226366157 992009154 63429216 289224464 561486582 777700306 247398551 678218404 481963385 596065557 863922029 713092678 
530549397 6231092 221079438 690183107 298237534 911689291 760353375 798298585 825702055 942001334 549849114 816358408 536839346 727173911 990414000 602234824 198420802 243850182 438434182 102463880 827403035 781368256 908391588 38849253 400621000 129181659 159346632 652628741 118622609 643600954 217838591 680542855 830249584 57338411 631962476 71958272 542838600 284463264 870580686 774533189 457611015 362359039 222268470 180810247 659230082 50371711 558852811 
758919984 57788999 414409953 779681997 299137816 65736562 337099390 507566306 304059935 321538522 359691889 743489347 841288710 378665094 43209282 336668281 146281059 484366063 230794238 300059920 944684210 454180095 747636226 562707108 729756544 513428528 348662898 481168941 933420038 725082894 46945733 781006627 934139984 947916609 882198689 138904355 309500164 848555291 572470786 5375300 651441598 131318035 940723117 933411151 847642037 970137215 553236803 
542889356 222702413 702667117 302520964 445947831 797525280 648418558 80077587 952879817 64726586 473442030 877426211 524536743 973174646 183722056 652636699 433354246 629031707 437596768 783266437 904094859 164809587 71082300 422586118 867966130 191550554 662670049 145273654 399581780 156690885 504315830 442397218 977302079 394538632 838897739 69763139 451219881 486651196 711828556 458770841 895232099 8794137 963743933 814956205 394021184 905677238 767782125 
887966364 816337700 509437405 172741591 188666298 738846496 475098962 756509068 196344678 66804276 58999559 35687576 303510701 866463494 982054283 517673210 771800724 862397148 896918652 797826762 800804006 201852106 886048091 309458448 265516153 472137028 860039580 53065378 317738593 156001982 263282681 823560084 859608567 476968104 86435757 874871456 620970528 704304928 896053172 445325221 1807227 482538108 560049409 969481712 89504883 593876536 406039465 
227058502 178166441 23009547 145379191 724801969 476551877 498959272 983622192 681766530 335724711 511716899 896544599 976669265 303247251 553830889 425385555 229694588 911871164 551680251 85787706 603614092 829626364 696483848 92496686 197875093 223943961 826927404 388749663 184151723 727862949 620064740 207628616 282559739 704056714 874403135 188228888 609294110 580706506 140977283 447770924 245912004 454230811 934789615 616420749 418730270 830301062 582605262 
617562517 220047617 896959574 50194241 119368549 571527183 100039074 661447660 210399689 576925212 299887167 757133974 316210015 334126683 90294131 183852723 847671255 190044137 362024272 451049104 29974360 292909174 9000099 144630483 861061689 307756986 681047944 809636376 281757612 293704843 597031427 262996502 992741244 789995725 797270651 52595143 506673247 634478709 184550052 174891427 475588974 434642580 570859851 400139642 231240488 838059132 174863309 
400580836 908104256 755513943 553788619 340077651 526014609 551802201 725927078 343710826 920552375 721319677 690623270 272099769 212537737 385125883 336255670 302727160 392194568 212538018 241117052 74274074 3473661 451744839 57497083 661854485 424184774 12684681 74419899 859820341 270277445 89704461 693350539 319845671 503291532 647394234 289280824 518073847 756960518 453090216 568314687 98648069 330556972 874810525 406330 138546226 594586817 377970559 
307525362 408986720 397171052 347502867 632139874 136096699 638945475 603833569 390502375 449744765 171364454 978052334 716013956 50024182 534771347 805135046 596032127 964784577 308372989 474224061 564749080 88092565 953625255 146534416 464392859 929570763 30469729 136429045 207418926 60440670 416799106 773656682 785295533 545488300 42976771 758957297 161531671 322723236 971411170 784225390 238668090 857693693 232751591 115745697 291108745 9689132 41891128 
470371894 273367788 766054984 391822564 544702788 862004184 359458332 254566878 467740704 694571200 642437265 666092246 180227890 59064214 507432178 51821054 68735672 813392615 714543159 245617073 475765221 282286174 944980353 348729595 940164487 667322041 774998856 640309907 926759545 621000267 934044553 940567315 523082924 206526667 586382884 914377008 783629382 473946733 228865807 501795502 89092096 802371544 472792701 927380007 587533355 672874789 157926091 
34709876 377518206 807977038 898824725 860447997 136430990 294635261 1061846 875018199 860825685 14127880 621433288 304836490 490537856 771298088 981315286 713802043 114503182 404122328 972282232 902548250 206519504 588609608 302584640 970142500 252469773 840843014 975542715 793904053 340744304 561131605 367099704 920769718 830040858 962830041 59390923 82000366 935649389 439102714 729977744 191716668 54719271 103130238 803670746 111266469 258290240 35593669 
835680439 693190148 866656151 904521887 974553675 613995375 113917288 951630050 835844901 899661511 746501749 470146433 905617490 329892968 173953726 921741673 964340113 531511972 806235395 456894182 994922312 249146426 621057912 930989302 583243238 295121692 599578175 182279704 141549894 438102421 227988580 905654551 645787414 71208395 375352721 248373783 911702241 522028008 297705188 422229247 634694875 170585381 812788170 520468413 990135152 665408709 385421062 
108373025 190923844 434109242 761311604 379863953 886182219 347112876 555989170 779637344 201227602 605377606 812054562 233861974 981611259 331934401 189596727 583479397 510637659 483529141 515105543 415596195 341609209 165031563 31843001 697484560 909763016 742277132 363293295 537620236 491062362 762869383 316443912 698616996 603745874 948426825 856230104 581970660 618629672 593129350 408515260 929919489 712002538 43252745 19313898 374434270 361483577 912870039 
325649010 419988216 362884568 777024143 223226027 777801778 949258572 427522104 217689593 50809424 757983323 472709978 925444047 819932134 827298752 10790110 591708812 374474500 15392517 496226684 926497884 72359860 481819453 724090077 175476543 848795807 846896073 951398962 472920575 138983805 414052987 929095703 541089899 1521993 150040945 243212234 418146663 471894047 565612973 359495962 641670871 821295876 389465938 813681051 749658471 467492591 666758106 
643898186 19124989 866728841 68883631 849699984 729695135 585671182 652674380 979165766 140053569 245932448 133520870 322298205 260703348 101160173 214168957 848077650 6609168 458553546 633762578 581245215 117190856 540792465 159463016 613488703 737432960 150814417 269924744 813813412 96497005 995388533 599627792 383848073 822951693 506833576 719067802 360319304 451211523 569005577 97107765 207150785 79488185 34405489 128216771 484081426 259300124 417569437 
317775902 317689706 967963930 8481698 715305240 470682955 464832034 412506509 609156551 854081768 250538826 703775546 406831814 334285442 954009388 275953162 769990499 927846840 560758310 609625934 975558747 746953231 711120479 403559736 702481434 493217547 808039309 147527406 987164627 50825217 788762238 29802413 54224820 730003200 317410263 835677331 927852202 640989018 881728608 783997362 637788956 379244213 557988917 243081190 682475223 845771465 437437665 
54607359 984398796 718456539 897175512 226071646 303908535 149124660 975054213 308174200 360648145 676753490 296296683 293516955 340798418 377362190 477979815 357210189 53429981 622330163 642887260 886136871 319036971 938751013 119779914 279205520 836188502 284440141 976809071 517292048 388453735 608989892 57756419 688896435 731563690 424123216 434277262 382404015 514166897 660684739 353232674 703050285 290979342 180534344 546231262 634630683 849007361 219302089 
72169178 892325974 236206387 531091138 322374491 669987046 9422896 208775712 780990712 195829958 25048250 237877015 249991181 351705950 253428714 568979924 355700318 494651401 107841759 415363557 220973883 500310042 579832574 318468960 274403275 591932594 995006583 344371460 412350393 103093406 729312752 672461992 832239242 281973861 997994587 416995986 297207218 705065318 786914133 982854667 194231511 510968599 551397352 764834618 42234333 762637977 446202007 
140756795 522148469 393517585 792932053 172939599 742556613 993626764 522711130 108144924 41606376 710113959 932059564 744212138 492833993 476313677 912958375 143679583 209973689 492128780 111010709 34879495 219060133 81856659 600226605 507263427 193861384 967897090 802029853 773841617 14943603 454787456 56585487 429981598 941121645 848229322 396850502 4503696 874566403 837292556 99739559 205463645 122739100 294354006 749248972 712078721 510947292 478568351 
919545540 877710752 599298903 304837491 278024859 7744197 357752694 724940286 268317419 288029158 344576875 127603196 902916028 548958932 214876098 205874986 528910460 625321159 17753021 619793442 341748214 866869101 820171517 327297016 725326088 624905044 670719212 603461346 839222419 940315691 329724603 334937327 450239354 100417166 772246800 35742858 149986853 285100627 482369112 909144788 70217312 60369129 845620367 88879675 618158139 494070883 54297319 
220543062 329203651 262244842 429958042 641123716 17583108 33108432 754288650 41006417 731187634 757422261 611473786 336339717 91698392 117522045 766900158 803726564 244056966 715721996 119862031 24083338 970025644 799284839 131869683 894127969 295413441 961488169 690643078 799959962 153877420 806432503 398801512 789161727 220894286 713464649 333513361 134544820 260207558 271554845 637750821 300762136 184569448 510031089 444370491 139804818 210643220 502678583 
616575498 452315262 35130250 177651087 426163468 915009458 924803545 255407724 645598656 494887996 901384262 507796418 519696937 747673360 540740214 260568674 110101918 878910273 281794751 227660486 774782264 96088277 797354468 375930393 714959157 558835666 425320545 430376118 947336547 6865813 294475402 967835633 23319330 247534370 134527575 995007620 19652110 660422482 411665650 647777008 988312386 307789812 630835899 636689460 442482286 802183404 145664286 
550391721 389831041 206878764 493847985 537875623 814557093 536316372 820712273 598851294 413433687 509420090 62254773 926254675 146039459 290249527 297823087 607620432 984053274 489819897 894577311 37082143 359743558 226948551 690014462 679386038 959792022 891661344 52119268 734527389 401607613 629271564 505489263 876525729 453169713 477521649 935013518 345644331 843456313 99809239 94995836 76495298 284045846 96049101 852478926 56652521 765185963 766817812 
663132271 717368227 488294290 52190158 362530848 628162973 171049814 177746015 139303821 493551306 372498751 106689718 230224549 633852900 683814074 410286354 805779937 273601517 694628861 262675250 893041978 747301470 970996932 918153128 293252509 130838812 230274357 121614935 262975978 519676786 878728169 130712183 50362205 480910341 753745760 574961919 680882810 619864182 240056401 84696616 106529975 699301450 279795917 94908736 477641361 421578769 935716747 
745681789 614529824 587830747 462995349 689045943 791827326 937007139 638026896 567791922 142331610 40319651 86672332 418043430 16854104 598720 996189949 812274597 107680579 51267009 112534646 198985473 14350197 358585764 750738572 457493774 684318077 697493244 696376644 381946608 253961273 804058423 807096989 786966179 921811213 561206659 479329838 398665377 523185801 887872100 847663253 617488103 559317205 506121106 942179202 587007272 39095571 367152304 
819969239 388650290 464068265 461463020 24947646 268263960 405381577 583775247 535037574 997711644 577218281 423240781 649778406 491073323 476921872 738882390 565748970 455016416 30693875 415868055 79862174 401925694 158906144 503849483 798099564 228047187 798583892 131084065 174920529 221453453 506233285 783659511 554626914 70722620 205934961 909703946 960348983 474590228 363087512 461146870 51872987 274049668 588663800 24130444 137315356 944457510 354871694 
407789440 657234860 457134927 645525153 828442456 555669307 696823943 861070379 11961749 69692469 323586493 896700936 224973625 1981241 947698091 638296165 743916623 1960052 786328729 387691219 719329365 561135808 597362838 793061955 725022305 17261202 488713473 431579719 436030803 598922521 615133377 817301849 409020679 870510626 877407829 36583330 698555988 913187422 349413157 14684164 407206082 529584756 890341406 485803972 170868361 652332656 322836384 
304065790 221548218 851017436 11431561 35187103 208560138 669205378 932704143 121189398 248038388 517378645 229842604 698431020 985298330 168541717 177870151 585722395 424714902 71999063 912791441 790329002 784923424 392075109 546882406 934143308 832869256 488290700 330147145 801612841 444822062 679801949 220262516 56634139 637934992 479122739 496637898 457864336 263481770 478255068 71923872 77927051 210300589 789858212 815977833 712452492 280236974 248889598 
960118843 894990227 973619808 924476735 344433820 791692434 810838861 127587574 89224216 460322173 651383730 680442033 388252904 66641075 786354032 766984595 161380307 447637393 81725276 356940655 147803356 566763989 49423065 960944106 87587109 716122667 713442813 962361212 361607684 228386588 250054139 620380269 996599809 307073734 200448573 378264798 759044357 451772667 641196261 120338295 740300658 438778617 510622776 517698700 963196270 243345296 489930118 
57073867 27923280 34638167 966751810 621234104 487076769 886046171 561033495 951492502 406362185 770590826 645705465 316961668 561819730 100367400 752149980 848031425 200822612 71513649 285665679 27445120 46255978 42856457 780238959 238282434 425583194 702879891 222414839 401101699 449981114 85613012 455361732 787294347 762505351 510975424 459854388 348783454 250101617 283282198 797773214 131228523 377197569 438006900 294478339 159839162 922988839 367798161 
863599352 669636506 591091856 367031023 40175766 853044218 103825901 916838665 695798189 559716205 295964415 612878840 113843892 80082724 595065184 878833344 468098766 73959174 82318954 143659608 166266215 330491585 519658205 695896671 150228150 43452456 63233404 612191978 38776459 607851750 144498075 171064684 318693801 551050370 372342461 543052357 712811277 399359030 358239835 860154733 389671908 718489889 709106609 35105352 562510511 871305379 809316933 
308754965 56343502 162638832 651707590 146965940 847340745 570937446 472733640 123477692 764588671 118141503 833715800 245927209 255933840 345018762 394544421 224937679 318624264 287716642 551238725 548723731 217535402 617375510 110258663 817611733 674591825 492040991 791195286 62488403 285175508 451742673 950469707 478656527 188616004 142458728 592977108 296112295 669116910 596997436 870422831 374562990 334113220 457279741 701090523 200008864 673166772 523212206 
132318023 165684647 756539200 141402521 572094282 410159453 593850062 188125223 521580836 284919499 3036117 594228483 526608600 178585553 68531004 491160542 494231828 692926728 809234977 50961667 512790829 656261342 642485685 930360303 786505998 682609860 133197936 749995017 58478662 267040724 593070967 711292075 352224288 550713703 242092242 481398915 119626920 914904184 119642366 246285652 553586682 539178755 960734837 71013144 476938917 104600959 136057049 
158159144 926074851 919524810 205587410 46576717 271529850 823060943 751876037 592363777 346090204 202021716 262500543 608103146 616766723 696977222 779823888 427709114 141146845 125616957 149916903 802672357 456736189 22135703 816774681 297410916 812657153 410586471 494408342 959902391 945639189 578789660 455560454 702446261 710478240 186767240 755195779 55682287 787553790 520188839 851476619 780188871 945376744 850186577 627871101 93285254 64827401 944284911 
394608559 732240579 813145644 830876678 543820686 925430858 935826365 777194472 242494713 469332039 478358654 803034402 78496055 558959405 885718402 476576458 873244080 115474548 890299455 718853029 224546955 884245680 172711725 497657381 709924686 926719088 299842486 18981652 649263016 291867841 844391608 29014418 560013927 679077642 969856602 428563620 109304732 143777886 647827251 584595213 564732507 521176278 226818107 304858439 93230174 97900063 45681598 
738375149 138057540 714044709 336086006 317076646 115205419 765270538 199339381 762466931 965157869 33700255 342873890 800459334 940516879 507584541 82899855 288390024 435233974 332673841 75708170 39032615 87710386 200609228 414374269 486877935 213303461 898037753 726367523 953367907 783092203 674132533 472029341 863880757 415169454 144920536 526881788 36182959 409449565 823151314 120938735 725764329 788503817 839017468 782808404 444220833 175833771 312005409 
948776073 269837733 689700368 624633719 854508514 428556461 385691742 934837541 448879893 987147495 350299220 410159206 37302639 919102137 373466579 86000041 23523010 693384960 310971614 382629945 917751642 978091411 503021903 71680475 792097609 894662289 285469460 84646669 326459176 529314608 220901361 108630376 13658896 29863848 834249832 778228531 574652016 866776768 141879131 196866726 687517839 669737596 378349480 559054645 338590589 847966194 98669837 
920362612 307967869 985317271 811656771 661434603 225233479 284679871 960143031 26360956 239178992 641261651 251966816 87496036 737581838 893184817 197562505 952099459 507334620 199472338 901799479 54674726 127639507 175880432 366829432 539439920 878975104 104766779 12981172 932394381 554132863 267330783 573861522 510126391 546943856 61231852 982768830 123338689 257181006 127786933 975160312 47921518 896654613 73175666 770879768 912556319 695033504 496244091 
473918404 12341144 303357507 384622475 726429889 775085820 228052529 640379831 333926177 768619203 106726949 291506359 897161806 643137937 835150549 61538040 46014287 223361401 269952949 428950556 877901051 353773217 230791152 125942380 990079987 142467137 808570157 56311237 522148760 4769389 914409569 813312796 930852273 176084408 60817337 816741818 797383197 215188999 893684759 659400520 916638213 848486743 806220300 105852013 522110857 958817293 530903812 
54494917 893809250 2824057 768338099 111595612 66338871 359217326 238331492 800134261 761788987 351659218 273345930 834599231 425474880 868260312 371303907 159634669 136183539 7743841 888690799 190597036 103823040 545928553 122864074 28443882 142633704 810477247 286231951 525058388 1135922 406435004 751289565 906672626 866207356 64627426 593868891 265258764 506024283 83558063 219533523 18302102 46923302 951218483 227595182 20918941 455753004 172161265 
480756418 741517057 793131953 319775361 599390866 994333888 931727950 393327648 544402361 493480631 987190012 27144762 256225605 435929079 990500548 76848567 861972593 137523641 34735437 677701059 582249902 511942116 899801485 208499588 546410840 335074653 562528169 71182470 674769065 33914531 342329257 402170446 992976285 574224119 329036143 547850286 673854047 753724798 873642289 219565767 630808386 299669007 379145807 487291969 605824414 853796272 561608172 
982332072 863961775 708254644 676347109 372041139 689922840 209379059 107403113 346089299 755780996 763972801 81535230 466555670 731988411 692740617 126755376 675125389 234644137 367570496 1995967 961606461 390553305 130819047 491401344 117947728 757678226 432260238 96545662 718411129 489816240 170528874 618875239 807394919 624679185 61200424 674990682 546136517 67784453 118577422 512262409 654680160 909611558 128035001 259841029 5434678 631149635 590514685 
911637648 549254888 943536350 692521190 670493950 497522282 224846831 876608330 831599003 240384106 272471865 48041159 522436594 616894135 865055772 882644490 940424775 329145940 369394418 245908642 458392629 736250158 868376385 500660643 584178900 202736037 387219163 295117271 357185179 991654983 678261642 816272914 988452732 681721510 536645991 128582838 655490285 88019081 69827273 732281653 333057761 462292622 590325081 682023085 433244149 454751991 92657940 
779769377 886419558 810889949 251932552 168123322 155348455 188318042 375896628 119661487 113502429 735615104 879637986 49521961 18502582 614458868 21594239 958140066 444452584 275953621 416235133 370700889 610321480 444228613 615372471 97959155 739156869 520230070 827882638 11203804 964352745 36758064 553663664 396914944 982249268 835770284 354246789 977019245 822101527 913547725 897455676 919187295 374755062 290580272 380467350 543331339 658886106 660332744 
42884831 791457940 487630693 923855346 556577696 511987672 941130398 169454258 58556775 26352183 486107880 32942944 264223005 296738147 645620426 881415819 581100527 917885854 102572964 485248035 724851116 73877434 896659291 789834647 814480423 755368811 794905883 521870918 498588823 725265295 691866095 132037182 927094994 969578886 977597467 709786977 524092529 654089758 457795301 474795898 248819851 936050732 711785721 880938973 273878105 119851675 496451515 
146807702 401659397 545778487 236152031 345552913 50645042 146544866 576358166 51931349 706383963 484850140 210859058 395379564 972242552 628564028 998092729 99033865 187911133 844737045 100260012 239632604 167592889 314792546 956816739 756809997 509193624 114011212 492845997 520711529 403830243 21581757 250875250 166765931 149084489 487629465 75286780 398046975 988419001 596562504 328392767 240720503 473682530 578433849 859717034 56543740 103165719 352431929 
829756448 625698468 220424687 249085385 364629549 29343890 524458272 165141543 343787068 949114024 515659115 61016377 649699828 770767 509584086 550483948 662913042 923590872 792355127 300809314 758608254 29114429 566318909 452341901 768456715 908400937 176502466 415954910 265632392 971610526 681195148 148212128 181909876 576692056 785690719 545697309 818357655 410971546 355949865 777604098 844967397 466545034 364376300 967205627 960091039 365064784 52616792 
817613781 987829342 389411405 236186458 670449966 117439214 856587700 870437873 923985589 189650775 949868701 638398692 279499541 33792367 304037453 979652613 685647141 598433470 262439186 46845295 671268449 395678254 896247407 555078513 303197282 489665358 846544731 424697969 970967686 777035990 266052779 751023204 644179836 436956053 13231013 410470965 698551159 673848088 864460797 917872620 84247366 939559347 607658564 592645524 674488261 254404720 138399220 
78448827 787329434 555830040 308626536 463561143 900295361 377761714 264143439 722205234 907246360 532627087 627245396 623591985 599768835 99487557 306156850 665654419 475989892 357092444 924443522 746511101 423235684 732477952 55877548 443289967 349672216 371895249 412340215 446983369 921317450 874928507 340072081 47528567 662280910 940908233 792873689 578200898 808131285 503612739 748178832 689724512 987217301 25894676 992874266 171543100 907920508 794344310 
330598290 26140284 110386527 996506798 691247621 992705666 650985468 920675361 814626767 110352653 790725711 775476105 539940062 786596718 584776859 368600131 847462066 372589331 536088831 327086868 323092643 206509972 607194541 552783862 800981266 497208982 295657155 26008033 740853898 816037705 579146024 430571456 834930680 423409204 4165735 762842855 24167348 378558078 344016104 534561120 737787893 883913974 518501502 298943896 801717283 236681549 916912568 
297266793 168097800 277311936 211791677 469392899 651722897 943267129 774985381 916886790 652782982 347381840 288009847 893045301 159415426 321289017 202004705 258335249 760812366 760272891 332094828 669994859 802054429 41298797 47526573 579723784 502511632 539227201 799612852 466334962 338168969 761925564 597940331 321440581 912535683 224764407 660204586 399249668 258268183 59717794 149290611 626865569 614436996 543814743 952701556 61769540 227165433 493432795 
213539534 73782962 601053445 675794023 83536998 675887952 637348507 109218758 560714747 3401229 308100909 760396426 397847880 204356381 402836586 721168866 430476867 666920838 745380816 706965998 287266047 209187124 104158926 396271740 942139811 608896024 586807011 874929525 999899949 133836508 895753648 796219950 560197071 825335692 498056428 342699764 55920857 729820238 847366383 226367873 376813114 620535704 974470261 794024786 571416691 705951443 577149237 
665831154 753560182 647379375 346426515 630066199 274346321 852664499 451494447 628698591 711750435 507421921 882577638 239675326 998289124 722745118 979341236 179953864 44704660 260817695 301436664 799509139 370817169 197931603 304523063 911073631 21037415 511648944 949933702 950059713 65433510 981991183 46655282 590045619 729860800 329563674 419459166 271589693 706527781 802641777 502009030 161659883 212906315 669685090 74403114 449775552 676069236 272027088 
585348783 153740401 450681180 522997596 52670000 183842140 726312113 712109223 281970415 375009729 172793747 219587976 606664605 989042564 734883648 762871564 368413583 664139058 301836934 866127041 107051318 645948933 587120551 310847459 764945399 898013164 305510569 836219965 36367364 728461431 558251171 771245711 951273407 189394715 669655967 219445066 468108164 190393745 531366802 879318398 116871701 58099306 790597182 183470596 349475114 212347418 434933305 
563218448 37231321 90682572 754825576 822542550 184730438 437437602 279272798 112779045 949249584 280873019 835500285 393649812 676234735 756446246 762687049 210910584 225461102 376250913 984045104 636283066 564860676 242265230 291285024 239925895 580041395 311821568 771914496 962089715 150533805 464263754 150587137 927721707 349431463 714517117 839845445 52345326 454244098 170762100 447217247 41793146 59356983 198624875 6790904 854258407 351447166 108403872 
8360892 265006345 593331675 816466453 49648915 134327530 284350323 700169545 998498441 160536694 252550651 99096259 269427789 49312987 335520042 998091179 341823815 956350131 36448081 709566030 533893371 122330443 955109284 697519701 801939671 475427630 439286085 124318609 221744101 25377169 801609152 24336552 198521015 520120822 997316751 967930621 380076815 670077233 219276898 47279670 55975345 361170693 527619699 121296735 744069594 174750155 701692239 
32013605 351016149 393601919 669356177 431582883 786506181 722473636 409010541 513354101 870243335 575986243 5175268 680448083 52024082 80414738 768121822 135660761 606235920 805844720 487487693 213315429 792378127 841528674 739856914 623696918 638592422 364322469 929853181 985488488 566347898 201030179 627286077 265701513 434479301 668908417 166589967 141118245 210749773 521168301 266416782 490120498 164912113 244863440 412543712 617690656 154613114 891529365 
963109756 637732469 543946965 95464728 719370623 661374692 474165607 342924419 134600287 530104630 22860363 943267995 964719535 175764580 39988495 914263224 115831373 722825563 15911892 278370258 496022491 727703513 956964276 277533058 487239814 783297175 327532637 795174278 823269282 346328527 709480076 118249172 340754865 883624275 665645613 430009382 987562086 256529310 256088851 217054273 62630462 27650490 861536359 960770509 998624992 595113354 920999592 
262043856 491332391 184153803 17301361 494337598 615317333 204606633 473555542 356010447 356734689 424214175 502182926 69250582 878838711 371574363 166611383 342133299 963348096 515600339 430867684 171214434 340835818 230459246 338276175 474631558 33527988 524705882 132011256 32718025 93300133 577210134 279414506 713142679 550713120 508659091 806511134 783512773 389317678 305497872 672806084 144008371 895885399 495556443 260934215 93054195 823749843 697832878 
180800831 45609186 310763289 34967577 868896674 883376384 814548006 512936198 129234129 257405983 315127991 941062555 705592045 547067020 458725121 822633027 133394184 532632884 603302858 182876496 739385132 199896648 663392323 543983706 495300693 240148518 328276406 906475842 1754610 649337924 525420323 334006244 50777897 553374985 831896344 191312243 379971923 267473588 469264550 536053384 438272297 603692577 960079684 319947033 547978658 631639657 505757173 
