15 29
24 46 77 13 20 70 89 92 88 62 96 63 55 1 10 85 39 6 22 5 96 79 4 44 47 39 82 19 72 
50 98 47 18 65 6 15 64 29 28 77 70 94 53 52 58 91 98 60 82 80 75 74 64 46 70 58 85 72 
89 96 35 72 93 21 74 26 11 12 56 89 20 22 10 22 37 87 4 78 33 14 46 69 27 79 81 24 21 
25 79 32 62 69 33 34 49 44 2 45 74 92 90 45 52 12 42 14 33 43 90 97 97 54 19 95 7 48 
88 69 90 43 64 1 96 49 97 64 91 16 81 21 67 3 52 89 43 74 82 50 55 45 41 43 53 38 91 
13 21 3 65 72 51 21 72 56 7 44 26 60 44 11 69 21 57 99 72 40 29 80 1 10 22 50 68 19 
6 33 94 25 19 15 33 88 14 86 91 80 87 67 44 41 5 66 51 40 70 18 29 25 57 37 63 44 15 
97 33 7 2 80 42 4 65 65 35 11 11 27 47 58 31 26 9 8 17 24 99 26 61 43 43 30 80 27 
50 94 3 51 10 63 26 66 49 96 25 32 30 85 74 66 21 70 49 81 86 90 80 94 93 82 86 75 40 
14 81 55 62 49 6 16 89 88 89 35 48 25 79 56 71 73 67 1 86 25 46 24 50 81 25 44 76 34 
33 75 73 97 47 75 39 47 20 64 66 80 67 87 74 71 40 20 51 31 22 16 37 96 9 72 83 57 38 
18 9 23 17 0 38 48 2 85 58 9 49 52 47 98 16 35 1 81 90 94 68 72 27 80 49 97 34 31 
85 18 75 10 90 9 65 31 93 24 89 63 45 6 33 73 12 0 63 22 2 61 82 34 19 20 16 74 50 
17 68 28 96 69 39 90 50 72 87 36 18 13 24 86 24 4 94 35 64 14 43 64 71 44 48 13 16 10 
9 74 85 71 98 34 18 34 24 11 90 80 75 99 32 87 70 19 3 99 55 83 24 41 93 66 81 54 32 
