56 10
2753 3433 3002 864 7349 6947 8018 6593 6674 5596 
5821 7152 4689 112 6850 5258 3320 7031 961 8761 
2628 5029 7226 3786 5037 9995 5347 6388 4028 9082 
4808 8385 987 7514 7300 4466 494 4961 9648 9531 
857 5888 6505 8679 438 5551 370 9242 3211 3710 
4497 9262 6025 6205 6557 723 9729 330 7273 7686 
5365 6059 3095 3551 5242 5129 9464 7365 789 1788 
6095 6165 1056 4063 9638 3467 1631 4992 9744 4225 
718 8385 9134 2531 2089 6196 3053 5061 8339 6340 
865 1049 9477 9879 5800 3464 4643 7305 1167 5907 
453 3390 6824 6897 5253 140 9639 336 874 630 
3568 2078 2130 5830 4533 5414 6480 2410 2509 8215 
6911 8711 9889 5803 9095 4673 4597 1111 9279 5378 
1463 7250 5771 1234 8424 1707 2134 8640 909 8262 
2 2401 6913 3129 3473 2976 2136 9331 8038 3981 
8157 7996 1595 3848 5712 3969 2200 5387 9482 1108 
618 5151 9684 9259 8664 6802 9730 876 8401 3439 
5443 4604 4882 8370 9124 5283 6124 3241 983 8761 
851 309 778 2726 182 8182 3804 4243 4145 1206 
9513 4044 5618 5236 1732 8529 7341 2340 3899 3686 
2990 1127 5717 5071 4734 2835 8695 1151 222 2959 
7557 731 4259 1401 1501 4193 8712 9070 5650 3888 
9936 904 1788 1242 2320 4829 7549 325 7547 8014 
2154 8394 3008 5461 9510 3956 3264 4564 5439 9780 
5695 6515 1651 3713 6706 8066 4198 5201 3966 8022 
2340 7495 9070 7838 8077 6149 6631 3560 1000 3869 
607 5362 1507 9620 1014 8144 5731 3517 6100 3361 
8407 3957 5333 9782 2744 3739 4232 9569 3819 7560 
646 6039 3441 8126 1406 6216 4472 9732 2706 1414 
3541 1264 4112 3260 7513 2268 3314 8260 1100 2500 
512 3947 3425 8821 1371 6609 3578 8450 6217 6873 
8004 8767 3283 6773 9815 4441 7310 6283 4883 2851 
7364 2035 2299 8975 8729 2254 5310 6028 9615 7814 
9765 6314 1874 1688 7985 2637 1283 5491 2781 6970 
9952 8838 9619 4024 8294 2921 7626 6102 2137 1257 
8134 9530 8954 9031 2167 5470 2843 9749 3833 2691 
7233 142 4053 4142 1747 6441 3353 7451 8155 6395 
7390 395 2178 2904 5451 2005 8358 6684 5080 2643 
9758 2874 3687 4618 6873 9728 7458 6185 1752 1602 
3999 2968 7360 4882 3960 3836 6167 5684 2568 5612 
1123 477 7880 7964 3497 5179 2692 6821 3949 7267 
4655 6474 1012 2003 9352 475 1777 2496 3321 3609 
4263 165 2634 6045 2269 2401 8033 9058 3624 8056 
6280 3630 7783 2854 7897 4963 5421 7644 8962 4632 
3780 2618 9859 9740 7474 3393 2197 9503 9679 877 
210 8964 8102 760 6959 2481 4738 6239 3737 643 
4523 9227 679 4098 4700 3708 234 4612 5159 1147 
783 3106 3787 3485 9045 503 7492 1223 6488 1243 
4219 5102 2439 7363 9496 5147 5581 6365 6805 9871 
1791 5316 5491 7423 6437 9852 8753 1097 8385 5165 
422 8473 2428 614 3209 7472 1992 9711 3390 104 
4801 9556 991 1941 6401 5658 7 9618 6517 1637 
8970 8409 1 3523 8388 3308 4516 3682 1661 3873 
9263 891 2883 1144 6045 9230 1928 8276 6019 4712 
5440 3613 140 6443 8043 851 2979 9660 1089 5548 
6744 4455 960 6512 7586 2203 8191 7786 3609 6800 
