14 78
7806239 8977151 4729763 3693234 9828383 9392294 8085123 8767455 9755621 6177985 2515889 6264671 9553887 5490946 1195121 8397728 6084889 259741 2678545 9136489 2615556 6370785 6465009 5052458 2868758 3657499 2773515 177804 6545091 6072519 86616 9916955 4157794 1565550 3601695 780904 134787 7409932 5409840 5397879 6854556 3421602 206075 1280756 5077102 4019322 1655350 9384854 4635251 6115909 2616651 4909120 3389249 3732721 7676659 8631972 2530138 715836 8568458 6683327 5169413 8493460 9648345 5173217 537454 6536662 9388796 6943205 3866844 2255482 5383826 948725 343886 3386297 4954950 9793503 1695538 537075 
1556171 9340922 8572064 7647223 1543524 8535348 475656 5942979 9572688 3197623 8481131 3366347 1363596 7435965 5966691 7739807 5320403 5099295 6073810 6890025 6118125 5626929 8572485 1543795 1086758 5287781 3145460 3900045 4504468 2157563 1590784 1256943 4087563 5468607 90502 2632946 8616194 3250508 3431575 9015120 96473 1661326 3119504 1943592 8750564 3075321 4798327 9192836 9827084 854299 5789574 9009842 5626531 2521022 870501 217192 1387247 9976281 2819537 1903193 4675998 3762774 4986640 8681876 547763 1468926 1898236 530376 3674320 730603 6340461 1973071 1706744 7251836 3791116 2247147 280138 2165401 
6656828 4514756 4817447 8233551 1796682 9924422 7650989 2916231 9108034 8836069 5513193 4006615 2109547 6409058 7262519 8255256 6454950 3076496 6807966 7924618 3630694 2910220 7199159 5076215 5661301 6906967 4012862 6439533 167631 2494526 1852274 9590525 2057282 3391897 3168005 1335802 6770788 3187362 6493618 4097375 4165926 122685 662987 5211965 1024472 1880797 4881582 6884307 7612804 6811523 4313976 1694718 2250921 1070989 6943275 7300858 1650531 4993356 716917 6344090 9234018 7688117 8455079 8912663 2631779 5645103 958957 5731594 5597592 209301 9624335 4999019 5726765 2402232 2371856 9364688 7723082 2569597 
851519 4567817 641506 3409832 5921190 3221126 4992289 6063924 8098666 2114847 829514 3993071 1779761 9397838 5424278 5133364 3244654 584469 2553914 4462698 3612718 8189897 2522983 3873817 9187478 4194116 8877417 9973993 1419750 846397 8078929 6128312 3511421 6650406 7040686 7952942 3404555 1107662 2176749 2813303 8935704 6579531 8885602 6517507 4889562 3000261 7917630 9165304 3895070 8558814 7747077 4484473 8705630 9009718 7923129 1864360 5755822 9820965 9217454 9735759 8208203 6455753 5603971 9492666 6864975 3834625 1096347 5120639 964614 7951854 6885370 1094259 7811302 82382 5303774 8225989 3525644 2150395 
490271 443322 7132597 5826986 6393272 259039 4384888 337541 7518599 9150102 5797642 3860272 6133354 9859113 1527989 1725622 7893999 2031661 5798434 8807628 5196357 6679802 5492413 1923935 6040593 7009995 301714 3622696 8557987 1675002 8816740 5290785 5133459 4344122 8401335 7178460 2533733 3124792 4398631 6663141 2620117 9432392 4208972 5714579 2623642 434772 8815697 608491 6977194 794335 4521381 2355097 5892236 6086300 7187809 2291222 2654373 1647789 8587581 8309854 4677838 2022094 7795296 6936247 6262404 3918953 5853026 4791918 1005715 6505481 4231935 2829085 3790253 3767152 2720491 2366907 9523707 5713898 
1178432 4812020 1472251 768864 1888377 3032885 4145326 9884176 9126861 9999521 8173830 4757333 7521465 5805247 147598 5934170 1492448 7695245 4435082 1793432 1078076 5201850 8697021 6519745 7316245 6798303 335041 6547615 8307400 2112454 1544081 9973566 8848632 5339825 7682648 9452701 6733344 4882148 1495249 965596 2625158 1338190 7810924 3880860 136709 8801359 4709780 2156707 6656726 3672402 5770553 9477389 3551926 1599697 9099306 4422518 5575332 5087503 9283108 652396 1179555 9137673 1962730 8198629 1663247 1638990 8163445 408641 2945045 4477755 766868 2085401 1455822 2401401 1639346 1500673 8519795 4246165 
1140735 9916529 9010307 1340066 1486940 5362342 1330879 5006188 5077951 523873 812556 4934480 1081877 8548873 218815 4514551 8342649 2011368 6255615 9717271 7671641 4872042 9759122 5194697 9266080 4991359 6784510 7170029 2434678 4159034 9168018 5201989 4806277 1141611 6038757 8233397 4210432 2705806 2553126 5352956 7287704 1826443 9651862 2653975 3828778 8166994 6801831 3476226 8995606 8563089 10471 6516212 5975027 7078593 9886157 8070691 4674895 3562258 4339319 9491548 2156070 5082841 309886 8624879 1807129 2925243 5389084 4702422 8123488 2017465 571634 1564947 1837891 7583672 1617955 3915533 7213110 5199612 
4788285 3163089 1873272 7763065 4526029 6409841 4176886 8351192 3105360 2395563 1087966 3638707 8749331 5881627 7959685 7285576 8474729 5258891 8432571 2482260 5769568 1955979 6019689 1723684 3655451 165383 9485045 2220073 2131410 9923140 5496001 1840991 3016339 8576535 5312732 4980540 3900470 8185173 2072270 5109811 31709 8031812 2496274 8077525 8202805 1892051 5824349 8692 5478233 4317090 9759872 2249623 8682329 1437300 8825333 5515709 8907601 8146867 7331330 9761421 236287 9244279 9931508 7709748 9804778 2618387 7707179 8871304 3183254 2178701 344026 8312892 6012723 799252 1940983 5097934 3772815 1046427 
7725730 7500882 7535716 1170429 9045940 2379018 6277715 3066416 5278792 3209636 445258 1388867 2630585 8965625 7286364 4861314 7424003 3653858 3947725 9242266 5454690 1831305 2041866 2768762 3515045 3245444 2442524 9152087 7330792 208026 4333032 4631940 7584737 1355858 669180 9557972 5260166 920491 6381602 3990510 5296831 4816003 9000463 8402724 264320 7036935 445832 9022032 126712 9271390 4906192 7105225 1373872 7132806 4710041 1683034 5416446 4755921 9804710 302407 4072105 3848850 3136595 1086642 1879245 224032 7742404 5985638 2593199 5049279 3833336 5971775 6800675 3850458 2538463 8106989 691475 1633087 
197533 9303141 1667868 9615520 399485 7210171 8004774 5571911 2412455 7649403 9411196 3678892 9061259 8602992 350837 8769358 1867387 2915875 8167398 4222587 1426814 6341147 8926870 4800530 6579888 3204948 7259580 5307853 1702294 7627252 6186849 6976215 6763680 6428694 9223638 8066576 8855213 4234000 7949016 1651395 9462373 8862107 1981880 5972385 8288535 7973398 3465165 8065938 6463923 2849548 6761986 7902602 9667708 1568614 541493 6020053 3546620 8444736 8623298 7870949 9041689 5338953 9107534 7788168 5972507 7136230 2891597 9498879 5607282 4618680 6740924 2773602 9497282 9716767 5352088 31134 2744588 2699668 
2520772 1013558 9886654 3807649 6047208 29962 1888672 6922754 8379992 7069352 5690264 7339567 7578273 8798607 898584 7824555 5972448 1998855 5616483 6348973 4487846 3083102 4975369 2103868 512117 8388843 3644937 365323 4097560 8430896 1637275 6620380 3146701 3038801 307270 3712911 4857827 2917444 2661415 725419 4167259 3217896 8785068 9675935 1882131 2775058 689409 810317 5277450 9306920 5838657 7868457 3600898 1917070 3577682 8941543 4560643 3995541 5216389 5012639 5802941 4147176 85453 6606594 214515 4336723 6722824 4957676 2892021 2647053 2534159 9117665 2025366 8146785 6569261 9498761 1475170 2048641 
1342500 9434803 2888729 5659740 1989285 6647317 581780 302000 7112459 2486012 1230550 2406263 4576840 7796543 3158945 4615478 3560271 1775267 6798121 735928 7776293 3707082 2858992 1432484 7082717 5544060 4463818 7371874 3559799 9830756 5721750 6675525 6398105 7904680 2255088 4649127 2603611 8334090 1227460 976857 9519462 9435373 7593619 6691287 8648659 32785 4750250 2737703 9391733 4942737 7658439 5255888 2328752 8923502 120162 3565205 6111542 3774109 3069381 4669231 1301388 6567578 1208111 5027879 7970947 436271 4124468 3095971 9882219 1494883 9643753 3755178 5587682 1118118 1651723 9632885 7671525 129270 
7846167 138517 1907260 4055326 3991922 8294735 3081980 5605094 312794 204123 4555957 221783 5254373 2582632 2040866 376752 5914055 443233 686150 9878551 2787929 8499865 8746418 2001558 2825853 8557501 7068958 3926816 9352256 7355320 9732479 138649 6953766 6106881 9241057 2465320 8088741 21510 6044538 1756124 8937040 8601632 9733859 5316782 6135096 416801 4843809 7239534 4699872 8308836 6539076 3534959 4495942 3052561 3340825 1679963 3506182 2096150 4731114 9764090 9812683 3130683 7045279 4177392 1060653 5382740 5876419 6436870 3981422 5453572 3938716 9824763 8095391 7067031 6138162 1329877 3564178 3609756 
9201707 6673375 3280912 3120172 5193486 5169575 8655809 631167 8338844 5257332 377563 3023879 9213242 3871323 8080785 2959082 9992814 9071832 2126275 8097435 1499200 7167311 4727891 2471154 4265446 1006400 6343166 1486256 8817958 9174200 3586606 9085215 4689644 3036385 5897899 1145049 7888149 985691 6242236 9842542 5196468 2417049 5123881 7794321 3129547 5962745 5604877 5619559 6665721 8916817 5663435 3899418 7019061 3100966 8461978 2469099 9253757 2680375 6940579 9897567 2524435 4190150 1815645 3253692 5443830 8448472 3289866 2770278 2789745 9166953 4139327 7112885 5772111 9293765 4333958 904370 3434708 1345417 
