86 99
3086 2509 3976 4733 4485 8086 393 4231 1867 4343 8054 6780 3646 2901 3925 2865 9404 5100 1897 5199 5080 8585 6864 2888 4036 7890 8080 7108 3877 9470 3784 2359 7343 8801 9894 6090 4416 6487 777 8295 4345 7202 6302 287 2999 81 1935 6373 1399 4400 814 9637 9748 5259 4771 6425 7060 2596 3701 9636 4624 3760 7085 2364 4138 3611 5591 6272 1015 3826 7146 329 4447 4204 4824 2355 6604 2271 7413 1439 4966 9958 1162 2380 9726 8117 8147 828 2394 1957 2197 9850 7926 1191 5934 7100 8725 3454 6703 
7816 3102 9957 2829 7937 122 7801 4120 1704 9092 3747 7981 4340 5816 9070 9880 3249 6906 1331 6766 6560 1030 8418 7158 8122 8535 1367 4351 6546 7876 9460 3118 1355 8920 5006 1920 855 6495 7308 3975 5844 7053 4334 9303 2595 989 4814 8670 1517 5123 9684 7221 743 1744 1140 869 1465 4759 1087 2124 2774 7457 1677 6652 8501 606 2348 1936 6149 3711 6766 9372 1279 8696 2603 4603 5746 8017 8648 861 2268 1299 4519 8157 4410 6596 4753 2036 1114 795 3173 6577 3838 3422 9929 197 9226 4033 3119 
2901 9946 9187 3048 4852 5425 5598 5222 6430 2604 3724 2175 2792 6065 2802 4250 4214 8524 8721 5014 4391 8748 3160 4101 9663 6098 981 9671 8378 8046 9502 416 481 7128 2672 573 1058 3878 5031 2528 6057 3264 5224 1653 3804 8626 97 601 5480 7989 4741 1811 3212 8074 6950 4856 5733 2836 2474 1895 8432 850 3036 832 2437 4005 4679 9738 4583 4904 9646 7832 8553 1041 4154 1181 5616 4263 1327 7910 5179 4102 8939 9186 6775 7323 6435 2768 777 3626 3552 5121 9678 3830 397 8785 990 370 1710 
140 8859 7435 4660 2670 1054 1267 5763 5711 2389 3092 8830 7976 2222 5253 4413 5033 8033 9886 6299 6959 2151 2992 1999 7687 3550 1899 4383 9224 8962 3747 1599 2910 6779 597 4370 7036 8826 4551 2202 6999 3239 5989 8201 3724 1230 2017 3201 2879 4988 3267 5561 7503 1429 5262 7872 8386 1183 9534 5957 4671 9353 8469 7105 927 5149 8777 5976 3985 7578 639 1982 6084 6143 5165 7005 9763 5005 6098 629 3310 2670 9148 4115 4048 5343 5316 7980 1461 6008 3627 4426 8941 1860 774 5031 6365 8927 7105 
5105 6317 4851 2490 5473 2717 8389 7917 1453 3734 2002 5393 3530 8572 8825 623 458 1539 5790 9014 4237 2085 9323 9973 871 7735 6533 4674 2516 3789 8840 9074 8852 8070 2607 9102 4022 8150 3212 6884 1324 5615 1022 2941 3547 5051 6636 6627 901 6739 7934 3080 9369 4215 4558 8919 5855 3230 2182 1905 3355 1295 6263 4241 8814 1376 9687 2025 2246 5429 3107 2920 7801 9019 7724 6050 2466 7737 9572 9275 2293 3403 8474 2727 7482 6909 3907 5283 7015 9136 4455 9204 1724 6577 3762 5635 1034 4684 8751 
7380 3861 5101 3643 2002 1902 4082 3785 9434 9738 1165 5955 5724 2977 7670 229 7166 1770 1730 5972 8970 6305 6438 7970 7111 2079 6959 1936 2592 7800 9041 3481 449 9406 5765 646 7823 5422 6049 5241 7140 9130 7041 499 1343 1015 6860 9282 9513 2400 1377 5392 2602 3533 5131 9982 6231 7426 3978 4086 4499 5900 5310 9882 198 7887 8873 7197 3766 9376 5268 2511 9131 6196 3557 9091 3418 2190 2215 8569 9087 1970 6928 9234 5909 2142 5451 7535 6865 6351 4772 179 9790 6880 8567 3260 8709 6223 9303 
7643 6903 2433 3366 3161 2325 5513 9322 5919 5812 965 594 6176 4922 423 3976 9261 3762 9566 225 1985 5995 3022 6854 4317 7975 6311 8645 3179 3990 3013 267 9249 7918 5174 7129 2268 5665 9889 274 3 8274 5277 1486 7097 8214 8933 8556 7915 8382 3383 9802 8994 223 369 2050 5797 1235 3435 8032 9964 7864 1625 7134 6786 3462 8848 8960 69 3574 873 2864 5153 8608 5296 1893 9341 5520 7908 1484 6538 4966 690 2053 4822 8562 8735 6474 5791 2672 6604 21 3439 263 2291 895 5190 6604 5550 
8038 857 7883 4544 5 1547 2685 2297 3900 3496 7972 2601 242 2389 6509 4023 9340 3339 825 5143 7362 4131 3435 6093 9782 2599 4299 6151 8422 5582 779 2493 9274 2106 1851 9792 3516 5140 6431 1811 618 9850 8788 6598 9891 2872 8624 5472 4667 6537 8112 1978 8702 2242 9248 5369 5210 2492 6117 8475 9091 3427 8666 6644 2734 5130 8487 1062 8182 8782 7864 1866 3860 6879 6222 8441 9184 2138 2438 5409 1575 3191 9214 1648 8397 6935 4115 1065 9910 3237 7838 6865 4830 9483 3775 4580 4032 4103 4531 
8228 359 715 5550 27 2678 5338 8996 8419 5246 316 5972 2099 6415 538 2953 6441 5387 1644 9043 4498 7310 966 1179 9041 5960 3555 8903 5311 6517 4422 6494 6204 2215 1811 3374 4655 5179 8045 1152 3975 2494 6286 7072 5938 4392 2135 1811 8376 9898 6029 650 1478 5244 3702 7440 9030 6872 1192 1705 5315 6385 1403 9109 9838 6920 1269 161 3193 5127 2063 3212 1675 5540 2833 6654 5654 6270 7137 2248 8308 4992 2815 9108 5259 9753 3097 5824 4821 7718 1102 4324 2507 6187 7808 4433 6020 1613 5680 
784 5092 184 9680 6973 5243 726 2729 4738 8935 6093 7118 4404 769 6346 6111 3925 7351 4967 9600 4403 6267 1088 2060 6493 9923 5869 792 6886 340 9799 338 444 106 1411 4044 1570 9580 741 1663 7372 734 1285 7016 7632 9984 882 3478 7916 6761 8180 8166 8373 8472 9973 8836 3419 3376 720 7677 1849 6541 634 2687 7947 6661 340 9150 7449 5533 37 8181 5195 87 8254 5348 7419 4058 7618 8374 2254 2244 561 3020 4031 6376 4622 748 4163 4603 7160 4340 8507 9737 35 694 2476 6447 4012 
3347 5514 9670 9274 6812 3513 8625 7982 2605 1964 2695 7812 2694 5695 9687 1983 7757 2178 4154 8395 9613 6387 5543 3979 9245 2691 8181 2166 3942 6137 4789 8173 7773 3525 5916 2690 4830 4051 5578 9931 1628 215 6419 7225 3992 4566 6213 9761 3938 6829 4951 6480 3077 1198 8591 6701 1648 9369 9583 6114 9910 79 5221 3839 9124 9498 525 694 252 4205 9533 5466 2497 6037 1105 7709 1017 9932 3244 8378 1666 5777 2816 449 6011 3631 5087 7627 1644 5730 6741 4518 993 1543 9158 6015 3225 4952 3767 
1030 8740 8653 9716 9034 7457 3779 2217 7631 2064 7484 8888 5160 8435 9126 3496 1104 4585 3472 6890 843 6899 8083 3055 444 1448 6277 6233 1665 5680 6623 8257 6357 5739 6947 5580 5024 7590 6982 8383 6428 8340 1721 6475 6559 5532 3764 9700 5837 2411 7937 4178 9144 1610 7019 7240 8820 3413 6389 7317 7235 6125 3489 9555 6869 8938 6021 8641 6091 3327 4860 5814 6167 3322 2782 9997 9211 3939 5731 1943 7594 5825 6294 8646 427 1303 6517 1830 4623 5565 4909 2267 5437 5781 6756 3775 9734 7860 8866 
7041 3903 7959 7457 5179 7111 6628 6932 8350 9964 4717 5565 999 8046 9674 256 5903 2727 6306 3909 9424 7296 5124 51 2711 6615 3711 3237 7926 509 4893 7175 4115 6008 3887 4529 2140 539 2315 2484 5347 8590 969 5999 6761 3749 6926 6203 826 8895 8770 9136 193 5736 9972 7659 3427 1722 8730 1216 4221 7783 2762 4491 1586 3556 6432 7235 9656 7545 7030 174 921 5050 6033 6344 4325 8693 3615 3476 9244 8818 9605 2194 1640 1543 5187 3761 1870 9210 2951 3426 7345 9040 5799 3102 9515 8158 8877 
957 8729 1938 2914 7768 9766 2632 570 7802 8172 1584 8003 1137 168 1824 8539 3815 803 2516 5396 3526 5109 8309 7064 2006 5752 8878 2742 8242 8324 7100 7020 7894 4533 1880 1608 4551 2979 3321 9888 6364 2611 7566 4190 7276 1812 1472 9040 5315 4520 6013 356 2660 2993 8189 525 5932 8892 9978 9009 4436 3812 9341 5121 6363 9545 1624 6891 2767 5507 5251 7384 9602 894 7131 5115 8868 2249 3204 168 6141 8406 7599 4802 9579 8949 5399 3964 1521 6717 8544 9815 8833 7198 7843 477 990 4653 1966 
7480 288 5314 7735 7690 5458 1048 8345 7331 1235 9012 207 4984 7535 5680 7193 911 1002 1656 7612 4334 9231 6572 1426 2687 4688 8409 9478 3739 4713 3278 9672 8204 8491 1940 8906 4926 2105 5011 7231 1988 4322 6439 117 7771 9403 1485 93 5127 4731 5189 3721 4520 1699 8006 8842 6968 9028 4697 9293 1344 6677 7049 1654 2318 9138 2963 9537 1215 4557 46 2613 5430 4501 8283 2300 2113 3138 6626 4936 232 2227 4087 4075 9054 8893 1667 5759 8490 5535 9717 4416 3495 9715 5801 3151 7883 1098 1999 
4077 8205 4862 2414 5346 8399 9921 1714 9792 9767 9788 329 6584 261 6498 3355 1457 3171 6307 3858 1252 8087 1330 5807 2288 7563 6682 5686 9462 8521 7140 8437 5641 3263 6413 4669 1538 4542 8658 8172 2080 7962 1613 8751 6921 7037 1041 7537 9585 6741 20 9847 5367 4590 6999 2070 4894 3968 6790 784 8695 9524 6728 8100 4209 3794 2831 4044 3966 2105 6866 2949 2305 9603 9498 4026 5917 6350 4027 5563 1585 6234 2179 1106 1175 4327 8920 4784 5722 3557 5595 8344 1625 3896 306 4688 8936 4667 4068 
6255 9653 4509 2275 6121 3736 4930 1642 4940 7592 3979 8233 6606 5439 9082 5476 1011 1443 9225 8077 4363 5798 2506 1451 9502 8991 8247 9407 4996 1934 7210 4533 2809 6072 2858 2499 8486 7808 1505 7507 5274 3294 2108 2024 3137 5471 6581 2951 8635 5859 2575 5480 4320 8202 7683 7145 30 2554 1868 9667 385 4976 6405 5822 1882 7289 4452 1551 4774 6496 9905 5834 8821 5439 2025 5278 6168 5292 591 7703 7675 5156 1967 1142 4637 7646 1370 2224 5507 9977 1258 3931 408 3684 7051 8202 946 9334 9131 
7879 6243 3308 1015 6557 9564 6675 9181 7783 505 5169 537 2528 6462 1587 3775 9935 2325 1316 5549 378 604 7558 5465 9159 9021 5747 9691 7691 3613 3202 6465 9811 3928 7862 8582 7094 6155 5350 1691 8018 7722 6813 3628 9965 8451 528 663 8058 6672 9920 8340 3001 3273 6215 7185 505 8952 7355 7806 5962 5103 4829 8734 9813 4253 5473 5145 5927 3178 9034 4621 9530 891 1582 7915 5429 8170 9248 8953 8230 3127 4706 7874 5041 9047 5585 9361 1178 1341 1744 9215 2480 1432 7376 859 8781 3682 8281 
9708 2123 8478 944 8945 2296 4378 713 4205 8280 9336 1912 2127 7911 4107 8950 4115 6518 7761 8159 9611 7975 2976 2118 2494 2802 9123 5874 6552 5420 1927 4331 5302 8105 6733 6096 8063 8797 333 5540 9703 1500 9833 973 9116 4277 8553 1193 8681 5492 4129 3846 5574 1404 1055 8204 8327 709 5581 3758 1456 9149 2503 5071 3362 9156 3988 2231 2692 5637 6152 4830 4403 9466 48 8203 6334 5869 2915 1828 9785 2196 5142 4240 6779 5368 6019 1777 399 1299 9244 7646 829 9941 7191 3188 3744 5452 7973 
3352 8452 7740 2476 4625 9362 4817 1163 465 6277 4810 4226 6341 3861 9152 6161 5622 6979 3686 5962 8564 1158 4056 3428 9080 3820 5778 9293 2807 3825 3093 6699 487 5765 5943 8651 2292 8280 7956 4589 50 3836 8225 914 2542 8232 8016 1712 2983 8356 8621 233 6104 4562 1840 4066 5845 6216 229 527 7923 4309 7904 8641 5827 4583 653 4660 2793 9577 8005 2475 4389 9556 1762 9093 6623 3556 8795 8712 5863 4270 8952 1355 569 9777 5819 183 6913 3167 3559 9860 8644 7529 598 5742 5093 6579 9909 
6113 7444 143 733 5097 1573 982 6876 8891 8971 6670 4743 6851 3506 527 4629 7661 6880 2834 2829 9329 4008 7004 1772 6965 1315 9306 2527 9718 1944 5160 2477 6996 207 4346 1324 4478 8155 7267 9492 1424 9137 1896 3379 3885 2962 368 2030 5672 5291 1271 7993 8504 1564 1158 5304 402 6552 4860 1217 8709 1447 9330 1840 216 2914 8317 4148 1758 4397 1241 7828 1251 6512 5163 3369 1293 8957 467 1329 6080 9962 6238 1085 6754 367 7518 2559 8890 3349 5268 7798 7250 1552 6291 8447 6967 1721 853 
6826 4283 6125 9808 5927 2472 3544 1493 4775 6190 2874 769 2343 2217 4724 8222 1887 9263 6123 2884 6498 2213 1621 9417 353 1970 8086 7632 6746 6318 6461 9162 3564 8534 3718 8408 99 2500 4941 9134 9557 9892 5195 5645 699 9837 6702 3483 2134 735 6739 6823 2896 480 6035 2709 1939 4475 4552 7099 9723 773 7559 4801 143 9586 9064 4726 2567 7311 5762 4933 5441 6609 834 856 2861 93 3269 2029 834 2974 3225 7140 5457 8114 2727 1386 7864 9676 9664 1682 238 8151 1835 2058 615 7358 2532 
9405 7116 4624 8832 6327 1005 8822 6013 2629 2259 9840 5627 4972 9224 6751 5260 7299 2580 6471 2623 7797 6287 973 3037 5405 5647 3268 2512 6061 3366 6864 2790 9802 8235 1283 6102 9637 8077 820 3395 1894 3232 1083 3266 9820 2954 5967 8904 8403 2888 5828 3286 9670 6558 4162 4583 7175 4966 6437 6019 4729 2656 7706 3397 6210 4507 786 3005 6352 2210 1029 2292 3477 3988 3661 1582 1313 4385 6143 4395 5728 3173 3207 626 9218 5841 2991 1828 5456 2664 9054 8199 5823 2672 3670 9581 1163 228 700 
844 620 1137 9044 2450 1378 1100 9347 7375 7494 6318 7751 4096 7080 4504 8977 8 7686 7960 1105 1661 8936 9041 701 1372 3191 1051 3145 7142 5726 9351 3414 3021 8997 3566 9723 4080 1516 1069 2026 2103 6355 9987 3488 6215 4070 3827 2148 7623 6223 8424 1834 4059 8647 4608 234 1858 1335 2960 9677 9070 3871 7705 5486 1007 3513 6375 6715 8891 2176 5571 8710 909 5129 126 6512 3005 8917 7804 7784 8727 5574 9621 3158 6639 4592 1204 3647 9560 626 8850 1088 7589 155 683 2578 4164 7855 7307 
1686 1614 5230 5817 4275 1773 1891 4024 4156 2250 2053 7912 2196 4861 3670 9006 7197 7188 7827 3808 3329 1607 2157 4207 9718 8888 5039 7019 3019 658 7988 5121 3292 5934 3668 6113 3741 7709 1478 9855 4569 9210 3578 4977 7974 3373 982 3116 9130 4112 6804 1833 6214 2415 4239 7826 5333 6315 1783 4955 5552 3293 9557 3221 1888 5090 395 7155 6905 3513 3981 3379 2026 1716 5412 8505 5811 9506 2404 4096 8051 4948 3812 6806 9164 2781 3943 8052 7673 5876 5471 5419 534 5859 4902 1831 3546 8686 2985 
9635 892 1509 8277 4080 9954 7412 4378 6256 7578 7935 9249 5629 8480 6779 3203 2576 6809 2513 1302 8466 744 8228 4 9428 8254 7429 9507 4328 3319 7919 7760 3966 293 7335 2850 1918 8198 9120 460 8448 6994 4250 7451 5908 9719 2862 5117 3432 4958 1488 5984 5995 2913 2100 8284 3728 6591 2471 9302 3547 6561 2762 3095 7205 6096 8612 5975 2208 4509 5938 8146 3937 104 6977 9109 3618 7488 5900 662 156 9754 2833 3989 7152 9002 863 8512 8784 5645 7414 2296 6797 7984 3286 1379 6127 3385 9515 
8067 4927 88 4356 1011 4493 531 1908 613 8656 1220 1388 5515 9376 5386 3100 5867 3477 430 510 8503 4226 8261 3453 531 380 3750 3910 9796 3807 9606 4108 7838 6654 7844 8672 3826 4517 5867 4931 8130 8492 3730 8067 4797 8831 4450 9942 7146 164 2691 2813 6796 6660 4238 9377 6738 3811 9396 2135 8234 1464 2079 7276 3334 9526 5861 7128 3912 8677 2659 9555 6091 9663 6428 442 4285 8044 7414 856 3968 4226 5239 9028 3325 417 5729 9274 9207 5625 6558 4347 6703 3591 6857 5022 7046 9844 5764 
924 2752 5099 9232 4061 9774 3196 2613 1664 4873 1197 1989 8854 8789 2711 4597 5998 1867 4012 2206 6064 807 2820 2158 2428 6553 4970 6817 5032 8114 1763 7245 5526 5821 9772 6182 6683 7912 2328 1646 8924 641 7613 8287 3247 82 4919 6953 4060 4744 339 4533 8337 840 4909 955 1295 7991 4281 7563 3216 7073 6009 8913 2245 1415 9115 5113 3454 3546 9843 7661 4526 1050 7669 1893 5346 7077 4774 2434 2494 6130 226 1003 5669 9023 1901 3213 8523 3331 3763 2261 3163 4972 1190 9154 445 6816 3253 
7308 3393 4187 2193 6019 205 7225 2335 96 5723 5613 3472 1768 608 5958 7897 1145 3736 3188 889 9056 3981 6427 1187 6412 2024 1596 8606 4389 1234 9379 6931 6784 5983 3175 5333 1310 397 2947 9343 3653 955 8310 3457 6320 5238 4906 968 8113 2021 6834 9000 252 3912 462 3743 4160 1929 7215 1802 5042 8288 5509 8032 9416 1282 6132 5176 7553 9736 2305 8855 5089 7610 4284 4565 889 2947 3736 7475 8612 3022 2294 6993 81 2575 1435 3261 2358 4274 9413 7180 5651 3672 8666 7468 3141 7712 1353 
1504 2085 1672 2291 5928 6769 597 1640 790 4661 6945 1767 4808 8374 6379 3410 5116 6237 2489 1256 7647 4183 2608 4637 9717 3532 3166 3930 9078 3470 6332 671 7523 4799 2039 3464 4557 8364 2772 9397 6948 3782 1192 9221 7071 4013 161 9974 4608 5940 7030 8651 9117 7642 2580 3051 9607 7862 9370 9709 9708 7915 8301 1744 3467 5498 8254 7118 6047 1724 7581 7048 5388 9803 8789 9498 4004 5252 6022 2649 3787 5871 838 2258 123 9294 4434 8183 4191 2207 9768 8292 9634 1750 214 9625 9577 7647 5009 
2063 2091 739 6654 2756 125 6567 6783 9408 2403 8278 4435 1481 2745 7920 5677 2175 1411 1721 687 3806 7944 8283 6048 4143 3431 1149 5249 2072 4867 1262 9854 4756 9200 7636 5465 4083 5168 3489 8787 1657 9901 8491 446 7744 1822 3549 4292 4869 2934 2595 7954 1228 5696 9896 5609 5568 8216 4090 5342 1722 429 1964 2367 9073 5190 5645 4700 1442 1589 7828 9001 6882 56 6421 1433 4588 8703 2603 7911 3562 6079 2000 9502 2497 5798 7745 943 5772 2571 3074 6105 5382 9843 2295 6776 8434 7440 4029 
6197 2293 9367 3784 9917 2246 584 7441 9396 9136 8670 8028 6338 9318 8498 5204 8778 3922 3867 1564 6119 4813 205 9117 6525 4117 8302 5344 9614 9141 6365 932 2639 1066 4613 9438 9884 6673 609 9894 20 2301 9932 7587 1367 8993 3803 7730 3967 7889 4022 6959 7948 1994 2343 6321 4994 6767 814 6475 7963 6195 6734 7006 8960 3281 531 1546 4836 1236 7212 6064 1997 429 3117 1655 4394 8720 501 4072 9469 999 5961 4237 411 7216 7093 1906 4449 9679 1759 7030 2796 6535 3730 9903 7192 9543 1553 
3185 8670 9202 1234 7263 3321 7581 2606 9319 5905 7997 6857 7316 865 4938 4321 7284 1451 3820 696 3019 5595 9308 5941 2331 4751 6460 3066 6311 385 9441 5324 8388 5382 878 7871 891 1368 8338 2785 3770 3634 2630 895 6876 548 9235 4773 4672 1982 7378 8243 813 2655 6675 3519 9868 841 805 521 9285 157 9967 2814 3231 7849 1949 7632 4111 2683 751 191 7239 3868 5588 256 1343 7563 1513 5199 6540 1036 3151 6015 4904 445 8954 3699 904 5628 6959 7225 9520 7193 4361 5470 3072 5190 7082 
5738 816 3927 4256 1454 1589 9994 6534 4987 7546 5665 9036 7746 7957 1898 5635 9207 204 5557 2240 5149 463 8348 3233 614 8957 7547 8117 7503 6363 9939 363 8691 3744 3353 158 5602 2091 723 7604 7215 2934 9658 7828 1526 7239 7985 6607 7750 932 3872 3467 8967 1226 4805 1445 3648 409 1896 6326 1863 6798 5424 6386 1481 2776 2169 7007 4409 5540 7865 9094 8828 5397 5512 4090 6023 6639 6517 463 8696 2855 2730 1704 7598 6518 6869 8551 7295 1583 6012 6603 1639 3220 6535 3267 9006 9151 276 
5367 7077 22 9495 2846 9409 3034 3104 2286 7333 8711 7680 9738 2263 9209 8667 9534 538 2203 4577 5487 723 306 7815 7912 7952 6604 9323 1026 6478 9159 1891 1088 7771 1233 2804 3543 8603 3785 609 7687 9428 4768 1253 5094 1677 6227 7291 3987 6539 1326 3576 5005 8422 9334 1818 8508 1716 2831 9402 6636 4286 8346 4443 7620 929 73 7572 5061 8534 8376 3220 6088 1404 6164 2724 6720 5047 2032 8622 831 5013 4349 1684 8438 3705 6933 775 6173 6430 8025 9080 9032 478 3748 2001 9240 4832 454 
9212 4315 325 9559 9374 150 226 7775 6695 124 6369 9334 7778 3716 7465 2245 6471 8253 3814 3709 1128 2036 925 3278 6839 4451 8029 8886 2634 1356 1237 3166 8043 9946 711 501 8310 1532 7581 6745 2532 6447 9079 8896 6277 8027 7357 8718 9334 9506 2448 6140 6903 3610 1867 9815 3073 1820 9175 921 9375 7781 6884 1624 2375 464 5063 4724 873 1870 2557 2148 2897 6817 5340 6525 9599 6887 6961 8531 698 6409 7000 3903 2540 1665 8556 6017 8645 3998 2185 3998 8125 7789 9553 8857 7259 9986 7380 
557 282 7410 7034 148 1631 6561 238 2516 6786 4534 8279 3915 6305 4481 3643 502 2971 1958 3603 7199 8903 8388 888 5238 6620 2825 7339 254 1531 1134 3045 8521 4442 9532 4721 5075 48 8369 5621 7753 9558 8371 8364 9827 787 525 928 8529 5160 3641 2817 7176 3373 9824 4257 3859 9240 6324 8135 2693 9055 8885 2422 753 7254 4857 2342 440 3384 4887 4665 4234 7031 178 3488 7838 5539 9068 9311 1453 3060 5555 6725 6769 4673 6365 9985 4583 6599 8726 5892 9477 7871 1920 9518 4427 5359 4075 
7806 5761 5526 1614 2410 5299 6614 5796 2683 7929 8987 2353 4587 3737 5180 7952 86 3551 9285 4914 7833 1924 4602 7169 268 8441 1603 7355 2782 5948 1395 121 524 7063 8298 2434 3555 669 8948 3729 2465 3032 9182 5783 1251 2706 3971 8615 3829 1505 7947 4092 9916 8742 3187 5952 2903 3628 5320 7354 7114 2774 3458 8325 4898 8585 3906 772 6196 8500 8856 4603 1866 1837 8733 8254 5068 8950 3404 8362 3926 3325 4614 4715 4357 4607 4969 1523 1261 484 1999 5331 1380 6432 1924 3014 654 3797 4374 
8541 1823 7102 1491 9054 9184 5171 7998 1577 3333 5259 5893 8488 7850 3800 9203 7982 309 9401 3660 9144 6888 9796 2420 2797 6939 9553 479 849 652 1865 5280 7562 6807 6134 3908 4036 1997 8412 3493 6016 2274 3109 9090 1950 9692 5718 6139 2615 4096 70 2029 40 9922 9130 452 6530 4815 2942 1053 8369 4528 5775 6617 2763 223 7297 1193 4440 3088 2068 1817 7963 2848 5022 6115 8662 908 2762 6320 6721 8929 9431 556 3791 9779 5358 1982 9774 6599 815 8567 1407 2867 2617 5813 6007 8757 468 
3100 1093 4917 3367 606 4681 4674 6792 9037 9832 7939 6745 6062 8734 5563 920 401 4245 3694 5340 416 4675 6483 71 9114 8818 5715 3871 3094 9970 7339 8828 3187 3651 5984 5813 4343 8501 5061 7098 174 4403 3263 4171 8340 6671 5887 6606 7621 1167 418 7557 9703 3440 6319 8071 4865 9914 318 1485 7629 9949 3417 4316 2738 1204 2680 8342 2791 5256 3160 5839 5910 5626 8037 855 8096 4736 2136 9404 1324 4350 9819 4072 4989 7844 4008 3238 6059 8840 5802 3423 6151 3020 9427 9784 4984 895 9145 
6797 9629 252 654 2597 2825 1990 6356 5970 6908 3906 7533 7767 8748 6672 931 5447 8468 6690 7472 9192 3173 704 559 3832 2887 5587 7824 8579 5654 9912 498 9588 6803 1657 4319 3717 6274 1855 474 5218 4214 2750 7396 1563 8273 2550 2498 1395 267 2253 410 5265 4202 8121 4075 6757 1734 9190 6150 3734 7836 4077 7294 541 3496 4378 6497 9440 2988 1080 6639 3414 7182 6371 1527 7308 4906 1441 6954 5707 4170 8642 329 2900 2717 5877 5461 9828 2186 4404 5525 4661 7114 1385 6538 7226 2423 694 
1921 5906 4835 4633 3991 1860 8950 5081 9235 5489 617 1436 3822 2933 7197 7388 1583 9349 5944 3084 9751 4665 7168 2742 757 8227 4214 3704 8312 453 5350 5294 9753 3302 1604 5996 7842 724 6071 1723 2644 7734 9539 4344 2295 9390 4341 1293 9444 4932 1072 7713 2721 2641 8639 5944 6838 6293 4216 5639 2908 595 5089 1738 6431 4433 625 8035 3223 7879 8805 771 4892 8682 9769 6617 7778 6170 412 1446 2734 9711 823 4256 1644 8083 7320 7862 4749 2073 2926 7682 2346 5769 7739 4278 7253 318 6877 
8513 448 9313 6452 193 247 1364 4104 8624 8402 6647 7743 5040 4159 9121 4491 4067 6676 7882 944 6539 5174 1661 4235 2279 2456 6697 6832 3042 8051 1816 3625 8152 7852 6301 9060 1440 251 3211 5065 6530 7310 4542 195 8781 314 8124 5197 9860 111 2031 7047 7210 5711 7536 5453 1747 8509 3975 8435 1174 4561 8693 5446 4644 7202 8573 7586 8172 4134 3007 2690 681 1235 2589 3879 8896 3108 4555 588 2480 2460 6546 2395 9938 1102 1882 46 3259 9300 4928 7929 7918 1449 8214 3810 7321 5714 26 
3312 1456 4523 734 3703 4992 5789 9377 9092 688 4604 8423 910 7731 2732 3101 2277 1690 6620 2802 1503 5892 2459 9390 2784 2934 3072 7394 5946 4992 1162 3905 4266 4878 2967 8087 9802 8893 7107 4731 648 8776 2607 1694 7050 4731 7779 1789 5127 1358 8634 714 2460 1384 7027 7088 3101 7175 9769 107 900 6480 9830 8836 1756 5270 5267 1981 1862 1160 9047 1838 3718 5526 4189 8937 3620 7265 8372 5117 1707 8932 2044 3070 8973 8097 4106 8652 7532 4666 4625 9067 5270 4721 2531 2474 5856 8226 6179 
4690 6088 7981 7576 9419 4572 5150 5556 3716 3709 1431 8950 1556 5224 605 6165 9547 5735 4790 924 2861 8848 8035 5574 2550 3207 9188 9351 3601 2930 6678 7920 1211 2353 9829 8348 7776 4584 562 7681 7249 3415 115 3061 4292 1326 6013 6565 6819 6883 2113 6368 9245 7989 8055 8826 1465 4592 1036 8082 7175 5693 1305 7560 5170 2267 6448 2594 6384 7957 3328 9655 2112 2211 8325 1744 8541 9203 3165 9380 5673 529 4876 7981 639 8403 1312 4613 2259 8078 1167 6557 2028 8472 224 6386 4105 1284 344 
7946 118 192 8551 3881 1429 8144 9190 1794 4589 6022 3608 1291 8560 3102 7552 8611 1833 8734 5954 4242 9760 7747 6424 3488 5542 6683 1764 3350 9314 4315 6512 9859 1651 835 5670 5509 8824 9936 697 6788 7624 9680 8594 7458 9674 5558 5812 0 6563 9173 8302 5156 6962 2959 5265 7075 5572 3315 1616 2146 1210 2945 5395 4197 6907 1289 1238 1439 5492 6182 400 9531 5320 1819 5142 4627 2492 2674 2989 2807 7470 3718 737 9840 2716 5952 2403 4871 5501 2659 9690 3362 4903 6118 539 7271 5048 6621 
5862 9187 4001 9782 91 6701 8770 7482 9098 4575 6127 9357 5042 4489 5670 747 4751 8536 8573 8803 1809 7741 3499 3110 6893 7765 6359 8029 8192 6672 1989 8995 4787 9441 8912 9344 4348 4784 336 3599 6925 6171 6800 2257 7796 9246 507 2989 8381 6881 5997 9559 6954 7233 274 6602 2227 9973 9983 7672 1278 5237 2470 1619 7676 9077 2531 3236 8474 2487 7224 2515 6942 2337 6473 13 4546 4606 4490 2163 576 4451 9377 4424 7826 2709 9759 6863 1513 2934 3504 5726 8959 2837 8411 6805 6312 150 6914 
9156 1446 1427 7991 632 1973 4195 9538 5481 1966 8911 5916 3215 3569 2299 8819 2772 8402 6115 4888 8089 9963 3231 9272 9953 4767 8653 4424 1344 8001 5709 1455 2230 5220 3719 6463 5197 5741 5652 7781 633 6285 923 7980 620 1867 410 5326 6864 6630 7006 9808 3366 8258 7817 7138 8732 3972 8263 8877 5347 7156 6803 8212 8254 7292 5042 5271 5622 1008 1895 2175 7826 6720 5182 358 858 629 4594 814 7218 4865 9912 2817 8934 52 198 8638 7589 8369 7870 6966 4091 1266 8886 8216 771 3834 7536 
4816 4986 6801 6987 9178 2009 6458 9400 5625 5057 6926 1966 3188 486 1409 190 8778 7741 7667 5837 277 9609 138 4839 7408 7677 682 2690 3830 8316 3199 8375 162 107 3422 5028 6992 4370 9182 8754 3283 885 8721 2198 6640 5050 2747 9639 1806 1732 1456 4082 8577 6498 4789 2703 2555 2956 8281 6410 1002 4307 9362 3344 1040 6314 4236 4133 5074 975 8551 7111 6346 1663 6584 101 1203 6982 4277 8120 6892 1668 9131 1319 5764 5817 2448 3982 359 995 4941 4723 2121 6916 494 6922 9075 7806 8338 
2522 8919 2678 629 257 146 5070 9276 6704 3015 7624 6290 5238 4831 5661 5618 9916 6495 9989 9044 4048 9551 8381 8548 8494 5902 2926 1649 3051 717 7975 1300 2302 9249 7645 6830 7828 1511 5840 1234 2687 4794 7711 5955 471 890 2467 1178 1189 6018 5070 122 3495 9839 8789 3415 321 1288 2833 2568 8422 2947 1859 4510 8286 69 9960 4538 8132 8104 1430 3914 8247 8494 4398 5525 7138 9286 8311 6838 1664 4486 4250 3312 3500 242 7105 285 6987 7561 8422 6153 988 8140 3210 9257 4923 1629 3208 
9447 1692 922 8508 7139 5624 9220 1558 5901 9778 1997 2762 2505 4931 4339 2520 2820 2480 5449 4169 9253 8619 8318 3443 302 7225 7378 5077 4792 1347 2169 4111 4201 9773 2595 4776 2275 6983 8100 8085 1761 1783 6995 3209 9707 5922 6672 3344 789 921 167 7314 167 403 3260 7722 8917 2958 7672 7418 6159 8642 7000 9797 6153 2048 4820 6972 8943 2229 2075 9409 6834 694 2622 5000 3961 2916 1928 7720 3913 8743 8905 4212 8246 4514 2675 2686 9296 3038 8353 5397 3207 1491 7170 3643 8078 9512 1229 
2428 2484 291 7277 1992 9946 3557 5255 2525 5807 8435 4965 4679 1537 671 3204 343 2784 562 1108 4919 6736 2389 9391 2083 1863 6388 4708 9834 949 9187 1760 9205 594 2184 634 6955 2468 3400 1597 1322 4238 9184 4034 3856 217 7444 4283 7101 5883 690 9080 7343 4772 3792 6634 3480 9907 3345 8725 984 8323 3259 1316 358 5647 7010 4886 6767 5883 2953 9703 575 8193 8032 2728 6692 5344 780 8263 1001 5893 9556 4819 8143 846 8577 8229 9598 6038 2881 3048 9851 7124 442 2892 9571 3097 9880 
82 1963 7955 5950 4127 1423 9950 5649 7845 3923 2977 9353 279 95 7133 3933 5972 3089 3882 980 3 5903 4662 1720 9100 882 4499 4315 2194 7433 667 533 6166 3222 7501 5424 5142 5527 9076 1329 3961 7690 7572 1782 7088 8367 5306 1762 1894 5453 9479 2684 8314 3413 6251 808 174 7132 450 846 9759 5164 3597 5230 6443 4188 4749 7211 5922 550 957 5604 4895 2930 9419 4801 5300 8557 4025 5811 1816 3209 2407 4862 8550 7807 2397 8862 3298 9095 2933 7405 834 3727 5307 994 158 4400 8523 
8900 8763 6444 3155 8504 3601 253 8115 2180 743 6771 5651 5212 3303 7099 8848 5636 1614 5133 8583 6167 5906 2457 4135 4488 8124 6698 7617 7591 3467 8992 8908 9476 7970 3566 541 269 2466 1348 144 5689 1228 8002 321 5156 2701 6797 4893 7227 4222 2780 4033 2735 5399 4304 4525 6440 3938 8500 588 5815 6305 8564 4791 9165 7557 8977 54 6244 495 8390 6587 9073 6126 762 7125 9985 5274 3752 4251 9036 9881 9747 7349 7581 2740 8456 6951 8211 3284 5297 535 5607 14 4493 3106 5242 4688 7123 
7920 5776 6275 8451 202 8807 5365 3275 5399 828 2331 620 8457 1699 7272 4056 7448 6649 8250 3063 6643 5199 7125 454 3924 797 6061 8495 4710 4103 9163 2012 7707 9209 9601 1902 9602 5441 5233 274 9875 1072 5810 5078 9869 572 6390 672 3179 7336 3356 2224 9513 1758 3338 9180 4845 6637 2500 4861 3826 2336 2840 6409 9252 1703 4365 4048 8234 3699 2094 6956 7049 5166 4922 4493 7331 5889 4545 3535 3890 3155 9688 9676 6941 1567 7406 2558 5891 9308 6707 3832 397 4520 3601 6817 2952 3987 820 
8275 973 1391 3204 7872 1162 4776 6513 9291 1538 4897 9842 7327 166 3600 5873 3158 8496 2418 9344 3216 4455 2318 7275 4660 3515 3647 925 7625 7532 369 8818 5917 8614 9478 6529 2156 2640 4043 9333 7631 187 2853 7844 8507 6554 2655 4037 6556 2153 1650 885 3361 8221 3714 2778 9447 3261 3370 3925 1868 736 6110 4893 7265 880 3647 8837 7046 4033 4106 1768 3906 2587 7005 3326 3888 6059 2503 6755 5975 3025 9657 4609 5977 463 2538 3556 1922 4897 1576 2828 5595 8137 9665 4723 965 151 1796 
6515 9390 4383 3449 7972 4800 5549 2666 1026 5328 678 1637 6560 650 4871 6091 3717 8396 5513 5494 6696 8098 581 4961 8423 4692 8685 6989 5930 4135 9467 7660 8539 7176 238 478 8052 8206 203 5639 463 1734 6092 1925 9304 3925 9732 1534 6712 9743 1862 5341 8071 5063 9454 4299 347 4746 6234 6804 9251 2096 7150 1465 5603 3137 2923 6194 5644 8027 8186 3955 4957 3669 7578 4122 6702 7122 8350 4969 1318 1486 4996 7813 3929 2990 6821 1374 897 7667 6961 1667 2296 570 2217 6633 1145 8540 7818 
5048 3095 5353 3826 2139 7857 3038 5061 2865 9352 4790 4842 6155 7306 4918 5123 4557 6873 4384 8042 7136 989 1445 3376 5406 7779 5113 5740 206 8965 5754 8098 6128 7924 349 6319 5916 8757 7928 5215 4393 7959 7769 194 1552 1028 7221 8004 2396 4064 8898 2387 4471 5662 4042 3625 3579 8291 402 275 7298 2828 9705 7266 9489 3647 3875 8249 639 447 1151 8509 1001 5910 7340 622 5984 4212 2568 2345 6900 5798 6835 1012 2939 44 9588 392 3620 4803 5561 4473 5973 6745 8213 9046 1909 7522 7998 
6729 6397 7878 5746 9349 5345 1754 9406 1183 8140 9213 1833 1136 7449 3350 5111 9246 9618 6527 1847 6916 6348 597 6452 9272 4526 9590 4322 4279 2446 655 5190 1875 2292 9537 797 8686 6533 7232 5020 6757 7696 8887 8705 9897 4942 4888 614 4215 4043 8555 6627 1355 7020 7321 6129 7061 8346 1746 7638 8490 8990 506 8315 7178 1319 2579 9824 5493 3541 8038 5654 8943 4755 8791 1145 1730 318 1066 802 2108 9957 4221 8982 2962 9361 4911 905 2657 7236 7558 1638 2834 383 9504 6267 9241 2504 4640 
8717 2634 4332 7995 8832 7514 3383 6849 4948 5037 2706 7043 6711 5958 8377 5475 5284 7867 6198 406 8784 5665 7726 4730 2891 8140 6436 522 5216 930 3172 6880 859 9698 1250 8777 5196 1349 8058 6443 7664 2072 5596 8560 4288 8675 7490 8813 3917 1103 4389 2649 2985 6508 5091 1318 8429 4404 6635 3637 500 6457 2083 9050 7434 8862 2532 1014 3965 3185 8714 551 2003 3472 7875 360 6893 2510 4858 504 6663 8716 5667 9533 2289 6775 4234 4732 7063 7390 4575 9900 6753 7284 549 870 125 4762 3516 
4207 2842 6890 1997 4825 7691 7958 6246 1091 6265 4436 2870 9493 1720 7468 8312 7023 5941 3505 2150 9168 5062 3694 3752 4523 9216 182 8475 9004 6130 4803 8509 5045 8132 8508 7582 7038 3480 8419 5704 1493 1698 4137 4328 6532 9152 7422 992 7213 9178 1402 7734 5082 6970 7770 7472 3296 8951 7271 20 3682 532 7425 1344 1157 9317 5581 4510 8853 1715 1821 5983 7530 6398 1936 721 2215 179 8778 3717 6280 9291 8272 7205 9822 8194 5981 7203 1344 6464 7956 751 4360 8680 4914 6090 4239 397 7443 
9297 5030 9404 1187 1943 3646 5518 4816 9888 8268 1455 1323 2601 1051 2760 8561 7043 324 164 4879 9024 1011 2666 7337 4708 305 9062 6503 1222 8599 5845 4658 9741 4457 173 9443 74 4096 2769 36 9842 7967 3919 8117 5049 8571 6366 4887 2809 5999 6903 6831 3011 3292 8447 1583 1145 3648 8736 4422 1398 2551 2441 8983 4114 6144 7431 6284 5295 7386 1984 6260 1388 4272 8967 8103 3404 5405 5812 425 5354 3100 7674 5421 6684 5870 7140 6195 6756 2499 4519 2565 3269 7698 3727 6470 4373 342 561 
2870 7607 1708 5373 9805 487 5001 5521 9623 1234 3345 5116 4755 7121 3728 3821 1509 9945 5446 2566 9007 4016 4545 4075 9972 3750 2535 6145 6949 9898 7272 7770 1492 7347 8480 2466 6310 967 3812 5859 9035 1087 4712 9494 442 3989 7117 1131 7426 5040 6607 7024 6021 621 8413 9812 4028 2018 1032 5506 2677 7404 4075 2708 4777 5882 3577 891 4508 1846 5322 4815 162 92 2294 6453 3417 5819 2548 993 8354 4695 4413 4190 642 9432 9944 3582 9735 4976 533 5171 701 9412 6301 4104 631 9955 2781 
6814 4785 831 7570 3004 9017 9550 3442 7244 5704 884 3846 4678 4126 7860 2213 2670 7746 6426 3511 3044 8801 9591 9332 5675 7640 9294 805 3830 7528 2452 3170 4223 8222 6716 5402 7 4872 3972 7732 3665 145 1625 6484 6176 8917 2280 5246 3958 586 8989 956 3392 6747 7797 6463 9188 8037 9275 5399 6183 7064 7956 6332 5822 3215 1175 1738 1819 5884 5159 9867 5942 7464 8608 9666 8401 4670 6211 1766 889 2114 2967 2613 9435 6991 7734 5321 9619 8306 9014 3079 709 1440 4572 5482 579 433 7591 
8769 9448 2086 5198 2238 9833 1312 4157 8860 5716 828 8141 9117 5846 9730 1584 1079 5716 4877 9988 9237 9613 8214 9371 1339 1496 2185 4638 4619 9377 85 9208 8935 7388 6035 8850 5819 5854 5738 8650 2310 461 1018 350 732 1652 8488 5584 2285 6194 7410 8588 8185 1128 970 7920 6534 5397 7155 9073 234 273 7924 8089 410 4473 4425 2471 8972 1232 5638 3387 6624 9957 7039 7962 1267 3162 9629 2567 4609 683 267 5766 3325 230 8805 9577 8902 1248 7719 7481 7238 3018 8367 5508 2525 7233 3877 
1654 3429 1545 953 4365 1732 4538 2971 5313 1862 1213 1229 9759 3923 575 2955 3081 6727 1739 867 419 7882 286 4121 1651 9586 5274 9249 2322 5089 1933 1564 2290 8434 9966 4684 275 873 1018 4383 3191 5425 7015 8089 7319 5891 6186 913 8690 7002 6750 8935 3701 1638 2326 8718 227 6301 1602 918 7843 9632 6052 6162 2150 1489 9338 5172 3595 765 1920 499 4753 7865 536 9397 4558 9948 322 9401 4125 7177 1301 4375 7962 3742 9741 9256 2976 4086 1427 5026 1091 8282 7178 1617 2431 6881 5277 
3325 5983 958 5511 1159 4512 2422 9100 3706 5280 7392 3439 5811 4281 9804 820 6107 2938 7199 6466 317 6269 7183 1555 3225 2949 1952 8514 1079 414 7951 5081 8441 3545 9777 1972 1078 9414 4577 8399 1746 5875 3213 9120 3530 5989 4815 8935 673 5882 2413 5588 8989 9181 9206 1283 9708 923 5654 8101 1325 4577 5104 9693 5804 8752 6129 4565 4277 298 5042 302 6600 3885 3870 7052 5215 1304 9187 5993 4630 178 5482 2051 4581 8643 7898 6687 3555 8451 5952 9427 2541 8489 2883 3692 9881 3352 3679 
5306 7978 8128 9277 5428 5926 7987 2844 3064 3362 6013 4007 6412 6030 9898 9966 4700 9822 8032 1744 826 905 5113 5789 8964 9127 58 5168 23 7178 8583 3895 1254 1309 8116 8083 4957 2384 4606 3096 6171 4418 9784 5737 2148 96 4130 9217 2903 6649 9712 6784 2587 3854 4067 480 5752 2574 6295 6487 4270 342 3764 4112 7387 4498 8253 858 5692 3896 186 948 8636 1250 6278 999 5630 3954 3968 4778 8328 5362 4528 1894 2325 5823 5030 4201 3555 6898 1767 1470 2094 5385 7022 3705 7345 3882 9429 
7804 3472 6757 2062 991 7633 884 4270 2929 417 8800 4729 7672 2033 6296 8064 6199 1610 8295 5941 9179 4256 5403 7205 7872 9347 7423 1350 4529 2553 9538 3712 7290 3319 2262 3973 3017 3071 7477 4403 4089 6224 9687 581 2749 3153 1916 6232 2807 9059 5591 6971 6106 6031 333 847 2445 1689 91 7731 1178 2025 8808 7340 687 5208 8986 769 4268 9242 1921 8139 6892 4288 4658 6460 7658 9778 2719 4596 9940 6514 7848 1784 5555 7789 3737 3721 1724 9236 8937 2973 3047 2979 9482 2294 3796 5109 2481 
9936 1582 6449 8990 7814 4010 8861 2108 8443 4212 7984 4194 3932 5161 3336 9771 4260 488 429 8380 2837 7687 6348 6439 796 5184 6471 2765 8862 657 6564 910 9580 4459 362 8014 8212 1529 886 8927 7213 2761 3546 521 5440 7009 9083 7798 9189 5783 1891 670 404 8482 9052 5030 6707 5555 3937 5971 4536 2196 2425 9325 1965 5897 3827 380 6898 1807 984 4164 9003 6293 9942 2615 8925 7193 5046 5230 5507 2920 5822 2356 5689 3666 5622 7342 6541 3113 8408 9099 8310 4541 363 4885 4499 2121 6987 
1726 9991 6217 6226 9854 6345 6135 914 1200 7512 9163 5548 3690 3298 9837 909 6565 5697 9718 9100 7681 715 4396 4864 747 5421 1724 2019 9069 4684 9043 2979 9162 2790 1569 1534 6463 1477 6162 38 6868 186 1407 385 803 6573 3384 4591 6233 2051 9199 972 2954 4233 204 2324 6365 6387 384 4606 1374 498 1844 7610 5624 5896 5890 8225 7070 9118 6807 7697 7883 7781 1536 6064 125 6688 4658 779 9125 7016 1003 9399 1264 716 1162 3075 8784 5210 870 6308 7065 4054 9570 1484 6220 4435 7783 
1950 5627 619 4684 7104 8792 2770 9854 1396 9918 5528 4982 9485 465 7478 8760 5872 9585 7580 3618 6064 3247 5748 8495 4470 920 8136 3126 63 1953 8452 260 4921 4426 5639 9002 3704 8627 5449 1221 5274 6770 1941 3980 6076 1455 798 747 8896 4417 4334 2479 6347 6900 876 6276 5567 7025 9299 7276 9077 2940 2364 4727 4961 9927 7519 9933 3135 2422 4854 6905 8614 2970 2390 3974 1948 3607 6940 7768 7688 721 9320 670 8394 8927 384 572 684 5392 5769 5325 2216 4677 4999 6408 6237 2833 2042 
2363 7023 7164 3091 9210 3612 3033 956 4608 6761 3626 4842 6558 9173 5830 548 2369 9700 5737 224 9137 7011 9553 9286 4380 4539 1524 9233 925 2113 2046 1064 5612 2688 6696 7293 5871 9428 8602 2177 7974 6931 7318 9382 1196 2866 7991 9093 9428 9570 4754 1484 6558 240 2082 3358 7764 2763 9195 715 982 362 7238 4800 642 8827 9926 4729 446 9219 2403 2629 1980 3372 7182 7043 5659 9868 8099 3774 1398 3718 178 731 1439 9148 1250 5338 2801 4766 5812 5762 3135 8390 8131 8443 2240 1023 3549 
3394 6060 8333 172 2321 3618 5864 9299 3541 9548 2937 2723 5328 8493 808 211 4200 3022 6918 5074 784 5757 9611 4298 3586 5095 3554 7475 4581 4017 8539 1494 3866 9403 6596 6105 8457 3382 4217 8111 8623 1877 2758 7276 6061 2715 8753 3331 1870 339 5873 1885 7619 1284 6072 5090 6129 4890 8221 828 9515 6301 9042 6042 5597 2438 4156 4482 232 5304 5408 567 7938 1620 5552 8554 6974 4751 2899 8455 5210 9184 2131 6106 7428 3899 9752 6333 8186 8451 775 6955 4107 4869 3261 6388 9886 1859 3502 
3958 2302 1721 2051 7323 6103 2809 7967 4292 1715 5754 7470 8852 7665 6207 9789 6053 7817 7638 9335 2167 6257 5100 4427 3507 1166 9856 5322 5827 5915 5591 6591 6090 191 186 54 2863 4749 1 9497 4466 3162 1685 5615 2729 5254 1222 9438 1870 6130 9193 4967 8519 8923 8232 4189 9196 8834 7288 9912 1909 8832 5635 7574 8079 1844 3670 9911 757 8184 6260 8925 9788 7794 5747 2619 9024 7766 9974 5752 5055 8761 3920 3898 7745 4162 3779 6470 9854 7206 2619 8268 1493 9510 4005 4272 5096 7705 5507 
8410 1502 2504 3494 2779 1498 4562 1553 7068 5688 6412 5776 398 69 1075 1882 7936 4712 6097 3870 6019 856 306 2547 9991 3963 4907 9820 4101 8693 9997 1693 4940 9706 7156 6505 9057 9697 1516 1727 4114 9394 4564 8428 5566 3050 7947 9532 1334 7766 4944 5381 129 964 2567 8644 924 1570 3352 3159 3897 3683 8607 5189 9713 1733 2832 7980 925 9605 9206 3114 2222 5654 3713 901 5149 6468 9661 8521 6213 1836 4824 5499 6067 5277 9065 1957 3418 7163 2593 9484 798 7779 4502 39 620 4669 6652 
11 2313 9393 3131 7320 6040 8441 8832 1389 2542 3509 5519 7021 1621 6746 6759 2188 7866 9913 1808 2457 1731 7713 849 4650 3257 4312 6994 9432 1007 5785 8293 4399 4987 2951 5203 4355 5992 6482 5166 7536 5306 5902 8845 957 5728 3126 9487 3200 3795 6883 8557 3294 7041 3673 1415 9836 7627 8123 6259 8195 4363 531 548 5142 7527 9853 7605 1551 152 5598 5556 4754 6027 3869 8547 5452 7153 8366 5171 2775 9291 6980 2678 4967 5798 9151 3643 3504 1672 3186 6038 7334 6641 1581 8729 2615 1406 4452 
6901 8418 2016 3068 2978 5083 3463 6779 9098 8211 4843 7225 9263 4016 2411 9178 6852 4311 9901 4223 5349 2713 3891 9440 1247 7001 9 6443 6853 8397 3056 6336 3320 4815 3322 9717 3223 9301 9021 2645 5667 4414 2233 5529 2701 4934 8231 3882 7739 599 3967 2302 6961 9419 9759 8495 6584 3500 7576 9481 2004 612 3045 7119 974 1574 8646 9645 2945 714 9475 8306 2870 6211 9053 5969 9807 2637 7279 1290 8585 610 8773 967 2629 5907 4157 6089 3263 1013 1626 1139 4635 1361 4648 8019 213 1248 9132 
5164 9219 8747 4871 843 1031 4607 7772 5531 9140 1802 6507 4787 8528 8134 4654 4932 9440 2725 3087 292 7549 7939 1166 3740 6546 2104 6543 2919 7417 5493 778 8637 1750 5540 1171 3772 3576 2736 9170 7071 6745 2996 7086 7623 1763 7453 6480 3243 8188 8834 6077 6785 4579 1512 4342 9554 8175 7748 2775 9824 6945 7612 6361 3415 7342 648 3242 8933 43 599 2574 2840 3375 9486 9969 9745 3030 1828 9770 157 387 7133 6661 8898 7375 2828 7973 9189 1021 7708 1556 2184 4468 9951 6842 8716 7880 8496 
7055 5807 4385 3287 9475 1080 7310 68 3873 7342 3828 7108 8052 3559 1759 989 3321 6229 3936 3948 5174 8010 6603 612 19 8166 2797 6067 5601 2648 1800 5160 7223 3762 6904 5356 8453 4161 2318 9018 4442 7750 9805 2391 5231 5310 8140 3280 8731 2866 6068 3185 3313 6692 120 8273 3059 7714 9352 9810 6296 7246 6020 6985 8502 3670 6094 6690 562 8525 4395 2220 8835 948 6312 688 3864 9619 5018 5770 2567 7370 5648 8929 9944 4739 8120 7270 9372 9605 3517 8619 6250 5060 7326 2299 9776 4504 3058 
3594 2784 6059 1347 5904 5490 7702 6366 3221 2889 5464 2708 1269 52 9162 2372 8257 6905 551 542 6693 6368 9987 3433 1620 7558 3009 3606 5886 4219 3545 8980 8611 2218 9639 3629 1902 5267 8569 6439 9798 69 9362 2655 6312 6512 9338 9236 974 1431 4964 950 8038 3907 889 689 6602 5633 9094 6661 3193 6005 9367 8816 8463 394 95 8703 5606 9544 6543 4181 9558 8893 5773 6051 6958 7723 4526 5109 5312 5001 159 2382 101 9355 9309 6567 3770 7299 198 592 5931 8839 6259 8977 1748 1359 9699 
6071 2416 3782 9047 2324 9620 9145 9989 1842 1187 4144 1434 6857 2927 7965 2610 3047 4974 1656 1047 1160 2922 3377 9048 9313 1915 9248 9857 2794 9116 9012 2622 395 5849 8762 6437 7419 2228 3962 7531 1012 3197 7482 960 4523 2084 7224 637 3256 7916 2731 7570 8993 351 5901 3486 5964 154 8114 8044 9336 4801 9801 8467 6401 2634 1951 918 5360 4324 6866 9686 2744 3806 9714 6620 7716 5114 7663 8980 512 966 5152 3258 1704 2862 3451 9951 8429 6585 8818 2543 3210 2064 7574 2705 4198 7613 7792 
3826 3239 406 3111 4059 5173 5255 6756 8785 6845 88 3298 5538 2496 8381 5585 4321 4618 2946 9035 6535 4232 1445 2196 3262 7566 3867 9898 8703 9498 2719 3253 309 3183 6022 961 8763 1400 6097 1618 4968 6153 9290 7421 1491 8433 8259 9540 859 9986 1464 5898 8889 5000 8741 1880 9679 5536 9833 3165 7842 4419 3326 9256 5393 2729 4414 5490 460 7122 4789 361 7903 4449 2837 2434 1439 6076 7054 8868 9878 4287 5305 945 4520 8045 1300 1016 3678 611 765 1459 6521 803 6641 8177 9789 4188 3677 
8518 1030 5381 3791 3760 1280 9913 7054 5403 8839 7061 7234 7613 4534 6546 6170 6265 4077 9316 199 6338 3038 5309 4574 3075 9291 3140 8829 7887 6127 3331 1779 2820 8362 6443 1703 7466 3776 1731 7992 7545 7760 991 6201 9379 982 9143 7370 3521 7349 8053 7925 3230 9912 1461 3162 7161 6118 4327 424 6106 8436 1892 4897 8563 971 4601 7129 1589 7769 3621 9102 9728 4300 887 6885 8372 9716 7063 1594 1975 4199 3993 8647 8118 6998 2354 6444 4296 7783 5575 7061 501 5358 6690 8518 8351 3179 4575 
20 5495 4392 1290 4220 1852 8744 9275 7455 4286 1142 551 574 7740 4829 6879 5035 2462 3131 9355 554 1348 3705 539 7196 4399 9072 9865 2329 1693 4013 5842 6877 6167 4090 6927 679 20 8027 4273 9726 1979 3803 8946 8792 969 7381 2735 6998 2835 170 135 7986 9177 2841 35 4790 4525 2608 9323 6179 7920 6951 6024 8643 980 6485 4397 9299 6037 7435 5805 2467 9502 5410 2138 5374 2223 874 7325 9375 9428 6876 9873 9109 7933 761 3230 3479 1681 8784 1997 1890 855 6749 5066 7196 3669 7519 
281 8540 7051 767 723 625 2055 9384 1245 226 3462 7104 5404 6346 8153 730 2221 9575 9755 4418 8373 2600 887 8141 932 5649 6195 8491 3192 5276 9577 3432 5253 2967 3488 3373 1064 3023 6442 9108 1720 1219 8792 808 7842 3193 4417 2154 2239 2728 8354 4670 2843 2301 938 2933 6947 1077 6625 103 5414 6129 1324 1470 5046 883 7807 2797 9741 3109 7808 3540 5213 4818 3529 1321 8669 3921 596 6666 361 1146 7493 6510 8340 2771 1811 9077 7434 5268 2814 3322 6525 1342 9924 1486 3162 1738 2842 
