78 48
3432899 6345931 3723090 9741636 3195219 6530444 2856617 4038967 4467158 3842156 6299877 8768924 3904295 2480451 8559607 7195723 994049 3464926 6635808 7557709 936916 297449 4232237 9724709 3091379 561645 3817479 1442363 1969781 9360327 7491549 5395914 3247389 561233 4117529 378420 7129770 4296153 9957969 3756750 6389272 9407168 7866943 741164 9607035 4137328 5586651 1913667 
1130650 1009706 5856395 628413 4408394 177333 9730786 1988026 4521387 468607 844855 2929264 6318901 8402093 2720976 7320735 7154761 9212552 8390921 8986236 7898272 3854881 7343919 5376789 5772032 5665965 2759716 8692034 2908369 7689469 6480742 1723595 4195709 5661623 1162905 8068200 4141515 7689121 2246719 6337779 3331542 5330992 7938695 6070242 7445591 3706489 9528420 1833024 
7815955 6149095 1055394 3881459 7822872 821324 8452514 4974715 8092912 8728274 6440604 7882581 8535129 4537939 1635552 5834843 6132724 5170477 4704336 1692589 1485833 3430810 5133039 3453678 1537023 1277338 569906 8323664 8154140 2035595 1802128 2820176 950928 9724787 5810049 9883883 4492895 3184554 3123553 3868649 9496009 283424 8631082 1774030 163551 6952272 2252816 6617379 
6127538 7771540 43299 8681104 7677966 8375280 2786827 5225540 981376 6949889 2214703 6012719 6718244 3340743 1018639 5314460 2879315 7248298 6137906 6334359 6352417 7049991 2306726 8508042 2926246 4425937 3744262 4949840 6701025 5801164 7544218 9809687 7767301 833404 6135068 8205730 6957672 5505436 9416636 5438170 239247 7659513 8736812 7140730 1998017 320991 8511476 2251630 
3085757 2777037 7441718 1078401 4492429 8060812 4028866 4911483 2365940 6137233 9120995 6833642 8992892 620022 9456726 8462953 2508017 4775271 2521887 9869439 6177746 9611546 6543736 9314686 4314438 268881 9026228 2559990 8172475 9817808 8919118 6733016 8891002 7466120 4871542 3697200 8764772 4007607 8614498 2704435 4356307 4838327 5890163 7868678 2375568 438307 7572128 2048964 
4322396 950564 904521 8051851 8758754 1979886 3502885 4014478 5240918 2398549 7335841 9862166 3370725 7161005 4357918 5910197 6640476 6696164 6575193 4835340 4234009 3403917 2812995 5429009 2053009 1088444 9369761 788431 6326663 6733441 868104 5442 3741824 3630803 3647519 3465313 8340412 6274078 8555609 7833207 4474978 7416014 112553 6037482 9277645 4632600 4356189 358311 
5224352 5705506 2974303 2842814 4630733 3385433 8063434 2082277 3925108 5425261 5990270 4883204 3419627 2738630 8361093 503590 4926917 5227743 4137753 7095447 3446188 2548309 7530275 3511714 9222862 3084779 8336572 8491759 8306124 2224524 4496351 1345458 2364111 9916922 527906 1007755 2797562 9280840 4528450 5446506 7178708 5005113 9997368 8709921 2888702 101946 7912564 774801 
8102027 142148 6797342 8292992 676227 3574137 9634631 829167 116357 8076149 2161325 8740757 6019483 2892024 7854327 7083958 9136806 3183710 6202653 9501569 7846651 4038001 2252349 4115607 6433062 8684842 6143916 502130 8760848 9066391 2157388 6008558 6024219 1813744 2690794 7945847 7989454 427464 6622305 1848499 6821414 4756824 641176 4713699 1048274 2273153 6315845 6265902 
4307174 2918059 4372725 4537238 1126401 7060559 3510045 9932689 4948799 9656583 4278268 2501232 8137099 4309443 7570082 6932273 2332262 9265180 2600199 4118607 593158 5752582 9009894 6352996 6921688 337165 752449 3872306 8510591 8547187 2955812 9324089 96103 7477741 761648 5174756 3339249 9474266 8272811 7115357 8508258 1202924 4500735 4006185 2739955 9257173 2274853 1169383 
5934891 2598219 1970369 9081558 4621119 1005559 2725912 6559823 4525755 6593477 613326 2480463 1538795 706462 6925711 9902719 326943 7617066 5315903 5867365 2827854 4988128 5866902 3282087 672279 3460399 8790549 585349 9902131 3697259 7723287 8476139 6578527 1157584 7313067 8734039 3447275 1353418 1376396 9906291 9137369 5847058 3845267 9343814 8998508 3241786 6726838 4931305 
1018923 1632025 8102772 9086567 7816435 8972012 7572096 2848327 1353807 1164734 2510220 8537111 4860951 8378245 5782466 3238984 3771664 5941751 219290 2522055 3838832 9253053 7254989 8797176 4596840 4078835 9109922 8444765 4899758 298594 625031 7605379 9376453 9835014 1863109 7995441 5324348 5065033 723232 1306802 690395 248179 9468634 2257542 3056545 7211938 1278857 6597450 
8503131 673333 8016821 2466490 5564170 5923905 1519124 8255476 50963 9557572 6679708 6716718 2409609 6189016 6657602 1702094 7045209 4535038 2517574 7418198 5485394 8673124 8858183 2506752 9220157 5546838 7378623 6175381 7799374 7223394 4366066 2709967 111102 2539140 8474734 7736546 6204461 6821572 7292550 1967452 6778922 8622516 2074178 1175574 4273057 5720281 7510834 4626835 
3434973 3608185 2764025 7180124 7336691 121505 7401388 3017286 9218224 7886218 4182298 5123052 8208438 8995033 5166811 7314839 4602717 5226059 9955531 4260325 9587896 6181237 8418486 2663413 5832666 9644407 3583960 4812346 955771 9174876 3695672 8831975 8196136 9526629 1450419 8900107 2197827 4191101 6421306 2890325 9020414 5332669 7062280 4294022 8754482 9912069 9956545 4883413 
7264529 5672647 3128622 3280585 3730069 4859599 6825371 5715323 522505 6063613 3583885 5097167 7883907 737539 2899878 6759453 4873905 9228741 190232 6335333 2723946 5771984 8429486 5202920 5680308 9375620 7736460 981360 4703379 1105008 966839 4078275 7258249 161839 6102909 1804967 2438133 7204199 5751675 4691027 7754956 2968701 7287913 4989141 9094166 3591143 7731079 8717763 
859019 2492061 2873983 1165097 5104355 9664720 524668 7231815 8400248 5199113 8157538 2684491 9610563 6896265 353014 5429234 2077690 4686951 6469507 8040499 3724987 3503004 5554910 4141101 5923518 6477261 7103633 324477 6726644 6124217 7526720 7730807 6265977 6606949 71431 777059 6660424 7949997 3896014 1487740 5118272 9592454 7412153 9371163 9194109 502709 807597 5638665 
9769257 2421797 7851440 1816060 4190768 1400026 2975404 7299884 3691597 7222415 9518852 9877420 9491571 2785843 1618412 9176473 3583142 546646 4388207 6424492 6219336 552413 4912137 8318786 665541 1135289 5340935 6765624 7781214 8003899 8766223 4391477 7660884 8166569 1309155 1195788 2306597 2052493 3789061 91624 8767376 2188334 8525731 620239 7653532 520316 8027133 8832621 
834366 7942905 7682550 6121587 8624344 8966615 4819531 3549881 1793925 4725519 1496642 4444112 9273626 7763855 9853302 8321232 187235 5854859 8409104 6611335 6340668 7093285 6644550 4125449 1087559 998250 1221290 6200758 9856134 2146624 6585907 6471289 9143203 6218036 6756323 9575355 4997718 6540520 7083029 9740199 5617980 6538170 4209502 8158290 9224653 3454918 3099880 3835106 
9715423 999587 2730575 954253 5013456 9024488 9125604 1872674 938181 5133219 84380 9963362 4540614 1874427 9501130 7886803 7031129 9653341 2470702 3392247 2805155 3400049 6611051 7619089 6377366 6807205 2484859 539458 8609098 5977857 3640246 9511230 7573348 6407008 9596769 8993246 5360475 5001602 8853137 838238 8903859 2683726 2345401 5738967 9406974 7865379 7811081 5769257 
4624949 1913922 8105441 9052765 89129 3719265 8043244 9434198 8429617 8551356 4020852 6372295 1164821 9918169 7380402 7520276 5707807 2762771 7430654 1329738 1165228 9375990 3794366 8830845 9213848 344716 6665138 8440346 8163038 7925413 4746784 9002120 1047709 3640262 5740109 7576962 5559276 2598249 7378277 4048162 7852542 9425807 9719955 6793686 6897326 9617127 1014843 9163047 
7329948 8413526 5853103 4276782 6804991 5442345 9260320 6391476 9795056 9866123 7296886 9607481 4941542 1032678 9216250 4301696 8122434 8731698 7279729 9527918 9404890 8200599 3324362 5761042 6537417 1674745 2896512 9186672 5577905 1719057 9773837 6187124 5057899 7412024 1763551 4727461 3030824 1308611 9054727 2014710 5833761 705767 3063188 3410394 6284241 7942732 3936176 3681567 
2101305 7161246 7416205 1753305 1567676 2757129 5776445 3233738 5903221 3800178 6596955 8541983 6064343 4469444 8190228 7013940 4468898 9079963 5190062 560844 3275543 1076026 7725172 3314346 6988727 5062842 2225912 4383301 3704146 7750669 6633607 6844608 8337737 3287444 9234780 7864559 8211013 7364255 4332607 3186798 7169545 7977886 5400656 8526621 3868545 4910928 1061173 9069262 
9308433 2787766 4256797 2876568 1029707 9770316 80797 9666012 3702020 4620754 141873 5565563 2574307 5410844 4032325 1130520 806038 8082444 448597 1440420 873614 6790742 4448317 5663670 6377511 5928445 9498611 4889348 5400111 5756235 3870746 264189 3035798 4644730 5718670 6205856 9307366 8819734 7123908 5588636 710131 1450800 499921 3347118 945777 2000302 953321 7586307 
4921643 8606300 676953 334616 95924 6030841 835285 4254711 8246844 2619471 7978017 667938 5942335 2579927 4468986 790612 2625485 1903034 7704137 2457066 4362809 2857773 5265283 9353552 7291872 4288437 7802076 7271871 3476498 2350298 4511732 965264 6644826 8330212 5626701 1906366 4007228 7165683 2890161 6132907 2600702 1008312 5280749 3483223 4978512 5851724 684187 7335747 
3037642 3616863 1625002 6290917 3768424 770512 1732738 7298744 996423 623132 5288192 5364533 1325142 8457276 9788372 5575556 6260998 9340130 4566123 4147666 2891810 6220421 7314206 5870555 5893617 6570236 6504867 6865980 3673226 4235682 6142999 7626285 1680058 3912829 7548893 3884517 4697638 6789686 8772921 8393374 8785910 1476030 1817343 1269253 3149440 9324630 8235267 9800520 
2194917 7790172 7247033 8611115 3045767 1674996 7578296 141638 5216647 3771216 6671721 2329491 915970 9053994 6673849 9866878 6828031 311216 9167369 7128720 8056278 1970700 6939854 2262072 9048264 9591946 9184236 2149292 8174519 9696964 8331894 5612947 3536734 5579250 4973102 7968890 2849823 3995672 1414556 4743179 6739555 6456119 639610 9092854 1400962 7724222 4239649 6378005 
122185 8548892 6393702 1682242 3337445 5677144 661617 6081092 7040595 5977273 887182 4833539 2731670 291439 8197760 9420607 2804043 5819631 5506374 7277901 9494719 2418906 8606457 6832683 5591940 8659704 8910298 3758389 6773231 9786037 4457969 8206797 2672350 8984134 9535552 6148076 2002309 7954659 1970482 6332302 7445409 125668 8712956 4227615 4102119 2244735 9142752 6534671 
7026027 7776245 5671719 7426062 3131280 9618177 5060423 2990036 9387857 7680309 3344819 4096049 3218734 1910768 5424699 6597719 4791424 6455663 5623182 1782013 7963465 778257 2966615 1945647 1337703 9897800 7132591 7338442 8244689 4710477 6346942 1992873 403905 7136573 2247321 9335997 4399348 588129 9830991 8640202 8001042 9454874 1733813 4260369 9554391 6248738 9433595 622632 
4331843 5300332 5599557 2713241 8650755 3664283 2575921 5000427 8975863 2424050 5612643 3548595 1411489 344013 3904855 6843480 5871576 6928969 3631126 2086596 3927632 4325137 8467287 3226344 8319453 2245307 1447182 253976 1396541 6206098 216258 7597309 5200863 756395 6466603 4822468 8844471 9268504 5982857 9464908 5909751 1240848 6050064 6948225 9369240 2120497 501395 2635864 
9210495 4846550 1770115 6833420 1100127 7252306 8742946 5972712 2173611 3805284 3699518 6772627 7671739 4870035 7337225 9346513 1186415 2199458 3665274 1538113 8530600 7615523 1532539 1788974 88629 7704169 5729577 3420163 1949869 7973014 563427 8977480 1861183 4021035 947102 2387249 1492323 8351965 7457262 2334703 2693979 8521545 1216682 5986851 5191619 2852920 5703171 1861368 
4626904 469197 4275395 4599385 1969348 9767888 1703753 4563920 1586499 2184627 9474749 9391881 427660 7101675 3869820 6256533 2965409 1609378 6957497 6136866 8667530 5954862 117055 6005696 1064086 2017062 8518187 649114 3393632 4526647 6273167 2414437 9040312 2550677 6185608 2481645 5075659 7864392 8938675 5809335 4476945 2299096 8992079 8600468 682782 886219 6395848 4600519 
4526336 8762459 738803 8893392 1630258 9291969 4077666 4988095 935807 8450845 8693748 6034690 6196629 5696613 1106135 8952515 7467050 1815709 3926731 1453364 7119411 1810106 9824053 9975397 1583211 3343160 4902652 4640195 9326579 1373765 8443104 7670067 1071423 6678356 1194384 674241 4946331 246468 4034150 3900196 8223104 3080 5664109 314803 2397100 9917170 6518908 346271 
9984645 921395 9636116 4492897 5342593 3172190 101268 9518987 1146097 3871246 429950 1744851 5685826 6523465 7681012 3658876 7420211 3135584 4781498 7638864 5777462 9003097 73701 431127 2904641 6258741 4433508 1966576 1140870 9192864 9028810 1443344 619451 763216 4786551 8803983 1880501 4782898 1462594 4461088 3421233 4190653 7634470 6130302 4125584 398383 9454813 427905 
1610497 9903397 4066062 6221567 9082299 5093958 6011538 3916239 649019 2189485 8172521 706016 2223738 3901330 3067327 8379650 462322 1410987 5255003 726648 4351744 9668832 8193626 8344420 980976 5411315 6255401 6908697 1384815 7728162 153323 6675149 8934090 3138809 3288982 5853137 4961061 280702 2887661 601469 5208046 2622252 602004 6034066 9440579 1717895 2033429 446858 
5121527 620368 2225740 702952 465101 9079282 8119017 4992069 4125419 4607159 2066225 9811551 8636554 1935249 4548514 8816561 9655578 7120605 6674650 5110994 6871503 7901687 6804980 3507681 6115006 859379 2918816 4102437 8361822 2182019 9235754 2076721 240925 5810408 8692877 8680967 1294460 3013237 6452513 1712031 5658332 9439790 8391409 5602335 2568942 5556412 7601969 8706459 
4399872 9007268 902984 9071258 4933592 7930487 5928423 9976745 5112481 6106259 6006662 8844824 5196791 241866 7734140 9782916 5305950 4847385 5560169 6883031 4212932 781699 3008024 7775704 5417262 4365694 2162626 3878031 1280179 9513263 5615209 1926398 1869607 6451799 6351733 6692877 1523006 8620434 1385621 6128454 645289 1503259 6323908 4857941 5798260 6035100 1829314 4906296 
3905744 9353271 6937601 828914 1551616 4718207 8632377 4019843 8649673 6981793 4204279 2719928 2768977 8465388 2011862 3299206 5922620 29651 1674678 4622322 7430323 3460448 1622836 5101311 4960615 9297466 1192153 8224314 236216 7451427 810520 5213016 227958 8125191 1259384 6644084 7582754 6195743 5801886 4674212 5162709 2092964 4607250 638628 9501243 2931735 7122072 2272143 
5912920 1578554 7160471 969998 4896751 9558191 3047280 6045253 8514963 307141 4704831 2977875 7302023 6452587 7999702 7336202 1969476 2710566 1414400 5811459 6720415 1917077 9227576 4060884 5895214 402125 4915737 4481463 56835 9753238 3419639 9778588 4812643 6864094 6130615 6206044 4259305 9890118 947173 7841798 6295775 1214318 9053893 43915 5174334 9736986 6362762 2556569 
5869461 6839218 5765260 6579858 9131985 5447592 58804 6249412 3750345 8812751 5162996 3593081 4048229 2459657 9241914 5427402 9837338 4822355 6624316 4116969 6532346 5372733 7526239 9018374 7897881 2541435 2705827 8519714 2934319 5923336 2896505 5342296 9875668 170097 7959012 9847982 6362688 7311855 1314773 1358723 8440283 457296 9012005 7862417 9133605 2170243 9005698 3982251 
5494066 9656545 8530739 9658270 612641 5664777 7963337 3421759 5874339 6130983 9501047 6482685 6503269 4555081 8994676 7642425 9520386 5645693 2026454 5955013 6816899 291085 2958892 5823459 7816518 4843645 8010122 123554 3159336 6820176 7781759 7222995 442923 9619994 4143930 6450690 5418451 5702490 9939184 3277164 4458448 4307603 9958467 4090666 9982406 7274726 481827 6458174 
983603 6572059 3925846 7696332 5187474 9744026 5313411 4822708 3810072 3688625 5518804 1778823 9463055 2316572 1031534 5752753 6307199 5655295 9072829 4781892 9005773 6499635 4979645 3357835 7204865 2400423 4283082 6730375 6426719 7509776 5442225 6421595 9227173 878164 5151093 1868215 2136147 7786432 399451 3180460 9754049 9659394 2002389 413914 3295794 656829 2889209 891269 
7711477 5474716 3635450 4145215 3657969 4498886 3586692 3009509 1709039 4325089 4438451 9268789 5955296 3593557 2962049 3440180 287891 3245555 9691145 840769 8797364 8123029 7781294 4468000 1509985 1564185 3491037 1374360 5984291 8854421 3380477 6822373 3187260 6547646 6367237 9428048 9750082 3182847 442474 8869022 3894640 1540026 7502351 2624471 3600667 5762103 6993837 793185 
4266726 3051123 4962025 177974 3690828 9231170 2256346 7316180 3318438 4742614 1968701 5628586 9652073 8283867 9901746 4865303 7175921 4944259 6094588 6486972 3112416 1651987 468105 5117759 9084080 2535988 4348008 1931145 2422302 8481575 1850455 9860537 7989235 518610 1970027 3516654 1903282 9176447 3488084 6774441 5806737 2365673 7537532 7609658 1603306 1379290 643953 665488 
4330347 209 3442360 5607106 81088 477406 5696966 5628967 677790 2353809 10875 5219424 2692383 315491 7149414 3045194 1311216 8956267 235274 8017752 6977660 9408875 5668859 7419048 7856006 5420881 783735 8461629 4791191 5644775 2183279 6084928 6240523 2640810 5009063 2943829 3939361 3842672 9884551 7107763 3142109 3253416 5043156 2041702 5107471 5904537 7628258 7355321 
395287 6218521 4687820 3578951 5933571 4564586 3446726 9083507 3895928 671424 7142216 6028787 8734923 6700773 5519757 7224763 1205375 1179494 3961321 2724558 5888908 7791797 258726 7720483 8716572 730764 2884358 7803062 28731 895064 6940738 1924626 2226620 8211341 7197324 6129367 968505 4345599 1428720 5696433 4030278 2122034 8838828 8413101 1765114 434778 8806123 3759946 
9837238 3455161 5468027 5546702 5108836 7389740 3506294 6033589 1365408 962489 2532004 2703439 8453670 6726740 5435646 6484846 1212611 9143060 3729194 3605995 8761327 70841 1508239 7660577 2613302 8998233 683736 7357167 8098780 7397321 7466648 979205 6554590 1559345 1256281 134142 1074568 1754088 783651 9206646 5602356 9083493 776352 2279309 4784771 1944670 8697506 9806274 
5153460 1127788 2662664 8535565 3492996 1064064 7869815 7934061 202364 7872710 7535998 7806424 9335133 1249548 4216724 3701179 1531890 4630738 5211438 987558 4307182 6067712 7650662 5075858 4352115 4599101 4013164 6420095 861422 9635229 7334930 7137669 102815 5638182 4813686 6396177 5857322 7654234 4209003 3772459 3056015 5563329 5566786 3989333 831264 1541327 4553046 9751035 
2058560 986273 9363465 1824581 9623382 2695519 3859205 2273599 7012247 5107046 3141864 667080 9603333 3748373 2117621 2110926 9796513 2360291 2720373 7417406 3820842 5621047 4107239 3042807 1969188 7141164 4630988 5599171 4446873 5404716 2926697 5434552 5856497 527751 6914036 6042452 5105596 167421 5744841 9603333 4021905 4031679 1990077 8303578 1924639 4288371 2714558 3017200 
9588060 5282371 5037878 6948088 1165353 3331352 4352513 3767425 8085024 8603052 1053034 93265 1392610 692466 1522436 7520310 6721465 2724511 7050956 464067 793523 6101480 2182174 706593 7304054 868758 6980775 8425098 3863424 5813905 4840077 6055893 8337869 9895709 2610037 4449951 3903304 1588844 3402657 7528125 7732644 8783191 9925095 8669416 7946966 2771205 7392853 1412621 
4770660 6416562 5884746 9922567 6120636 8481791 3324166 7793373 5658222 1982836 9494542 2969595 5303612 1222604 8309889 3026272 883266 8489819 4036490 774181 2969243 9816525 3204061 6797075 1289558 8998451 2349692 9707566 3427985 2419564 3480040 8677574 4189634 3976181 5385739 2053662 6510449 468672 9475458 2243798 1584491 8850625 733206 933942 7234238 969125 9634471 2429600 
7247458 5489845 3660302 5308841 3460823 9274248 4050324 1872164 628058 1233426 1870824 5919695 5272411 8782690 3775697 2768940 3385134 4780153 4665493 8011079 8383708 1427123 3668236 173612 6452687 5863673 8383691 1689502 4127119 8892066 232396 5166732 9052637 8774625 1569454 8809538 1902841 7347865 9646244 570248 3783415 7481884 6122448 2783320 6929632 152138 4421376 1552225 
3307514 4920809 781404 1925535 1971806 2003228 3211824 6820359 6484269 3194497 7042446 2069896 2196018 8112307 7715009 5316962 6527916 8190679 9512000 7217732 6214470 7909904 2606861 5583409 6775949 9750341 4881954 6327150 3859427 1497315 7591526 8520472 7659789 9872953 9771702 9279633 9085918 6868382 8590753 6519413 7093579 7289073 1974444 7581403 2459976 148162 220023 573530 
4880441 9288948 6995341 1006312 8167933 7681050 3302436 4942386 5571373 8047141 1408192 4293060 3717296 3478674 6083133 3085444 226968 9828354 5570372 9407048 3910987 5846545 7495184 9116579 9169568 5314791 7230969 5577941 8131799 4692285 6755602 5057622 4003452 5425601 9378851 8826664 4866680 9120859 2826961 2614080 8558028 4618775 1964140 5106384 8681777 3453964 9816224 2084440 
8010358 4172591 6014401 30133 1832811 9646141 4673831 8547006 3520811 8277166 7746966 805433 9053753 9601546 2798492 1464044 8971956 9994195 1250391 7786463 9813499 396510 3301335 5222421 8879963 747699 3886618 718203 5961125 6162835 3149447 9559934 7686633 899981 4070375 4835348 6282523 3970472 8548133 333681 7573008 83176 5583215 9392947 9813460 2932098 5559909 9031961 
131079 9640538 6384637 3527273 5663604 7374255 8946315 2387938 4052101 3245561 7784477 6391034 9628806 4214637 8758341 300702 6004268 8593165 4361529 9715308 9911232 1485473 3639857 8124566 7095198 1262927 7813010 7492635 9952204 4344130 1847049 7168937 4968767 3743831 9211802 6950880 4077624 7951058 740600 2758041 5361584 3946238 8318248 8762429 6362171 2823578 8550088 3052872 
9311299 1153225 5249533 7669842 5387758 7530905 1585555 1260789 9768353 2351155 7680424 9820083 8665983 8308882 9192399 655466 5788447 8301589 524495 414038 1999463 6870382 7465228 5919587 2924342 4779829 8614818 2170959 7741465 6837002 3773213 1580629 4081024 9570959 5422420 7219745 8166184 1082938 9126084 8319690 1833539 8926545 6720407 1839169 5831613 6218593 7513055 5310413 
9832902 4539778 9246852 859363 1966563 3070638 3478139 2718799 1474979 566342 8517341 5782563 8708158 2688655 2639499 6884131 7592575 7986279 2530188 4535007 8703672 6892379 1989455 5472017 4798966 8016358 2962938 4679802 2413003 1630090 2121528 425177 7069607 9831791 5889905 3269266 9732694 5375144 1953035 8200240 6967310 7740664 4123492 7591120 9790285 6844443 9284535 8491746 
338928 3404510 7831092 1536190 9917903 9180522 2627809 9405568 9206171 4518011 5268085 4118511 9790448 5520026 9967339 8349247 3696966 3679355 1041251 6799322 3133983 424208 9879142 5881791 3068002 8404382 575773 3608894 8850919 4037864 5110996 8361147 4941125 4359451 5121459 9731845 6146972 987495 9116060 4986178 8897779 3951226 3451117 7164596 5828562 267356 5252812 3389706 
5575951 2388644 9966152 5608517 6269151 2583052 808321 2648705 4527483 2964237 1540517 8897065 7677613 1651347 4762523 4111537 798028 9176488 228370 6717245 6385359 3269818 9853287 8029574 7349349 1597081 901755 1726753 377485 7283492 6071820 6355636 7182058 3392596 1584480 6343574 4110056 6966418 5556431 4481001 3489995 7351393 1978691 3726734 5278860 3800450 2684075 243467 
5220023 5866423 1080830 4558525 4699453 5506533 9662770 9871887 7591595 2842007 5662928 907494 4587597 6962259 8193824 7367490 6533752 1827970 84018 8891001 745428 7778270 9778992 2094483 6505709 7775816 2246592 8928263 7428732 1730776 7541768 9149944 4284776 4295056 8147545 5577826 6763296 8799328 516360 5310373 6346583 6906196 5825147 6837638 8911282 4142362 1018292 368906 
7476745 9531203 2951016 1048266 4231227 8209642 7803780 2954210 5914117 8618931 4477813 9219665 6440327 9814483 3203412 9398938 8929132 1679706 5274715 4527325 8770105 4186896 5232725 2553796 4079086 8714144 3274537 3733836 6006201 6637434 9898501 8653871 4701497 3728847 2752098 1810682 232860 1809093 4553490 8261613 123450 5293226 8002453 1425784 6638928 5654914 956726 2389534 
9418213 7527763 545609 4942726 9904782 77630 3330283 5802820 2665630 2159216 4832282 752065 9797311 9442913 4683639 8774673 1574256 5997519 4949819 8967274 6842992 7479925 8337223 2443974 2866597 2337541 5846236 7095908 7970324 5751436 3905453 9867422 9428347 9146460 3840399 694713 5142712 4219598 8026497 932615 1596924 3410437 6460882 413184 9195607 8333325 3553618 6698064 
5210551 3081555 1390799 4129411 4795751 6203811 3067159 5688798 3811407 1942004 4916683 1826700 2346575 580883 196093 3252206 926094 1367522 841720 628663 5051612 6170209 2676856 1878681 2271290 9273325 1435851 2604865 7543593 7965027 150898 2678679 8073642 1517488 1240720 6417653 8556622 790715 3357491 6269719 5206267 2967335 7914757 3430236 9685937 8452518 2247367 6524961 
186385 5876850 7125344 7652382 3417014 9228401 7136473 1056794 4795442 9044130 9384787 4108715 5116268 8216200 4481573 5440409 1205590 6208777 8920242 9912329 8445943 2936430 8652271 7962946 7503427 5009992 4064234 2324056 8120247 5930532 9115705 111778 446910 5901323 5516572 4756091 84514 9436137 6581093 7750494 8307227 4813515 471980 5520321 2334677 380346 7717091 1362461 
1326522 9798610 3086916 6065463 7076420 8458244 5034625 4542687 1117001 4873705 2620093 6690785 3956715 8855892 4227024 9346704 5664854 5113724 9779065 3802150 8265186 3493887 906834 595382 4783668 7107091 4270151 9080413 2253091 7563159 1803122 9095935 8185557 2352094 4256981 2042559 5280345 8586789 474943 4509173 819944 2620726 9873599 4644072 7119926 6137111 3065078 497716 
9711814 5096248 1776595 9229059 7517677 7479843 1959469 6849849 2684068 3061787 1958991 2092143 9876657 8057818 143577 489965 3710230 5165911 8667157 1534011 784068 1611056 8451882 3414552 5239013 2685899 1720267 5141138 3809425 1859333 9469438 8326802 4818410 3863630 1026364 6320342 6487031 4840591 4705369 1250631 6933019 3763320 5566851 7072048 7346043 3974247 33403 6382819 
1676195 2770234 1631403 6336120 4291642 4692178 7801904 3715613 3220824 9861085 8359611 2968566 2505351 2807356 6962509 5176770 6924011 4190040 6199654 559438 1253993 6763307 8385053 9430982 482564 3405241 5672794 7026382 3087980 6687275 4397373 2905390 9653206 2429041 1103036 3231226 1828238 1888 5164607 2781771 9512782 785672 8520212 3341623 9421831 1524290 7355430 2048080 
8428369 3136696 8618243 9507052 609277 6968734 4840478 534630 6647115 6787856 9588192 8868462 3400982 8420094 7464466 9050222 760559 6052923 9350386 2574551 6710790 7400637 4312954 1202019 9627506 8250750 3104298 3185323 572046 2676000 3131802 9072517 8336869 9963979 6599757 1439472 2188239 2310537 6419925 9416004 2445099 4857232 7824744 2842509 7918629 1834871 6121728 1554986 
464573 9268427 3156331 6512649 2635055 3998529 6568636 2450722 7986544 6114812 338133 4543037 5772341 7285840 5832452 4008523 6850189 9507808 5822742 8985268 8374080 5016623 9431098 7377387 5876852 5399826 1157591 6952287 3230017 6123221 5020214 7052636 1442303 8858382 5314855 3755357 7124114 6403164 8123462 1768937 3591687 5911095 2341778 9099911 3745786 8631738 325429 2762366 
8198976 9382982 3559730 6309073 4611087 521186 4283167 4003083 6617391 2969269 1081020 8228471 4334145 9290656 4036922 4631843 6888699 1258914 2890641 1427662 7131961 3102488 3752657 7988762 7842915 4839782 3695814 9892263 2125464 5637296 6546257 2191311 7207080 7453764 2364121 1413343 3562779 397112 7627635 4122671 6913626 7292186 2674121 2866817 9845488 1768286 7448236 9215690 
7706256 6306262 3886318 9594898 4228235 2044931 9912216 390875 8052572 9461350 7342808 8831865 7521076 5632925 5082517 4979408 5730655 3040567 7055945 7365566 7272513 3120332 640972 5579485 427990 3545193 7781633 5315430 1511934 9371828 8296151 8911101 1389510 3578419 3338670 8579692 1943961 1583620 8367466 7879302 9298393 2531911 2454347 3980362 2538401 1191904 9285890 1775375 
2067080 7785715 2626633 1259209 6194400 1601640 6519446 3551305 2519603 2766962 7643526 2706025 2305943 4750733 677031 4360939 2362503 2575048 758183 6804127 9394894 9088711 5193714 5241844 5820489 4781226 6302186 4677372 562099 4163377 9837213 3383573 2366661 9284970 9997229 9577838 8302727 2383122 6046931 8650177 525842 1461754 8949010 9955984 6922009 9611472 9070235 1599718 
1915781 7064896 230342 6924971 5156307 7825710 9497551 3967957 7718750 3321498 4593517 9837643 7353430 111259 4993874 3202972 8685538 8456868 3865778 681668 2088252 2404898 4562434 4418635 1782273 1636406 9935275 3359509 7360198 5322497 4888019 7582098 8344425 8059265 5991356 1728635 7238700 8012943 4483535 6313740 1144572 8736479 860920 8396366 596494 3018508 5021312 8003941 
7516319 5495688 5411890 3835419 1167224 8268020 1678079 8861162 3372370 8067088 307240 4359077 8312201 4492437 5554138 6510140 3668220 3026593 3393498 1690298 858258 1410462 8035584 4407643 4567066 3359167 7339446 5319248 4973948 9155634 5209109 4944843 9802211 6855526 7534905 1072902 2958163 4233770 8072422 453123 4110970 6196595 7274351 712418 23963 3839853 2965276 6870862 
8759975 8799692 9170422 4825990 9207455 3185655 204820 727463 3550787 5219616 9543562 6425766 5089142 4388337 9691976 9258250 87761 593491 6120252 1262637 7929459 1749435 5992169 4827955 749797 5004088 338308 9439128 5616776 8418775 4953854 5299579 1242372 5655607 7670657 9890532 8257999 6469186 248437 2015590 5213532 34610 2418579 1196385 3273847 4735330 1649806 5085289 
7559664 4670083 433209 1810244 4175954 9615804 1306123 5158261 7350849 3897792 1362591 7956680 1549013 6896404 9751564 379400 2534720 6863962 5384524 4577882 8647560 5002845 3437662 3700236 7315730 4313396 2263358 67413 1716505 5049577 7885303 1809577 4231059 9183345 4800099 843850 1729870 3637103 5439549 6313864 1140140 433544 4668966 3747258 5314067 48210 4925093 9672123 
1425902 6911840 3392672 4101150 6258329 9989698 5725451 6314215 3941069 697672 7715921 6953536 4710551 7525790 5246423 226821 4377877 8346042 5172732 6047221 1687984 691413 917712 1273381 6097552 3861203 435218 8909837 5517089 1436262 6041465 9386422 2616746 1214884 1897203 9220583 292818 6636438 9198042 9685482 9576387 9240147 8048397 8311977 4070897 5227449 3604291 4774321 
6596043 1783845 1928100 5883030 2626225 1098830 9188165 4010592 1623036 5611598 1541097 7433979 7667694 7844631 1854009 4424781 2991479 1883781 8452702 850678 5997506 4383338 1320461 5422879 5584680 2454595 7099158 7063993 3672520 5712127 513443 2033819 1445981 5041163 6798508 3209409 6446639 476467 1125251 6181362 3681156 3038120 7002114 9786065 7980435 426073 9948694 308395 
3200280 1892379 8531315 9724069 7507231 3765671 1338029 9911654 7914215 3614470 5815665 991856 6805439 7194798 8858059 5228491 3899613 585501 796880 2204826 1770493 3596102 5537215 1842919 9544798 2189113 6475048 1779287 9786104 6175693 1216228 9991155 8553662 6884392 1465572 6343484 3881023 3730211 1328792 3913626 3616451 4498863 2634686 562745 7523924 3333707 9165287 1723374 
