43 32
1778 8225 9310 8022 3080 6067 8819 668 5268 6581 4961 5186 4230 8812 3344 5556 3843 5053 5282 2360 6121 817 6971 9050 7159 9763 6871 816 1317 9408 8818 9356 
4777 336 6460 158 8889 2255 3100 4628 4981 3365 9542 5936 3270 6731 3076 7914 1304 984 8634 3553 2057 4518 5707 2567 6770 2714 6781 6507 3330 2249 2194 8995 
9410 1739 5403 9478 2611 6222 8247 1518 3179 534 4444 130 9350 5003 1354 9056 9447 5729 8767 8969 6359 6584 1524 7927 3609 7183 1642 6674 1438 2936 3318 4046 
1819 3302 2425 197 8087 873 6263 8227 5814 794 3956 6198 6820 6710 4635 3925 9592 8818 5950 7197 1492 910 3014 3696 353 4836 7211 992 1972 5808 6545 4172 
6351 2894 2439 1384 3074 4853 3119 608 4526 3128 1598 4644 7414 4823 8785 4041 5739 8731 2892 4687 1884 8566 9791 7617 4031 9674 3882 7722 8796 7800 1102 9646 
9625 7507 1273 6585 9797 3593 5213 8140 3882 7770 5590 9338 3134 7028 3801 7842 2147 944 6197 6223 8670 5280 7414 9407 4077 6401 8420 4510 473 4368 4777 4065 
7371 1424 2151 379 300 8708 4976 8210 9933 2915 4548 234 8213 7852 1082 2316 3361 4251 5542 945 3822 3112 7639 9700 4664 4657 845 4584 9533 7750 8547 7766 
6056 6966 7717 9315 7427 5906 3268 2085 9498 8886 9795 3325 2229 3652 2739 8664 5866 5632 6934 5014 7294 5124 5763 7591 5354 6065 6049 9705 9735 3524 1576 2172 
2911 2799 8054 5701 1933 6734 9593 1709 6374 7065 5108 2737 3908 9970 5672 5239 9504 1070 1997 4535 8910 9048 8276 5285 1091 1471 8911 5811 5044 1253 6238 3127 
1583 9501 6560 45 1667 4710 4695 2301 9219 2437 1823 8196 8975 6123 7264 1596 6669 2744 1489 9103 8292 4174 5600 7572 9139 3647 2768 8872 9466 6355 4395 6436 
3893 2337 2714 9031 7066 4433 32 8798 1679 9618 9214 180 6555 5102 5804 495 7306 2110 2573 2260 4429 1183 8178 8006 5264 663 222 3885 415 5152 6734 3561 
690 1718 8692 9372 8631 4256 4674 6184 8075 1104 9875 542 8392 2259 376 8646 1971 5232 9916 1745 2560 237 3729 9087 5778 3444 2404 3051 6474 9212 9812 3705 
5017 7539 6263 826 5554 8205 7535 2859 4583 7643 2779 5706 4075 1430 9912 1046 2363 6851 8419 9471 4640 3372 4884 6951 9453 7889 9933 1497 663 9008 154 1842 
8178 6087 1203 3624 1436 8281 8475 9598 4550 2419 129 1091 9545 9156 174 565 3475 1483 889 9328 7634 7810 5293 1773 1343 2963 5490 4500 1223 8505 5280 213 
7174 1915 2631 2819 8102 5754 9388 7495 9958 2213 8753 1939 4264 1846 4051 3841 9749 6773 8760 6553 6304 4048 4903 3579 5098 6528 3523 8759 4196 6121 93 3524 
47 5231 8074 2315 2536 6264 3849 6515 9826 8397 8165 2104 6822 8552 4661 6856 9222 5305 203 8048 259 6799 3406 6207 3119 278 8241 988 5054 8945 8822 5719 
8078 8163 5801 2673 7957 7733 4402 340 8695 8187 2762 1252 1164 8186 7922 2260 3286 3559 382 2108 8896 9575 4918 6913 2417 5312 1642 2621 6888 4231 8644 6392 
1142 831 4700 5863 2576 2311 7728 294 5990 946 1133 1255 4531 8255 7969 4185 5021 2031 2874 157 8025 7476 2415 7370 7010 7283 1110 1886 2911 9028 7637 9928 
109 3188 9462 8969 4836 8791 4445 5475 5625 5055 1349 1840 7337 2182 5080 9254 1719 398 3748 1055 4741 5514 6207 564 6500 4714 6407 7869 214 1431 1253 1644 
6573 588 9712 865 9959 661 5934 3695 4793 445 2531 4832 1189 3918 9663 7390 5477 1979 7305 3763 1355 846 5544 9907 9903 3455 9626 5161 1863 887 9818 7464 
263 176 3620 1099 2647 4168 887 268 5192 2210 9920 1648 8748 3766 4326 6067 7221 7755 3549 2943 4144 6539 4272 4474 4854 8805 5295 7358 6500 1222 3869 9524 
4980 7885 3411 3348 4938 3753 9187 8139 2537 3459 9663 9456 1256 7590 7333 1572 4426 4353 6048 6727 8523 9412 9550 4518 9522 729 9460 4013 3426 5767 359 8940 
883 4818 2846 2411 3710 223 972 9636 833 5014 6996 9373 12 8418 6635 9158 2608 6886 250 3229 1271 5775 9309 8749 667 1295 8677 1645 2738 548 7640 6327 
1820 1399 2505 7040 3791 6190 9703 2990 6832 4216 5384 3662 5933 4194 1085 4516 3533 3423 7144 2213 903 259 7239 7103 3410 5977 7851 1704 4439 4090 7099 4178 
7574 4475 6566 1626 3333 2451 4983 6330 7132 5723 1023 9704 1402 659 6920 5318 5435 8321 8724 2576 1297 7079 1850 3262 3970 2708 5087 5366 8796 2828 3848 1227 
9592 2871 3561 1508 8121 9343 7763 3944 4008 6267 1402 873 2234 4775 6807 9587 7564 8726 693 1958 4398 402 6076 4351 5004 3297 5491 3131 7567 8295 4490 6455 
9263 3919 6347 850 5953 3772 824 4399 5411 4749 9819 979 9025 2957 275 5111 9106 2908 3516 8042 9671 4130 3812 6539 2972 5758 5155 1566 4293 1525 8374 7102 
8591 7726 9932 6928 9665 1610 440 5232 6627 3433 6602 8913 5740 1086 740 2897 3359 357 8496 5064 3939 7845 6005 4872 5818 3512 3517 5851 7799 1928 9986 4794 
8660 6397 5154 2459 3750 3341 702 8260 1068 576 9548 4402 6098 2131 8294 9364 3514 2326 8999 2668 6193 3297 5665 6570 8786 7888 4769 515 8099 2642 6075 2410 
828 4868 1723 2239 6547 8580 4835 6458 8028 698 2786 7465 2286 8009 7414 9330 4194 9919 3780 3967 3454 3816 9085 682 255 7617 5168 4608 7952 4833 8088 2034 
4803 4052 8743 1100 489 5764 3919 45 3808 4582 5252 8455 9916 6257 9757 1134 9322 5637 8497 1634 2563 7412 842 6686 4158 5091 667 7978 9293 1372 875 8675 
1691 4254 4544 2576 4878 9995 475 9482 6385 5318 9304 4699 3633 1328 3275 4786 3875 2671 2762 7781 527 8591 7933 6780 3944 3182 9392 3008 5286 2912 3885 8581 
6795 3339 9064 2209 3531 90 4753 1394 5050 1970 2289 2161 2348 9246 2780 9837 6271 1611 5268 365 9183 6516 4057 3549 4295 8198 4160 6844 9644 8043 6834 7584 
8861 4074 5710 4325 4360 5907 7901 76 6914 1283 729 2667 7613 2425 4883 7506 4372 4256 8460 2351 1281 1519 5328 3173 1325 1932 3138 7460 6941 2544 6258 1635 
9477 9514 6412 109 9339 4115 1101 1010 7698 8345 1762 5093 6006 3466 2832 5294 6765 7196 7784 5616 8687 6104 2089 2106 1411 7266 986 7494 9790 1507 8361 8856 
4027 7654 5739 3646 9393 654 1234 9213 6791 3321 4599 8544 4873 5851 4198 8282 4794 5035 8241 7641 2147 3633 6821 708 7195 8863 5644 8851 8914 7280 7910 3687 
8669 4622 8122 4781 6511 3982 390 4454 1204 6261 6107 3551 6179 2995 5515 4296 636 8672 8272 5975 4512 472 488 3714 237 8359 3981 644 9359 6188 6125 409 
6179 9033 5597 874 6375 6701 36 237 8016 980 3397 4989 6189 6205 6052 6507 2884 2383 6798 130 8245 6548 1759 3098 3612 3063 4647 3758 3839 3850 2309 4297 
10 8865 8198 4890 1117 553 605 9881 4125 5246 7686 2781 2297 1117 8476 8764 5441 5798 7433 2653 3142 5927 7640 5474 2460 3550 2628 3111 4171 4290 7224 6916 
1184 125 9438 5746 556 9986 6353 8276 1122 6968 9457 4708 9634 8172 2902 3895 7986 4409 1106 8688 5862 5350 3913 4345 292 6550 2506 3390 7682 9135 2441 5452 
9986 1126 2687 6965 3014 921 3001 4766 8996 8831 3882 2548 8219 4413 7912 6654 3386 4653 3134 1531 7031 4892 5993 6037 1506 4666 7692 9012 9452 6068 553 8709 
6945 4554 9182 7682 7700 6172 132 7488 5112 787 4240 1542 8358 7183 2541 8635 6865 104 6154 5618 6321 847 8714 6897 9766 2539 9190 1270 8711 8631 9016 5839 
1124 6280 3511 9457 8845 2222 438 8188 2003 3627 3962 9513 1559 2003 1759 1702 5744 9256 1614 9476 2441 2286 9174 6764 5456 8779 3686 5898 9926 4344 5123 3807 
