15 51
88 66 23 28 69 93 96 37 23 6 34 70 18 99 4 76 11 67 96 50 37 77 26 96 89 72 29 80 87 24 15 5 23 8 84 20 76 48 56 14 18 97 29 73 99 75 38 28 65 23 58 
72 38 96 72 57 97 1 68 28 42 15 71 20 31 21 90 84 61 20 55 59 21 98 28 63 83 21 71 79 72 54 61 83 49 61 20 14 34 79 4 81 79 71 13 2 89 69 14 37 79 56 
86 96 87 12 42 67 80 15 14 41 1 99 24 86 89 89 4 23 32 91 10 71 83 50 98 69 31 48 63 62 35 56 38 16 10 39 69 63 64 17 72 15 9 48 29 45 44 10 71 96 17 
92 60 46 11 87 15 0 44 92 27 33 98 49 77 46 52 1 40 55 85 56 97 52 82 93 21 96 64 10 25 94 31 44 26 95 75 27 17 63 65 1 32 2 16 93 86 17 3 4 16 54 
33 38 86 18 36 25 7 35 92 44 2 45 37 13 46 92 4 81 73 99 92 85 23 36 46 0 72 36 31 85 86 46 64 34 10 79 76 78 28 34 55 79 27 60 30 68 21 73 24 18 67 
75 58 19 8 75 0 16 2 3 52 17 24 63 40 89 82 29 5 80 9 62 16 97 16 52 9 17 69 53 78 24 96 9 42 35 60 6 16 74 45 41 52 82 84 90 16 26 9 1 63 91 
23 64 61 57 31 27 8 34 2 1 55 88 17 78 30 50 48 87 85 10 3 15 16 18 30 35 65 97 51 72 74 57 85 26 23 1 63 29 14 48 42 20 63 32 21 23 95 16 62 6 81 
87 66 98 80 20 12 23 45 67 90 89 24 63 90 3 24 62 32 22 48 26 7 82 92 12 87 52 85 90 97 4 43 40 12 61 62 11 36 66 27 14 16 2 82 50 44 69 17 61 88 22 
91 96 72 47 39 78 58 45 76 0 95 47 17 70 65 80 11 26 17 87 56 0 69 86 39 89 45 76 63 33 32 28 16 58 65 79 26 22 10 67 10 49 72 44 66 35 52 27 21 51 97 
68 28 82 22 31 84 26 48 54 48 57 21 77 37 68 96 11 59 19 24 87 59 74 65 12 50 4 93 30 30 72 3 79 13 9 93 48 20 91 70 73 30 84 19 19 82 10 21 19 55 86 
65 80 44 46 96 43 79 19 90 24 71 5 91 29 64 46 86 27 33 16 79 99 68 95 92 36 50 10 88 94 52 57 54 3 5 89 69 48 65 82 23 20 10 88 29 31 48 52 82 50 21 
25 29 59 94 58 95 35 55 81 7 96 29 98 51 56 24 65 61 58 52 22 12 86 21 25 5 12 92 59 22 29 37 83 9 37 91 92 56 99 98 30 17 61 38 3 67 24 49 41 84 58 
52 95 14 4 62 88 81 57 18 28 38 80 95 4 42 0 97 90 14 64 42 96 37 99 30 24 68 1 78 85 22 5 33 94 44 74 6 23 29 58 82 43 21 54 53 52 2 14 96 67 15 
71 44 98 44 97 94 85 5 79 2 76 34 19 4 60 18 22 35 52 5 17 4 51 42 22 70 95 52 32 80 1 48 21 4 14 0 23 8 20 51 18 44 66 39 85 39 76 40 23 92 40 
96 38 7 4 84 72 17 35 20 85 17 20 31 31 91 20 39 99 0 74 97 58 59 81 71 67 16 10 5 70 51 43 74 47 8 54 67 67 29 47 13 98 18 40 81 92 35 42 43 8 35 
