80 48
170846892 321214915 839889011 939809853 789020172 148361338 781019946 802165172 126317640 709165137 391013973 415244189 780220364 162018480 323126046 828160010 334384301 773196252 454918967 648662458 504950919 700166771 719789927 541492403 934332235 746893507 235264113 622993244 312294951 376259886 676466644 286649050 334546291 959503401 462634544 916077543 969417022 784319025 925647122 315647179 63419898 801063007 252820684 499082439 505462735 813441655 167175946 798377420 
753236550 706422414 800271954 107966469 252233218 218826340 882678341 700476100 941818075 533866857 991578640 555656192 939304293 733978601 711925041 985637637 145700983 639422235 946901375 934034555 72425134 512370287 857139503 864646615 287711061 154464686 426868917 311362388 66682005 206113507 58167954 874590861 762043126 678799592 822062699 925370046 301220709 697248467 525726613 310111580 410249546 567204560 545072371 570889298 351955683 632749964 507153687 115531711 
965918590 324703303 702111493 607274113 197513473 487547496 853944490 274474963 104530635 917233790 149271707 603521387 319633356 321940731 465338880 868583080 216564371 674770268 154879896 954523861 298312380 609501855 450955347 317099421 611444442 978911544 417051440 791819495 836100275 506200029 458325737 617405600 599601917 190785553 27489385 983857369 628259582 984414655 738053545 839225600 769655905 372243320 484582889 578372444 735003987 136845236 526741516 650041462 
649723950 58655745 307654369 744873046 355363448 166431642 436032310 262777331 163966777 511798967 386552188 359237399 706033057 845707561 636963106 787361704 935098352 344608365 579200641 652656605 513661705 837149613 583773464 405636089 646031539 250129522 91310136 307622325 923174942 32712062 282044610 173874667 670731998 98195268 349498620 21587761 818320101 972162863 15836617 460884873 658414584 560756245 158959992 368723150 137123743 560537808 566020855 737680575 
147906069 596142411 845266985 963090385 441104336 753239664 55875628 72306616 497625754 14145425 534485215 543266654 831987600 369317651 573831450 423336699 380143478 44408085 3105213 963800309 441347542 895816968 943883227 148914599 571963223 648208864 667421533 533888522 70577047 137276855 972408507 692954470 945453731 755797327 506070935 19698414 574311386 137169922 688163518 284655077 546357208 900361793 933160127 100667246 885990749 185858587 638083986 27302091 
934580718 956581367 977428302 170341628 200898514 633409110 591669562 608506045 985473864 259073871 332847227 781362637 889190494 392998613 297168044 814010167 495041833 153811995 539333680 102903332 963931608 863975309 136133317 22078273 188902388 177167307 104632500 112642785 507188621 468623509 518537217 150297621 447393514 897350751 464401946 345599030 749429293 872871783 411718015 526190065 150390480 905399713 133664594 237417575 598416987 111659017 649201171 455563879 
285510970 426424540 644980848 429296451 912240640 457903378 914163167 892891106 484951907 13516260 637550695 156324211 515738732 876407062 386424186 490240931 968435395 198672619 557086026 603622335 247253676 168974942 941547977 964994451 479354797 930992053 637924816 112798132 513931898 3153756 405351578 286571359 113649511 793665840 497478683 310825584 497058190 231149201 761957469 391455126 716537244 689575241 480940757 390683136 380078255 825648884 721276765 836318104 
497834333 696813595 266272489 88574514 87497147 524989071 703066127 82752362 484193904 633403158 350259959 235253784 536754718 896550693 401172285 952839427 558669460 862405493 131647759 831841130 622246314 227342539 3035384 977128476 734769138 600139602 361126956 225762246 758419114 40523283 395063957 115692311 453033333 930798351 617740036 873997531 816566415 40200474 321818534 752610158 942973660 486102736 344944576 271083757 872766942 659534239 458674978 94889943 
281421797 172276912 794505201 639165314 822958675 674709423 279657986 58605419 904995642 607599312 326501391 650048664 880406627 684876669 288059357 683705602 358759014 512587364 288233466 33360929 455343748 363572255 386781011 956531738 873689685 416167647 731512553 873612052 417346484 42044848 319900297 874927940 819700404 319683119 463844533 924587106 382115958 679441228 687506495 302198089 487476409 874082318 547343872 973650296 669929250 990156374 780590840 133198153 
21318778 237444652 684428761 580177787 419871487 236458511 581324072 239417383 157515228 158786921 428632310 796574182 974773213 889429070 903357831 215948391 622655309 81819979 984631832 732689538 78968563 35082895 720159726 839281606 846600736 208454278 45954215 696957415 225012958 809638770 803589610 626585201 31832861 215115621 651964259 939874813 765829512 903316596 226987254 596527012 921170388 853598077 624916992 290934450 520129956 374188252 763304841 933658892 
403881346 110051820 884915661 70407858 669140262 318525303 198438022 823998533 215483407 146465987 953822124 820198655 406412280 246012512 784248664 572604941 954294405 679192637 213572315 463498464 756068409 118516643 811447508 311960174 948851519 311181181 253657816 400433828 40508767 905758326 578561428 126756212 741198067 589129453 450877230 518891260 799299625 664221272 495128762 175902363 534193260 678514722 964578727 777724934 771613115 327027120 931725319 99680858 
259561027 736885774 62829724 857528742 390370566 592169426 852138660 237101130 455781289 226669603 943769543 610379021 825740783 205914912 446578810 471570878 650161942 76976514 934693378 721995743 812393021 526153319 546923848 827376705 7833762 338403407 830066025 819581904 268194824 279813983 278644951 569790788 199391233 829355056 618030485 765757627 112097653 558215539 920123395 8552718 231922009 908866741 746385029 991163332 922533831 715870219 424831421 554345247 
52777638 527913812 633104462 554500896 794559227 685657609 126490028 777974043 92297666 325027765 461795830 542105041 863897935 752404998 584844771 738713849 669717611 118397716 585730687 196734991 905364901 190375077 53877693 650125575 263827908 285968145 754251574 540050984 867666433 820550385 678420976 263721374 866172456 535233270 794788077 702046864 798328006 120919034 451237157 55980370 714638923 290065520 319571575 907277816 979430587 173050790 827991130 663536588 
351657047 840198414 891590167 898627618 31615500 625892079 466964110 743994523 875224609 462303895 395262831 112017996 38534097 602638192 275797111 694669890 10923976 542027858 59536520 871020478 115283226 920534868 587085053 804776037 660484068 112600741 773667985 263891172 917997292 60006935 566270644 353097769 991321947 449490765 96134017 639285657 761418399 184116638 865159891 929231181 27344729 644294894 685530310 402454188 563966076 390096256 916441213 39607943 
571045928 126524891 2426230 816210739 702208803 984219741 26604093 379400922 118450459 875782921 218454931 74940296 697915862 965590398 901955919 576519073 852305851 288890838 576759696 530755205 204330697 3208363 904477694 168969130 152259339 604899834 227183642 312495462 210430771 97425149 673012221 785417952 865996089 683858601 683141334 187153003 59806413 178758746 977345925 269195267 751088082 91845104 51372868 428598340 685929156 523038420 362094219 203272810 
170960934 691399536 456103436 928127665 573020225 644112331 43675689 922950656 836914800 713817185 566713088 293613007 153676270 262258909 318770314 647091950 772606515 565899364 755906531 646069759 710034467 729222376 218145992 665205139 164709057 702170753 369700286 586252746 558276686 369990262 543162269 899687552 334240820 614469907 960705666 920227707 669922078 825155565 985145272 554688409 966807785 624618756 806189137 694637164 47414118 569109579 537135138 609393006 
638927306 715769354 272781767 644294659 567758254 305511055 871193528 840644630 182313221 438441698 504917010 46660182 708278804 251914739 479861326 739414516 987075952 293745880 506574298 186587082 840726074 339522204 555163033 101218551 60400557 450603890 846284466 510322709 469797627 942139273 407292470 721598283 622962511 476938172 321381654 186572555 165187638 398023769 468528893 738078079 592147870 11570473 461622701 545309543 130202634 917444855 568322700 812195027 
611903400 982986409 832463943 694506481 183263574 47332713 129160286 614141784 835746456 843477323 11681914 688210772 184363319 217820723 596644499 246982569 474783643 993562784 415423146 122024362 132075468 87176699 709969342 440294483 792517788 398916108 24498780 199615755 693623962 313341715 681942857 634243650 585883331 172459615 660252459 436385979 999922898 480033268 655635253 787003645 968250226 990689964 824344020 492970504 686374665 407058325 938730027 443206418 
928081563 592079763 478519678 690996094 572649043 135836959 417628032 100553431 594568004 192472659 188921046 931693665 734027909 454163805 10651683 306635882 810187997 231796589 814045803 160846204 967273242 734375761 687634466 252745187 209119411 780305588 974118237 841409076 554688528 97403079 106335443 538007932 814689547 670068138 74022938 467433787 600537298 686851174 903096058 497115876 687852163 130520216 791214747 928736212 443848292 279840929 364867618 38553962 
440502064 457149034 322952311 29148355 920166819 247282961 996195336 974364784 303540741 16808711 739913815 410012938 303550910 222882522 151076355 773169023 283136089 953048168 681309352 139787732 124653049 892699938 81036917 149544219 475072538 323567038 35397187 757916402 765726334 954767101 673398925 211992434 937779952 169592967 946306486 233812199 193411823 933567630 176504367 595104260 9532179 583947784 60715388 498606073 109049728 322324897 357021039 912390510 
353924144 148651192 378184212 533647871 778973482 699913977 289006381 741123113 540937005 314363170 690407564 795298000 195749793 885621679 44288499 633171951 817783769 87085294 278842866 211812067 552764652 979895145 904803105 448016933 660607604 193944563 505659473 66160872 279041151 910425274 771002700 891712520 551926693 703017217 719123783 190282014 880255867 992477439 716252047 695190068 452760274 945350550 558005220 563869109 420716817 152358992 635455957 721479325 
352771192 409959618 844829191 102738340 904932874 303666435 24703225 749709719 665267834 763165335 47591852 163761484 463694968 216246772 21996660 443452755 888469885 766499082 954664090 533203687 696186758 439910207 337001512 264710711 46085729 867991040 651220017 198817049 584627152 170423573 219915690 624443000 290902248 745689203 443222227 635777881 619058883 30263928 205207070 568582372 383532378 655897775 291548795 907726528 811890772 641797484 517635456 446815171 
358898601 426914247 715356648 54940203 69506485 483944939 65479812 842503754 373383474 803401979 769660275 636600812 999309968 526183588 949827735 371615548 248793432 510826693 379315598 942567595 990333131 211273936 45175284 507231919 607793577 602156937 670980890 44408587 216337393 906144244 532889902 658764589 83541537 573124550 343013383 292535610 676404081 615241942 842815149 560607048 395985870 948138725 227317533 901553413 907630468 620389886 252824808 924793624 
783195423 152357222 357809985 915910671 813137099 133159767 875094541 396691758 17520369 518744337 955670768 374029300 931648525 266135806 128138368 711642363 833804638 800280175 529194428 912041501 92328009 239344091 189421427 669036108 27632786 517356891 83019803 145996892 862949362 774772077 900879142 781786669 924766869 241171848 42988521 989420270 989938502 601765466 718915685 421672378 346056526 986434556 547319430 157970350 470013721 131936960 625239696 251719862 
485072685 88325878 544930205 811867394 522436470 825115513 903288566 82774893 223229979 556225494 56477275 800508296 642670559 752926905 125880511 141214939 463988238 493211647 386897017 527216745 797268052 349950441 275132397 63048250 818531 160892632 602510297 455067131 852434063 4446230 829376943 811325443 176586295 397639218 295511366 122821115 629274244 341905583 670792265 248749227 835687072 66882131 740221437 104305948 132185998 164628275 856480218 494761891 
800126363 835457015 461298398 923152483 233928874 68433257 409651906 217412746 661057944 61995573 217413373 321020891 189140836 778654533 648140638 934636535 161438273 552800332 206410832 517437367 110974749 531868703 159409610 715976130 11882497 27036988 279127748 553794479 898427985 608939761 557528488 167009740 969557209 896756317 931187266 788941235 635495247 960373237 502683263 886281322 673540449 505984283 537449674 227836155 866550258 402705014 581079146 140416480 
569855231 929392978 828026495 861020670 752891994 631768076 686192966 318570539 422720619 706089441 87015248 551720879 350130052 630070145 486978592 40321212 173914832 486794871 733846297 181684722 562183511 823134953 502592309 993704637 131032630 162284965 793270797 764568940 724465453 626221400 946423215 197357342 834749470 195588687 729921026 682530063 922251817 986574142 232051273 594629213 712907205 573108641 47085303 212914425 588981470 658159140 745701492 329288513 
762427230 10653684 118630513 452438167 3465107 952892959 267222609 847764424 69879954 519133841 657688288 839286324 285809900 117956341 21861710 255984705 279646636 800091718 104082771 294224931 796996547 558269743 658284296 57475705 248103570 863646378 981781256 404809028 360227197 572764475 947060613 228697222 69113355 486120026 608635778 183223102 169581725 378783034 14269862 861722320 270371747 759722394 254919382 866417929 833085928 809166285 924145921 861100635 
385068812 511449364 141349883 57291347 855111830 71070405 344523735 586862428 232646341 48680619 994429920 461170496 606700668 164339396 341593253 931920835 949133073 484809324 773636851 415508724 645777110 772486572 925779169 696265888 948278864 894215183 12914190 81894749 361422096 418358461 416465087 541868155 929873115 628834338 930856898 185334847 350501012 478401309 781015621 283656234 384759178 764821757 372388958 520761501 631442008 316103631 956018808 68649019 
269755557 355919845 320039786 18065697 756771276 673190404 283028739 803914208 885734606 337024149 666228189 695435203 59470426 629287017 683058137 539995756 103011160 462099659 728635172 747034603 201266075 974350984 456009476 546865704 288603390 563351550 828932410 131843256 679854435 393521895 303198877 940014702 542937304 559641475 854571088 84758550 208139655 747648075 280986643 412141986 738736221 794847264 860894163 75784685 225832696 211962474 67790045 178645615 
157267699 879749285 453750936 488933790 334118409 163714647 557985657 424787377 504569815 700877949 520615424 952355238 340284243 465445855 953811505 285023307 188767737 891419006 352060980 842667748 552682996 741445529 555515258 732410256 5258107 128882718 512166933 495973093 687274851 614310180 782046227 161958820 461975167 95891866 405292276 116500185 460351951 335549860 981598717 155051652 892965223 216895098 600109015 589378502 973258133 26820470 619099066 317924712 
100927452 479273580 743892295 668053202 395443849 719568069 570963777 691082668 240866318 72709158 677204192 816066793 171972789 67688218 388477488 736937142 973356622 425848502 595720893 140973903 50667248 198634636 524053420 585696712 699007943 296557357 783881210 977279481 602334935 504833922 806596736 358737001 502429375 861888650 11996551 977298515 523024497 860365824 228805468 446866343 956427780 910616688 184493923 937101383 776819470 612271512 149382002 93113668 
325181887 302162174 251218839 255925571 915936102 819209990 208067543 602634965 278469313 242109999 886686395 128424763 414435226 276314621 524884065 889132635 340313935 159659577 597084629 77287273 491685505 359551214 343938765 784127926 947300837 359540390 725892912 540279321 309079943 453533016 405505342 543325018 585648950 359631569 838691964 891185811 437821776 254458645 335948396 204475657 144992384 142987872 918081750 237240785 701230215 439033746 614904328 2032271 
689919731 844058442 73079166 791529059 952640434 211009032 417385540 690646400 504622859 711378637 826522933 185352717 107170212 936399323 246927913 591801340 691855323 308783937 563252261 343520824 697609002 937564502 314317116 912878547 257162924 310275543 292632015 381730483 953137263 935600337 783533909 868496772 182038095 237897371 699847654 724797154 906447277 137489014 868704805 366721943 498627184 108543899 158402121 29792691 581480471 897780235 607423772 300099515 
948402183 231998267 999406005 473752348 965251975 856292049 1234313 151353000 689542363 572419287 820048803 114093109 744927578 263983711 969360830 527506022 223688277 113684849 202612768 560413793 381164176 172356696 137380055 348313848 531189559 508447332 495515761 873033063 38559753 128245826 581120820 946597924 536590449 775001137 417465942 976481715 538571131 261535191 651018074 999274147 645641325 211923173 711926477 272703620 564302848 22442199 203214124 331911849 
100504812 998349511 72914714 739315904 723379622 398280189 727551150 801099428 551134106 522777649 527807064 517879548 544220153 166071909 925320661 134075747 680471346 755997932 662419769 226957240 851337467 739957018 912730521 7141868 177032204 701377108 651412036 69812895 227981633 279703309 677991487 808547037 531595697 538895822 430410914 366690841 475095425 211381205 704458473 46204154 890083832 384449188 428733101 879605761 607880722 863777715 707472228 30713259 
155485699 314196162 996644679 307497010 984390652 215481701 865791450 563764390 203005372 911832844 637482342 246711547 5404307 429738082 933756292 152402359 110739926 641628458 378683429 712870174 77058407 109086125 727280938 847719725 923963613 351865462 303727743 758006076 829473061 754237752 889001126 121162085 64904680 621444888 878034405 42489464 240442138 186390411 979216445 5631426 900610579 305732448 169564546 806530078 40344826 870406997 778150448 74776892 
952568430 969269406 773600197 92483659 854930525 590728563 643251050 730324093 761283142 752000417 707836713 75259733 865252671 540631445 819923075 730380809 47533917 833616541 854908706 987267249 415528332 533091559 387825072 95803016 194640670 611838187 433955402 527914101 449362350 914598598 66479984 129539352 193341494 397393043 403429889 738674968 159103625 70882264 930882791 256566255 631372696 434219069 370166368 784114357 632349517 197705788 952337667 563770689 
153226645 907940551 496902905 720703147 629480767 355262787 558926517 326485458 502802653 902840876 276753202 491635067 128986251 692926517 302230937 416542600 923406099 589995630 298569466 586097038 530892415 362440502 212053409 779840788 577288911 756242821 820662915 148779297 283177225 797832922 77055936 563400016 774025472 470651409 340075005 2764247 862003152 435340726 544931914 555451800 549559180 881405697 814370601 811817168 184301398 337293829 53554589 679700489 
263370976 108697648 301592002 457973377 49664760 235230359 985697126 906649012 17157681 377493447 311346312 780107844 870025555 647516219 427342186 424108581 402763772 834132774 782633004 204761166 989193320 744684156 667464245 169696598 44158523 499986335 396463640 41078813 295038597 34659300 369350685 577979895 88059170 804773127 254541468 808821946 520507579 727651231 454533731 290811719 888332112 822698650 434743329 183579751 701320403 154337374 360640926 177555614 
638344028 277469847 369887677 614183845 601278943 261106166 128670213 694994667 631639503 32025587 474266864 29993231 761303035 175713290 714061540 18080904 573809519 809518617 22197168 394114217 235479517 639418480 793224135 636986350 912035287 849830815 324025795 239857400 522364129 234209956 768166718 950917249 632341931 717281448 658199756 834566091 526067493 312152637 388040025 482320826 426740820 421875891 691247307 412590588 462359271 534078430 145493013 651352291 
650404947 340271513 998939520 393322324 457890502 294264954 433537997 808732022 841553027 765457136 508405636 631921395 471185607 377376166 446097663 913325864 435256475 328266718 856086954 78880859 423925833 281533979 661153859 219457250 36195945 80912369 272017043 275116812 869895442 799771944 595942084 463946239 252051673 190936449 767970407 232062197 894278538 275158596 376103134 357943474 471630485 551015458 632882635 819397925 15246085 35628778 594199368 409355160 
824629442 739782455 623959653 727816891 976860746 714918251 686762796 364710959 136749603 422166475 684721812 530059131 892261600 743766053 390743761 931605601 908439563 405147120 900178958 728767303 268955599 276859488 765841337 13842166 827091107 890440368 382303752 431962600 20124082 10094810 882070922 95096685 215612030 989488461 807428123 311773119 803221142 871554894 246915838 509431765 833277154 107787644 704237041 842201884 282091161 205942591 77057294 135346176 
382316984 99806947 622289049 303507184 504854002 347988913 873438838 903766796 221436619 116420001 218288072 340313016 243269606 21946361 687757676 918359800 251458299 865436132 310400107 437561975 694272703 511958153 193551184 535194305 462804771 313978991 10873215 208421040 58580067 396586342 136378322 602091057 553763295 27211435 781167185 785076622 706093398 770370569 954151692 900875192 813658566 348116569 994782384 303406943 184856726 202384748 412578125 514418627 
509453345 189278268 147245477 409858523 931317047 461104505 108730258 161541017 682399703 84860869 501564888 357289529 612914834 689493592 875646686 401289130 81605264 221043383 320406972 511314381 975183386 973131598 331574598 589460400 254064144 171050427 602759354 222471301 794183661 987996823 641164848 120788726 391222461 761885014 418235039 575337199 206661200 531610987 469733210 739736831 567994395 951709851 849098531 935675116 667652679 719038604 935024618 647801512 
745096081 677468146 689990596 530865264 506048049 309834156 839787613 31378813 455110510 269671347 972841117 291161771 970039641 169955801 744785056 377000853 419372285 434204029 37955648 266920225 800280154 565119039 374621154 17338728 430984402 390105609 835408907 458257646 823405795 813411768 244762925 96742148 10204213 894539594 700334230 994647819 534644218 563705432 887297628 461065056 17241903 794236269 341145586 976740050 743823418 13211402 652026904 843970118 
127767010 77793230 98980446 117490897 941872353 914018395 448741127 876477060 807514114 346830423 434585329 441055569 886231897 257067302 874121247 892229852 675287317 927710371 121272965 434363915 873147092 246484584 869545727 944221980 571871249 900819959 252796078 383198591 614313334 864245907 747393999 726125089 874834042 340403341 496008153 618164624 110857246 817077913 854868184 202990200 759414931 174487216 576131640 383621438 79957472 404788502 840720253 329521881 
921108175 571982881 660852290 455412067 375750510 857359744 392359479 113302067 247608217 579701866 707632555 119331627 986134331 699850716 624933816 63545732 986625844 198650821 35838696 461725628 909376811 107130828 748294508 970273537 887086587 774713023 152076126 935479409 52499982 808919331 268962803 582415118 518398801 286349934 301109970 195250297 12567579 513347350 68702646 697388068 358714577 40626870 39603156 174398800 880011055 742624098 278358283 205997370 
865231595 802146213 482147862 671780242 562534004 611073452 952978014 94367202 313012329 646256199 205079049 358890865 553157673 894069575 180231366 143388143 632265766 377754795 144114839 160972765 225179100 221915263 705103124 641525525 351738487 630459233 547831829 803805813 969215956 252503688 621683854 368065775 728701768 722518963 167873043 340190621 772325959 355614160 346698734 636473134 98482833 140233945 898861391 451281632 990798879 585353506 20531228 65138399 
762673835 65540285 570927054 763085038 386676931 364195822 185142763 68269537 682033963 49846494 214010188 14515426 297006544 728448266 621293032 79069610 346970537 898759325 914305964 933754192 551369015 755886630 417626398 235444258 751880715 100490200 53930262 587534845 882769999 147599020 756710770 73083515 604166542 557034137 728009424 274587326 839593311 482631435 446275338 669997410 907240652 793878738 7505552 801215533 657319235 176539812 705645226 617315057 
600466692 385006951 84764472 590836152 750236900 344589955 724670068 167381738 396570559 153084922 864190652 529856382 371256950 946910758 380922293 899252707 673591157 647638313 620955060 1689938 652597096 45565208 443063839 52530463 187739169 466485177 47570502 16562163 503976289 263996455 395997485 141719656 136109279 72018037 464732560 462340840 137238757 586705298 377636174 925638449 999443465 525011966 773019759 228872593 610551403 539294859 108495718 543028486 
352853154 17695288 298917421 398532412 488325040 650198547 189488282 341789574 999089788 74100461 156855913 723901094 126151763 658964418 331896288 883233561 520915770 699520806 467378647 918045423 876139102 408847736 114804933 935493183 238681770 254467794 13103425 330000768 637348050 569437313 561378686 194772504 116346554 929659337 542670068 225446506 785594758 275847758 918080972 73059051 872599500 799772740 252372661 732959296 312917431 488182615 812898923 347898794 
348326660 344579976 881303891 778188645 411853589 503651640 250493009 523584041 169770112 635584242 525158174 286368659 854576359 798410341 620377246 428200989 735388911 734164525 355579538 116067169 529647201 450644840 47062393 483803035 747747395 350172473 965631016 484391072 372711638 273464369 438858915 430055778 882267236 868966975 213129405 506455708 508482600 272625836 132750379 585657351 535953073 983340847 468075516 122675487 433270815 776477660 527106545 396210926 
255578355 766744598 514936569 23283750 723702341 154033614 856395515 108455885 708981807 988713899 41906387 446367326 165504970 894488064 387638936 721767674 220039712 491905568 552139971 620571068 398143823 341407975 697724282 862339523 223529856 58137883 765464300 64187510 168576713 632051063 565001738 425103469 226316067 105637705 284356285 173901140 848958580 564987587 110914031 796967298 700237558 810835920 211991344 758402256 563278244 1373090 840685043 797525299 
384141859 783791113 304454791 62621066 829740707 321542452 287133075 519622519 264042444 561443243 219999307 942024263 659994528 676538700 585090585 346130058 398933967 679620334 657141970 913125982 671079625 82251946 625282063 45380561 132413094 313485083 817429498 76699086 669240047 74165185 371297524 433361875 53637651 48962525 892713057 127778504 571531455 238829798 69532721 335459050 522595615 661453303 770096768 651211236 70138746 356548180 918290571 566522375 
791026316 574082110 30258342 893526011 872697619 788734548 12135634 416304305 172731670 609202964 454003425 901815299 539871942 684640141 736925792 654096568 120587112 236505570 51084182 306880414 724423882 405789919 571138536 825765150 850081991 292500287 186765281 91835552 956916427 367617337 790733143 848050034 860254265 944709772 951299651 771827671 32215147 167585242 802469126 934929613 848051426 711805880 350720073 48016058 720230570 802173671 154613945 695940467 
781780763 595789180 354521160 72898246 256523852 504726627 32959554 66038084 762358529 643479641 241168898 110455455 110537796 999658465 902034881 319462094 485826467 924290627 795276803 264111446 344978429 722632245 521561669 377970143 290804586 180261375 403301240 618179779 236437651 197519607 394416382 225599698 840498750 810891047 632890669 910636129 718249438 262112154 259052957 635402636 842713858 683992129 259041694 781415479 900841405 193106546 759080181 356346089 
483052836 786372174 519930388 997266256 348162548 58942158 27345337 901527635 169324134 826213612 618317174 275368576 911934398 828152475 413782735 613713830 837559716 945446577 91733956 425003235 256719616 278071214 539095109 501316464 595532008 330539619 248694771 563523528 998415626 203920168 797255162 315511424 198539099 150263341 265044968 693534711 409742785 568182144 564261247 680856428 880902632 8099830 8954153 440656595 414013398 789923885 398763867 794635939 
561800019 478087096 479557938 83186279 705801589 902576598 123660361 399816706 854288654 719717266 827883445 225623526 455273225 837549520 178398556 102891550 737801735 400634020 228559598 478400486 76631823 207382126 317013319 30329750 35355016 948070047 728746444 722529404 703080617 326291125 68615705 56413167 940071336 328484376 622481135 471189940 750071305 815439272 791683298 134666349 789312021 866151119 526361533 354434371 897399452 373931154 914476551 50115314 
724533602 340732083 174387068 687244991 359045248 408889247 393317382 537093463 524993827 457913813 764775894 916392965 538751080 358130958 278855274 456794668 464994581 322464146 60481568 961573919 255802717 611134549 356070700 978525428 452287056 869937460 356315846 162583908 63551114 868858802 350965093 824637810 725486779 219736018 572345146 28951606 673994091 55670457 966346899 263462987 164652659 667745204 904732990 589018327 42330203 290168385 588395027 940617288 
108133613 729148068 416541075 208510624 287413488 339773555 614155114 535576613 143670462 280836214 854979482 715671201 388481623 822050335 963740739 723815872 915587740 350487594 867192081 721271663 94170510 360201595 806652491 185286252 169432376 686309417 860901158 604990352 45210039 561488046 986936506 145627777 2708059 514002043 343582133 408430664 336375404 565239629 668745091 405178351 5924081 518223748 15391889 51619951 157077926 149182440 839285117 327844218 
62022273 325444943 343842150 632918079 802969720 996069379 525662149 178900758 600132012 355760328 181667080 198778900 734891012 923723147 835904141 625213543 367823501 563029221 119203783 55099547 413043913 266540186 409539612 433095128 878673899 332286579 111633141 758726542 405111160 899364502 241234270 309572885 705258104 567678501 369569001 79326016 241246517 976000644 340750643 990828314 745643267 860323741 8182928 9968621 941280834 973615174 254561219 875771444 
481202584 362220022 843387715 550297859 709708563 904490336 560991986 463479056 763575342 344139090 334533787 517167870 817165255 63803824 902843254 601125291 167472401 538465527 887145072 78999578 434700440 232460529 449207085 974648915 280480003 16180244 206882770 992399550 489767160 814800301 852893143 400084067 581612963 97954144 402495255 630875930 754119995 556771150 485107803 803066759 188511193 569480231 420258854 265700548 294330167 855713823 570230961 527576303 
820718856 527474024 31867189 977579052 940929533 184602039 568367279 57285987 682707452 112512914 917474430 158036335 275509180 336820032 985278597 899100219 650990693 877022340 678413381 630390634 887116901 757607282 381254704 938155926 287549596 754182394 449263570 906574052 257354599 51042633 41536840 112845314 598231382 603767886 802901721 976571521 380385081 504839432 165359233 464798911 39301078 884754969 681670221 571772202 851626742 140035917 952682875 22324961 
231096363 894206029 855835201 47024393 768524059 632076312 362081912 812165045 704326528 167177476 732369321 779709140 474876406 845361161 649540785 509206174 267928049 273426236 950933569 647629031 119612846 646273746 763689216 397174836 468833669 889384268 472957120 102490008 979025912 591939266 419673922 245040864 556996805 807762920 768224778 675884205 439596068 596278103 595783643 284186635 915841725 90680206 176402069 656287261 526143314 310662553 299418153 151734369 
196776431 734804708 42672934 633090267 793510364 483319768 584971206 149364445 875640431 811757330 49351589 313561388 189958503 832197631 191243394 828584657 263550836 375314708 438544908 159958031 745481479 24195261 869595336 517445249 952925641 614059557 334649232 487536395 968535646 639991302 333932877 421376420 630247786 345295736 285183034 120095141 608589982 133311588 324167599 801543324 2042963 704895910 595318934 154848938 980740460 807514199 630440542 386273271 
526274474 733195349 520559158 597950179 34139285 411238547 996435358 115824168 932834273 844996353 493960533 537644170 289376943 284576600 471301374 763025397 290762536 542437316 999735265 131026307 372919023 902781796 787920766 963729482 776623007 20455623 880786911 471306039 434800143 673264352 683547485 278240047 407338560 105495358 252063656 305237780 997348540 676201356 878940069 704472776 194483207 580564387 331089609 814079888 416328898 728482961 310560419 425982546 
904507967 393028846 485742807 931679959 292975527 807722141 719859747 436950576 624919925 412380886 844063303 126645632 937446485 141546359 829704299 564999506 434533497 559732966 353679982 319675626 987670298 880565321 311323084 94028319 993054945 766122237 22103935 370564058 891887753 843785808 955693696 709568094 470877912 405549367 24880182 414519553 409210684 603385757 673133179 838421449 115428376 870426545 896216171 526546208 917279307 30462911 655119271 461595225 
820244074 152671873 921120537 129167548 751036648 654957208 645856947 348092121 360890343 901002274 115089136 911902436 996222739 998839129 282957706 415948494 953966717 267464739 950814993 932521265 559897848 217819015 415174820 887636273 597083457 324373621 951925780 603915360 11035254 283797957 634636510 514856864 621928661 553242870 467812466 398958278 942806706 915911375 261959474 358682268 171601080 665027123 799188411 387626888 300381885 325786052 484694288 320839344 
219401131 919035375 433519332 22463977 496602186 715143538 687510784 733259765 373775878 616950211 862224474 184053949 59639690 277214098 553614399 232688769 850781135 810402056 656546443 287616036 122870683 845205492 822568545 335383936 753565940 281155088 538039571 230653877 168465924 896067852 87294798 634653725 274627560 875459911 954724230 423203881 763787312 761393955 679037651 414087297 165698162 813018746 442922776 702886351 806560522 150486392 954074276 857227568 
447791739 846526198 326030608 594819912 257593815 411615930 439787905 606830061 284264402 667604026 62670820 961121833 196059325 657380512 205296001 225628929 439743458 482433938 596423933 538861324 433559596 120766040 361841937 269518616 267402930 152106064 656447862 263878560 819579509 704755562 209273507 474301411 933613734 307667594 983206314 666279807 863905137 879703234 561054313 805360392 347165834 620277527 911713026 249635730 981144687 863925707 420768773 394080736 
592726659 546016391 510255768 174154537 869138293 438468278 556925192 592820693 425586636 573095966 797524714 696163168 598325121 877212857 276113062 830449276 730461854 742796041 393580958 739599156 887722400 908608163 5082731 924900772 788740771 697962950 588327757 320505435 856953397 660390749 791111316 700261094 529662369 885322432 802464563 881672716 30599494 151631802 708202788 541801106 558734976 31097055 984583313 886623632 796502093 408620864 414608 375647646 
422271018 352234046 412339970 12815617 561817991 103398512 412497518 412104022 369751735 960758895 780232360 651805946 495403066 348237693 464352287 690850928 927540680 279465806 298724997 60944797 509014935 31443419 59576811 940507765 679385938 66129243 463745808 593136423 739061994 563940254 802902803 683486813 329495932 517260848 300658775 407289579 944743494 393726347 27260730 939339229 578326509 702935676 757957327 286537315 364478568 245111246 469902289 582454184 
923433662 350911036 697925094 926761272 129206358 488964640 720394836 403364733 419340098 88582885 200435675 187235836 558374353 819400243 898657328 523497897 173802411 858388715 737886821 627182815 301117934 646967206 8611311 12269454 777636143 898210302 764038190 183781270 313654987 663990836 139925343 600109347 476898878 241363152 806688849 375621625 605287933 805169249 3828803 996367358 190998412 254641122 210980568 453536511 416619081 819811917 831945113 594286634 
998266303 117888268 202410915 732122252 126045544 747341530 186651669 635616683 119350383 110880926 195870541 430926233 206581164 147752463 870545722 522126852 76060328 135990941 932096227 51054686 469656420 42028963 449423671 299801851 914344887 424304221 785749353 406849122 277299035 729634115 375135533 427034666 209658053 98773033 493526258 580814832 241665344 284181699 419274821 694288321 59132913 41659915 553626719 425090661 568337611 799505852 304604657 499499081 
339506553 361066753 57677867 873815483 690070436 952463580 91483751 81382863 497887192 497694263 270670565 444956814 634653519 971324463 809342334 328813003 609793427 756214861 762534573 198134206 889949091 20930627 529337212 562318688 560300174 368393584 430209248 752896897 908222231 42529241 297914228 149016902 179960878 857463100 820115583 672644334 783467138 642897218 2735307 594878105 802000324 879582846 274840285 513083355 181633939 772398878 85014302 867089362 
25278783 482281402 541590448 339856940 804075844 148383944 368042553 341520091 536189496 530946415 364858666 959789178 55039721 502284226 442373037 145928720 162310778 646161635 871759692 665290690 468421698 490861609 126723547 946418843 910260228 723432974 661441203 478552272 774117718 935730615 70207264 744548827 307948217 397078583 917886585 59273183 726921483 647345192 945578209 270908006 247921291 124243664 753734097 394503204 778632210 905268700 136747481 876788156 
919144887 951485392 588172144 255292670 215767011 457386495 729165669 401336390 130331276 799913471 176584333 583670789 960966981 398579361 106725164 124597262 984026550 957237966 261232173 228415316 300220990 175786537 263929740 799655870 458576318 848857090 140914503 360233024 892513228 531108409 106302794 368550272 308999424 787766080 144459084 575241505 390824178 339069441 937663884 265366064 514872096 23904773 627044456 948211589 687978969 357564103 706813975 670287164 
614265025 469642556 744741244 178363671 20021508 206532849 797098874 842779658 636573043 77474403 609929463 327698333 278432432 131892109 380220893 473544505 999244559 956417494 711910335 230443891 985243611 500855598 609686359 397759255 995449307 448948492 753466284 338660108 722121021 41683184 417476900 682458243 553118024 416709576 35143844 21362352 948787450 321280556 906988416 553156997 127717288 896898661 66753367 239121650 433972270 705725657 145378231 302303178 
244128624 69237993 132713086 307999431 521591891 739896471 484033258 700335676 842062487 863919463 78671588 134425868 138790498 783480618 113517756 172981855 305565058 65351301 645251748 175717067 505061392 57619051 329600436 795094676 539117704 301163083 681452323 127510519 882335595 642977761 801593128 82159577 765655530 283179593 847121278 622491486 130275416 647107733 163875898 133112988 842765314 337581472 794505750 621592880 100789702 576198349 890922692 210105127 
