97 10
171730612 839853155 29716251 111426448 119603994 739046424 212644527 441322801 401146188 592778981 
127315022 823250102 629526415 371646544 920742998 732217319 232802679 616602076 23938253 171205483 
85492756 943750478 251033740 532004740 371529411 752359758 681047105 667646499 792184329 881650746 
924642059 147738952 120802502 38476848 994135607 853815576 561163385 913998930 76609785 651403827 
832965418 296976476 193641502 109538958 407579454 698401543 447109897 662748743 873709084 435187709 
201373876 151114043 10075580 879174443 18690216 925424341 746550123 698696598 288162382 963800198 
209415023 496535984 692939954 373122760 154109929 399198188 601255994 598528671 204874063 794163274 
616788 57411524 367798365 157571491 820144492 166865923 915239818 87129096 675546087 333189122 
635706943 726306236 715940555 595000694 103790546 959012683 250045023 261948104 244914202 942840522 
769982104 626332113 248214048 890763578 825094465 29462717 404416882 17093109 901382627 703736464 
461895602 541076217 365332201 978820941 959973254 409687448 334956024 960420582 417623733 204633077 
23811739 647469829 859230455 623746619 556449507 495358638 351228077 483332319 148858310 124980719 
969919890 739337605 320109496 142502043 233318961 922879928 520152525 321155328 811639558 52048631 
739778101 467143867 615105312 884324435 430764921 679301873 305255836 394500199 485157053 703483304 
336255981 640771063 913538230 909754353 762587041 392910994 549225469 235674956 302704929 188640744 
278162387 304968622 11441832 478844310 733730645 320426771 364598239 701428501 421405973 589894093 
571665815 858416184 405718348 339683880 51456956 96799762 595083660 516894104 44761787 866663375 
275085993 378398535 53944369 463876021 784701431 211878005 36809082 973386260 135175564 91401791 
775092238 284949255 928924010 11152464 247050859 243322612 302927887 206301603 409305223 489273563 
930739793 863716554 405064741 35660350 510358324 675173539 869839065 57855544 475844223 839607910 
885911024 278076106 824706729 479564778 945374412 428259479 238430694 671215532 521092185 946567161 
563906300 646144125 572799641 922567708 895693136 420905159 179203228 692937608 790873925 938519661 
164839155 571900878 280556797 524515787 974801566 533536430 20906025 481251235 115812467 763431507 
413775171 761414099 999521533 518399086 157838144 651300315 375447503 247614619 331579094 762669284 
56754302 363437243 496786019 453649203 312274964 697600667 51678173 624984875 629912758 74540397 
884782351 184471710 844732890 999571923 315076710 396759118 26419186 967864821 837911981 624842970 
679025637 521954860 134584550 215238281 234488029 652450760 633140590 5069734 126183213 213234912 
661747068 181864582 397859678 538983674 711966914 22333768 805959521 784967662 161144636 764047757 
20810715 988256719 258761016 211416189 390786893 367239719 248037102 118304550 881347745 83956470 
874305864 301968995 510638125 120074250 961609412 603342348 48308417 775561370 620739499 188118506 
604918623 336651919 288577737 539217184 645309019 388530766 482690184 158123635 860661215 148258902 
264429179 777793482 751405509 637799577 407334213 467100827 8980884 668370708 914586501 708597300 
413051034 934059882 607016219 479946500 944272287 119893263 594973858 551884060 998111953 950554550 
590832901 9980964 847445166 622090371 369147074 764568091 738692894 463579896 987999107 289019079 
509311344 268176503 832714209 936137496 521876424 269065521 375640348 611433949 64957132 520598415 
723987242 792090530 946129620 659742422 644477604 394391466 332010934 286573824 475314902 399493 
169760027 548992831 666797048 102780251 90224582 116625793 448047455 584742782 604691921 599258850 
923118107 624331702 409406555 519226724 710199636 488966142 441894379 291661653 709272450 834533949 
842149223 514392555 548465531 278371437 695112643 901943095 835544647 422317668 690814856 689247658 
201293015 499607680 65171046 178577931 230178121 521991202 439990974 402893015 39821757 238095440 
14566207 704297488 235434597 183466512 464211272 78081881 422694925 725575301 111929152 415366150 
152628579 636117808 423956502 15315270 837136831 570061000 794349497 81346667 999415412 693366927 
64075633 378582567 322479025 559684841 480178791 57382938 11598403 86932075 18437393 255327144 
622655374 745562836 917676781 922496404 688202585 797867246 941192096 990293115 474977905 759416493 
650402082 286808511 511483600 110362987 916642600 643654265 340455236 383132884 642048903 974656730 
753823591 295850091 979285412 900134008 962258805 485323002 499350304 822442629 298533067 714946051 
694575463 751671406 474244241 880479376 645058421 409958025 504799044 170242042 769989423 875704056 
266005084 632591250 458010264 914053945 826739705 352582022 994029816 411586737 319589588 159021861 
363723295 338710324 284502060 385013400 786381827 739097248 799653616 794963446 792437887 263755948 
310141774 626580080 60071811 539931553 204602443 200945562 447224314 120820090 412045004 190310868 
944030720 554892815 535181398 789541220 252439381 875713636 1441672 913457517 755570430 82960515 
144886947 385508425 739043471 192958346 63842965 652912083 869666268 701011394 813879935 747289760 
10482362 196944780 696179570 268772336 442908827 717461050 528091938 402130047 970004093 688753388 
820163202 705992082 871030418 901878303 402157589 4293859 265480296 925225338 403241250 551930788 
74554082 751734896 514354624 206672723 999576364 65229160 733367125 53547817 662374868 695487390 
5600107 415130001 813541022 430279353 766230163 83637565 75802893 121100795 336211842 896246632 
735069520 568016860 448355600 97449896 184599074 401737012 226707393 814032739 657105595 6176766 
611084009 762425109 468669671 651795157 426132334 172347727 923589906 910136003 870978099 634377906 
580158460 198330285 435430262 800894447 739879026 569961414 688307477 691913314 963692899 984137145 
461232362 24025147 700784178 488824580 413913328 758941869 234036751 260426846 188471470 447672963 
487514167 514787501 108552681 373011443 862129639 852219861 70398340 170147524 867936003 521561078 
651770828 313901954 437753143 459121386 956410401 118882611 550230789 709507841 471207530 384061775 
758022409 986533088 659408400 102125919 288638947 757152148 405450694 450601796 663843243 392920582 
750924593 896760494 813079948 45888095 801982890 799762730 747220724 343141334 479712764 583680372 
682801634 718492811 750074964 112897565 149779913 487008365 406362199 397605352 411776708 393226075 
105046759 816730700 27983760 897068762 158531163 750347381 570633587 384313605 136187651 609433634 
490208836 97771998 382932546 658468225 771839029 934230865 703819348 925854052 461319706 29838635 
337158817 328109622 616880964 409683782 141081192 266766909 107045707 438622496 674227569 386506288 
753791577 341751212 711807505 111645816 723586449 514384287 189422493 228624765 40942192 48945335 
255846295 226167136 1076158 106355444 955136291 404198352 249363025 946003516 162953840 450387556 
714044442 781022549 531377851 889842293 385699157 92658351 657640560 454091286 782755741 595469730 
226098229 711385976 788599285 549466604 917940936 413725979 484589814 342988760 18348715 938038902 
747198378 646292199 523182228 771694528 820409366 694394427 983361553 447599556 705907015 875384467 
145259552 234878775 497111010 995522468 26439491 681363622 163573444 140874700 70014847 425059598 
37646943 285741826 213567550 873682811 557414937 981455882 614055980 882461730 388230219 939518266 
814913781 965805988 188722860 329565116 457158811 437004602 622117343 349564631 496733274 963965036 
496326680 743079092 796299581 428573500 100354999 217758806 718372698 993634720 410712495 380939717 
881130923 740744500 563058828 850079054 404910466 250567435 953151324 823979664 74387933 75582959 
234146622 269214918 691971874 128443936 54360700 32100933 512863579 786303551 108451404 412422863 
207132491 54634012 52872325 441419296 719957681 572424096 226588376 790750311 259422623 592308655 
922931101 299221183 647629978 522991827 59802435 64780903 707690676 482706769 656620311 246816864 
956153558 408324556 504498376 358302318 659661584 504201107 638069217 268702673 51099171 631755937 
145928566 69387386 705383241 576972986 772290335 874077384 451864053 648573403 700476575 268238821 
300242601 729945241 377041886 951779981 378363842 361595965 639528229 477336587 408219181 905182356 
284522745 982007661 569955126 763612230 525145749 593648531 698508696 169804460 760207814 803260343 
945494292 613318519 733992914 461936988 153638829 182739913 175290721 588049957 620224492 261274014 
192211738 776955331 542688785 204283531 178055116 87261087 738529983 618911291 309767892 468204218 
757166740 467727393 680245053 930288817 422333022 773438604 415603846 971383134 150367940 976673739 
261328294 281868927 435942100 971813782 236376961 587752022 183961811 275094031 868771995 91122813 
153378836 233374005 139439731 386436281 968715602 273942028 233642404 387427344 646665095 515457424 
885460706 391386034 360713226 867627847 492979167 265934335 29824881 699424498 713150621 760321113 
421285048 462648376 779482704 574494258 36439939 293622829 691594952 179902533 5945041 371883921 
177733117 861803613 453096569 856224948 621496941 103403492 671790502 549867420 499247950 637722648 
882158427 303263552 224503228 974935358 654015589 413316037 111120918 343882701 745539185 363250938 
315918767 234496496 845318520 99852441 373730137 149025127 898055030 569427766 707731575 252749251 
962871076 123190481 176045390 956813666 439868171 887797880 719781776 534730771 999019995 101571605 
180491899 865988363 185285671 989215142 340022387 849001461 627427480 68779755 103438576 955608844 
