48 67
327501476 35990350 420735501 888520897 690649297 376445913 967792171 752597968 731772845 332257888 941297068 745764864 136827996 880541978 363919570 348124968 158659478 104698827 939197988 673169049 540775041 712773271 988578767 140652470 14325959 710520574 126574824 88404954 901977993 167261106 637863449 154559335 500999214 64780320 233712037 196155083 550188603 73817810 417176599 258556393 518230399 203151100 739136344 593240275 865802045 827301573 98445426 599334278 793807422 76929599 914065026 16379236 395511096 506624922 837422275 177606162 765230801 841875579 72921756 966555857 578450732 114628969 886559760 362047347 980054529 568869378 441948068 
65146081 841808642 125075686 372614581 271003750 115462902 175246650 725065652 383772488 950167794 635226631 530363897 636798921 788942685 23080877 836454284 980063338 650394504 493175522 704999497 270122117 496561116 936087469 89863601 999994758 468575074 824860734 912858045 603969886 982174698 633523913 480280654 474524692 868257149 456886628 749896297 984145783 428828974 671852617 688042934 26873602 945104036 38007735 921845445 85230584 345561462 580102187 535762938 249343649 365481843 352407720 303366218 2517830 52785784 796240422 278301060 179342583 979115911 875003840 131195354 117552016 76412102 269999418 767543384 583612093 267400632 456555920 
851164449 22137839 845079662 545331756 997778376 349042079 664758330 42260763 77744567 227620022 500745137 489525530 747987658 885769382 998863891 889828919 153777030 647685453 391607988 217523570 182434617 759644133 140269733 747641607 52216240 310108183 337991247 831247663 275833340 656863478 420120301 241432427 887937153 576794779 557157038 171783592 162702983 605289768 476186489 80525036 678119391 343994245 669072433 489523119 91331929 825024929 817810902 820804096 896670210 447744163 14391729 240953957 127340688 79372171 313997553 974606721 994286154 295980580 128214786 550565112 895875011 170670420 218921776 822132558 380683606 676572813 656147291 
3511195 438375454 948166550 166254360 32202221 380247147 666228981 451828684 618356618 477467369 43568007 517609472 575716389 549578739 719771820 773181431 337548157 771774451 747900625 824385602 845195496 825208526 185568111 677112855 370539171 146016697 515893816 812004617 459274201 610210436 552071022 468536186 562211329 307675685 48840141 272899154 601629594 459084709 333241072 233690155 998483606 592889347 807115990 547108034 316864618 379707066 540296641 618984634 486936498 32476176 247870122 694327774 959183273 816617549 206049922 158117628 102186563 899344185 324527225 642073162 336043313 877148637 105226358 145541533 483902009 491902725 640902594 
959839841 729286780 744083278 583235569 688089323 721802784 298472794 961013437 706401116 115694805 262942303 107132824 340461499 479162241 240049846 772352875 863290565 13725412 877644806 833933378 108324668 875913045 508212742 841975535 892098986 722221558 252907289 579680016 916152863 996271551 603679485 556791414 892493717 476384648 294406394 340796398 399624166 57154089 80053029 736184674 267319193 735063107 187347274 266426544 20615986 638783679 135659398 351141196 571753014 646064929 394655575 495761460 81341750 832752674 197436326 878584626 952219025 816621155 570874773 225579199 652774339 630821376 540830081 725870081 534095970 476393256 409349870 
67729115 168552437 145650758 994148485 545017875 266851567 901510615 625660897 123784106 766071973 986009973 644893600 140631018 493520378 13170522 757375924 45440171 608937063 189151480 592095999 177410667 675362716 53651517 793771793 78515746 463953335 41601706 335457105 400654700 479223285 417669947 653746094 651407530 115233077 237308803 842661972 198224407 731943293 809783253 191110881 708797608 902237342 651663417 460689569 61827881 698787663 885330244 720677376 461451962 487139785 538419784 8170719 167190626 616801346 769525224 50153057 683479595 582412387 125281585 227470583 36957153 473473583 545472143 580170202 949724545 887245597 267085353 
941506545 198931161 355977010 277092359 408104951 647804682 599352876 786021823 761641570 273511207 831424750 256304958 158908574 129093442 545887292 99308097 322356075 487297083 180280208 688450561 947222998 444147730 186750849 279158603 67705091 164672670 313917805 559278244 66956139 592768077 252961012 193673599 999511665 558834583 752160631 293637277 550654176 892217533 877927962 491297182 236344532 588679414 98084056 587080133 77940222 808143419 139756082 734814204 250889286 973003151 354625211 641195062 978821518 371699810 21171525 350948454 873426021 51111524 33504706 561022703 531979925 156769655 49569568 672575060 687906511 60489067 454854582 
87377241 345282700 452917127 145035869 229888966 296994963 349071763 452399778 738752197 248000019 150772767 268353148 421257858 406402382 787601922 32158334 601032894 475393761 226641399 80260317 891549085 993417627 851481767 320903832 815778536 730172541 883555833 640897153 881746250 820911120 995768642 410437497 862710630 670733585 459688783 248552189 811551156 480397527 31500904 908551884 318041169 889108612 494971526 127308576 27045172 384435089 205524839 93973673 358187611 744976638 995351446 245182692 304065651 292305138 860829455 541301621 408674745 755072014 43045238 113822083 16174324 733870939 106512623 140534938 965160347 254484842 394156077 
739530634 250371408 47972552 362766750 777909468 728569880 270491626 217589113 70591733 527730540 750583569 222478806 793439889 851648946 703083352 427855016 59846021 411458616 534751526 173021531 225232793 507715055 85198602 156243050 614269099 256994245 597201379 838420755 979928935 51142827 980230337 453128041 710950877 858220470 679118246 434268247 427197418 530337515 877067107 662298510 169464395 339126924 985705316 555329935 564146981 570902055 16953709 264928201 668773999 776790163 770032365 29529812 21780941 150006430 23301976 820301526 351304358 812560122 406509743 220318973 627907269 643842844 834828951 721103404 990905232 138470578 942900560 
133308760 176759957 847822289 274392449 543927440 605053227 894933695 722586366 794201921 7660680 50653192 402255346 580410718 90240823 732328441 758015326 273889571 208953701 98946620 680444777 769651585 215164823 858998437 933667303 58429268 313373648 37240903 347434402 29943625 254815115 327367315 311324520 532950351 969668894 523513193 959154859 948866165 249439385 832112562 988305222 982518056 281696713 929645939 962723651 256253522 180241298 376475222 168771671 899936756 411952572 616103896 795744448 905384861 383414781 690908695 884497188 341491463 923348110 977747351 124025111 263807850 114178091 63068426 236851715 318015157 152897154 925490570 
479545437 606394654 850953724 948430024 563797203 917257014 285994315 423056699 465128460 599179447 454623770 602806266 906592252 354634899 681261195 95556488 369259108 307248715 188207283 127122922 544138623 476678826 805861264 232004589 413611723 424913435 584684320 676908055 622345406 494200861 104470966 862445798 465717188 619087844 193547945 440839513 230481204 813090516 538932131 46939174 552434686 401144612 875121598 850570365 776977657 998198852 434232990 77028335 343630930 731813430 683128983 153563642 98319120 449486649 425121906 946614972 155167546 418923109 439602045 597482265 968812473 87326105 523737955 854197417 886335819 837569586 817460405 
593628950 439890767 693910281 697991663 658665856 155746250 509700542 411089157 291986779 931585288 630855801 243426256 764253778 44380660 27857400 875188103 549296071 618268722 386765175 4345415 935008710 228680471 362420145 492526304 552550397 61434029 377063618 613621824 289005125 296158073 62077630 794151015 705839924 640887362 666950550 534820380 146683935 840972957 514034562 167600094 924683007 236905334 978122254 162675253 519598405 888112463 562617416 617619982 501813358 467164923 219350792 110711494 917426443 390271733 349686719 928026538 876576224 791723582 159065486 618691502 715389729 748831700 112159261 469922167 105227648 84650929 568616225 
341513374 877205866 801454958 337821660 312554215 580235549 291682786 977071540 309356808 289385556 963325375 515589147 95965198 577957395 547902348 436465673 398033562 651043853 396990376 41431163 98856861 19658695 168747212 361305528 304772761 841650458 380965889 499275661 415356690 559842777 618476448 429378210 781542686 434245561 383352371 215439227 212277220 560827560 485737892 66485868 901261394 420250488 820355578 27444570 858721739 111486643 632454204 653874290 473902165 962903518 692311077 529895991 671369149 511375746 661545455 524804792 533608037 969617839 314239636 969826258 127709571 175464266 912509905 858922376 402933398 397089344 809177017 
534193531 461676859 978433253 662007826 502787807 903938985 793324312 634158677 441209447 4135349 183250948 925334305 87631920 146427616 776850457 314155543 928073701 862172052 675252391 23717696 287025080 76903624 640278574 517539404 174044832 387051319 620321967 866354122 995690911 442782440 590473424 364169923 466447680 544721797 603497433 979529371 268234627 135298086 923448031 889499566 308374554 217796516 178457299 179830456 897016513 85956438 33533928 226669566 580345350 742932446 696634959 426143930 847972753 872685244 423845221 677056326 910593171 658024778 172368219 446130628 78949366 528840289 917727765 296912447 579336547 51739434 21894766 
821258050 998333234 423921496 917427477 526012182 531483875 318547531 745905566 123916261 936211503 946431161 543929885 418110856 115438102 288776069 832028091 609691381 626336206 201823599 814364464 408977956 651707221 465678301 660354193 812444933 258948224 701822905 606261541 40854112 257646538 741490836 733118925 62672387 92402307 330560365 238804995 227251568 390147733 115873011 735044093 945346036 767523591 149233229 470275593 6529256 527108430 422209849 742928306 24624446 439371678 247942720 821195794 789665002 207750937 104962813 217524301 517279822 741023547 898287041 104157836 982646467 735116167 743613597 441786581 145515431 232940249 283388774 
333769816 841206644 997450529 957029922 27829891 100086202 302650490 316087605 236561313 626541590 176475488 311902852 85425790 945451099 501607823 986624188 283234859 635324753 276093342 893843651 578986431 460003736 904984953 824552447 944546553 659267251 600819200 104768892 634943143 687861088 75706840 109899013 575531436 514436370 444482252 65989957 664636825 192196553 480200634 929566222 439569700 916082080 324619982 704580790 742842119 725138390 492313560 4939648 414001117 457687153 39847980 806389414 994128611 21387005 442586843 835819081 156432455 322218023 617137778 927870885 64210340 102660167 751084421 80603814 668446838 350659120 590053724 
908226984 904126834 2577788 852138309 190422763 805981057 726813467 832309201 181397587 34700268 522673682 43551984 51116527 652894810 178198590 558867211 36506136 755552205 670149491 453140153 688643745 973819522 132174898 202111592 446090623 72475472 49673488 35907636 773396462 524555360 747253416 331186822 763436336 173202721 30359853 407854827 905524198 224492754 313928313 881616894 236609644 111203641 982819540 282695852 930982156 620891716 265534544 993658320 760986029 411289255 950005930 549970041 787956322 612358433 373016362 160627474 560338255 3485399 735522055 138175085 55148192 443946166 593610990 705720582 569392287 245979083 482673267 
824142645 790813969 857051582 539663863 858153646 748472443 701801281 164056795 898055493 858902942 213804606 697248983 452340408 556171215 331784327 738616633 947796715 389910122 406232114 685043653 18453812 289511905 279820327 412453459 167091133 365960612 539404510 892172241 903583113 818163969 909576400 827496757 130778325 3774875 119351535 475990582 729162200 407948096 643085177 391585905 190791122 650346511 173998442 326734286 955985849 87024890 521967101 491147986 347708181 348413645 14163138 936194027 66960810 230908485 520782194 574722668 696724610 135667921 814369827 885683067 658925247 37973435 296900740 18368155 369301925 106902510 439372564 
121700579 130023515 435308136 477909708 762984614 217895574 395744272 340384605 683451690 736175415 524048159 547680343 9340647 730693126 67227561 201504659 996064884 552034050 57609020 614399328 872847711 493671922 864212570 161362235 160203440 374838396 798018065 346966242 826579127 1710718 255995222 876209095 806171826 942958935 1532941 938294530 3634922 922169579 450652673 467861999 588926502 900914553 188782841 975048325 111230830 611017045 73935815 398218622 692496988 27535060 875203530 646269471 590056755 608339031 921627033 114635637 473209686 885850492 328493811 668556227 43889278 916314159 460688660 630906015 583862573 102562449 581129206 
289653988 819513685 301747302 295718650 620832394 979665251 85473770 303016142 751628946 405461062 249246668 760225964 275490013 430449952 424038680 85059415 815851767 896352306 738372151 934857811 98694001 881066094 406964369 351130701 822354899 228456818 563099917 969360270 855510318 801580778 598433441 671765327 72614446 96925572 811980816 684803065 842572535 523526548 131567530 72676623 786098954 803905139 341753640 249227720 95837883 290289572 41277688 40190969 716352309 338919391 16402113 35070222 321340724 783180782 221330003 761923694 748586805 888898208 247480796 684501582 202570753 153263179 576886955 53226437 864142806 850455169 112874638 
90169050 909698115 427298650 590484472 253510442 941307205 693336606 476956633 575208466 219462373 191927266 883123268 628682786 552460647 731819461 880856495 135382470 446860634 745038620 137766949 950677804 252555556 116246423 735228405 117695182 52696071 415085968 745389205 931632307 988794049 967917548 305651935 218633241 852628664 414496008 98116595 210679325 858700509 607289249 434155724 753006721 662136915 796697215 806138238 460854463 8476224 284210353 675090181 505902456 351302320 661148481 691340953 632600750 314516217 970603351 855333619 876172156 710415191 388182069 459122376 503750513 707249671 521325312 394884983 135570020 112298888 679881967 
351693124 171001776 217412266 600105228 508889934 989091742 27790721 513222631 825111429 830002131 827416399 175224443 614190862 199657501 940808102 415308792 648715166 781992437 902769271 186955571 370262215 864878496 629307643 85780312 459223122 920015519 614908219 704224677 387568031 979182145 129020776 971995847 346638382 316607945 873777370 418509351 704882503 542772213 363339112 141341322 919225522 247051589 325485292 165174278 250044253 112484510 80898676 116480002 939658758 253175816 841166782 722239039 581274388 894699667 65170691 694720538 576417946 639865458 116025946 306293480 441262738 699955052 246402977 466256069 551657061 586887171 983860001 
349563980 42509753 187747286 682660052 455264796 46294071 214276824 487516076 866475891 822920972 870616533 929256186 546760406 830365025 982150869 663433137 553348883 831814043 247633385 324294057 682109327 11959313 136998838 23458856 45362613 444821057 773056953 658970250 555134163 529326990 136608978 473961575 186100536 782614185 310643751 807130370 782516156 115824831 734150580 942821662 116744201 545150328 716127530 226736906 233582820 539034787 673011555 301119972 761711137 905427742 743546915 975116089 945999230 569972467 915120188 868684011 683141422 621928565 829131114 206801950 352848439 68644269 230154924 466065449 54326683 700479959 872573659 
891309920 857450351 688526578 133598004 137737714 787347052 415686071 296792972 630207360 476611800 789293774 860897829 414357481 336175307 424610652 621877747 139980890 34283841 988998036 31957625 374170025 244923044 151537332 361182244 635954003 482259216 439203102 145926497 258727442 712432004 368344624 587213 602785201 64899986 198330249 122097163 791598189 560199660 448234464 547964983 165827373 93374335 172661312 333118847 223760753 656809421 788960974 846640792 680445760 710246534 8419525 57243552 983834858 404480406 139478534 241082844 185740732 505304128 736776891 819013109 616226308 694430350 278643062 542023359 830419313 986521319 563444342 
16094256 138593878 584974014 69881755 644125357 553239848 574245062 563351578 622906280 823670848 198250472 296303352 902724578 503545185 909630007 840555637 765942690 28774270 103306037 738560393 783401302 677668314 432296639 238327264 383935236 502822265 549307040 66045178 324309564 877741174 218049826 44023497 735860765 542766480 727349227 946224422 449266818 48018998 705907797 490179392 215496777 450413492 380299943 833603355 392383076 290936110 586894836 812970644 167035630 110287893 699009003 311211690 945617921 586890836 563015488 943720183 758054571 333494234 640419388 565231966 596051892 191673067 5157549 326904224 944904284 244730188 180160627 
23100386 661041082 658212902 951905601 619131537 479331265 87886088 708298665 64515793 231983377 895500160 584638988 604158629 137646218 437327723 566748126 3048895 594076876 620479824 307912979 196493373 425273068 764807059 879046595 257590697 64360939 900647963 413468315 425363885 840550401 114773112 822382938 499750576 487379171 280675681 900951250 295601715 726572524 790103582 9721213 994053985 223880502 2922627 943685624 145543912 275745936 589004749 992592475 135255490 477734881 733731852 717726954 273281071 313391165 842755646 527194262 627549045 323275739 139016606 194602757 11516459 801113008 813784494 845789047 856524685 793526623 492726138 
940282854 876280716 153514887 35989499 66882878 416062766 524218319 769557376 883743957 27834430 834850691 619569337 882135590 771490303 559161146 452560570 650576872 341209829 526238735 970878739 460542207 831686776 283833374 433804267 331750804 823435653 366127950 994355970 451869704 88255239 235529822 27928612 85044048 95516328 947648286 824701693 385485203 104876598 441044930 291112676 18970041 716346856 627304443 945431339 380227709 205504853 396680377 809455945 658630588 447926359 72332714 861384360 662980962 409964336 284671370 445812382 420801200 614260616 732330954 157934195 557609929 136271299 986886062 828935151 365763361 209744898 706104381 
735485224 856768229 379426839 167341418 295940160 978656483 495718218 725852875 257242027 160466410 650591827 144480785 940744930 186836121 839716558 518254338 692856536 677260946 882880448 814556434 755721921 867997266 863670916 946720950 67197471 39952029 559425065 514398577 150269409 899396093 18473240 260302975 276493430 26636363 431909105 245516698 816968024 853078986 175125140 572516964 368482574 765012509 689446947 612127892 230413089 291926151 393023780 533595043 258979640 913270132 25714239 543955849 533842804 329947154 600020083 299983203 750444302 828627389 979418031 746439405 987222161 804933733 622755608 968955953 287348888 814351961 74249451 
973673 541193914 867614427 66307814 249173753 533374626 740164046 475702798 732049524 465240086 379666051 772356727 441057900 943551691 543541913 155176086 417638394 741647951 737834026 666199168 392207079 914547579 896242549 207399991 281181525 291771438 517619673 365222641 322901194 219619300 247632066 603243901 15584546 621052745 615315079 330920141 42519898 252619161 488771822 266917881 29000191 492739348 587582754 42860740 568264490 948026944 370778112 406496735 315372753 589894734 702632958 100045471 17793617 389955698 139575394 552682852 691404952 621494011 443392678 418772998 164562367 321555504 986359181 432507962 605275158 309448925 199991572 
466843252 680797924 880312588 646450628 752942504 819891775 661607351 347566262 989478832 345710872 249016356 203362384 865042786 391693300 645555032 885605113 605628593 357318298 538449083 704202103 494924457 755990152 128386214 479184223 197590280 777850098 603831462 901505915 954629127 113505370 138192866 824218502 460056843 954080739 769515427 798348663 425112890 26152092 252455969 439004254 73555 270006562 804991429 249563420 678667588 117658680 675787582 681837453 616628959 460701498 995565186 249812091 746935545 403458703 436338271 291909963 922771547 384422989 449739574 706512289 432558734 458365998 814928030 284260979 235646324 717602820 146425447 
237047038 19838823 307674344 80764934 933667148 731178790 412527947 224406709 924566833 688904094 858670297 895827598 238158703 388129798 980088549 534108527 215095790 328369727 657233571 18857117 231294225 156625997 641679729 495336049 868920924 935819305 357365419 806249437 929526504 415623937 689834620 620246680 255077294 448742589 603501637 408432900 206806567 889968565 237347355 475268441 779354156 751861273 432545114 302070485 563674056 298884578 691049387 484922111 876251718 89663093 890728243 692641885 127452070 491359343 773939801 84235153 497282227 161750228 67203554 619500833 35662475 578288914 629475979 24782204 990216297 284472430 685521257 
922546034 602677923 694773886 114374424 494414308 996951891 206724251 989057328 72313410 785555976 291686602 367655022 856069542 863274616 196462775 565483748 957494061 454511889 306724883 588989337 159379117 66669784 41344070 378040609 753276069 283662427 357661941 898873204 10382026 897541881 563119228 620497097 465549168 67407011 962826910 416020816 292860846 311703972 343847675 556338500 678936539 83522822 751636680 967444793 980502343 394053150 506246461 855965643 809511492 687872963 197930968 90004394 207242615 433842575 266316189 763893355 553157691 214041766 62999089 792636504 11075597 195567485 767263526 476099200 843322445 891889845 873493185 
119176166 15158505 617209495 273670775 168129557 949719860 947237511 721103635 954283803 843315315 681416577 23638665 538254395 887050440 961623741 640199984 221916487 474743829 915131290 864351070 859251132 417102148 907007974 296982623 870585379 719161649 388806226 899984030 703502201 723494758 363576241 979492774 885025414 163671874 251292412 721276023 280968755 651576203 774810451 239461465 269334882 742740485 146191462 381455895 961499297 137036288 279569694 280268685 970871445 759154735 924401263 825731753 505803673 673813938 77627092 764547882 657129939 28441837 325910924 47252815 982360439 673155350 429757025 129230009 638487925 288752054 572870072 
389808859 550908504 748943247 16250635 300814624 232390576 828443722 740181841 702827197 119486458 161249341 57951476 664243168 356508850 354265054 506455958 89065766 858558452 769347910 674407088 667179198 203258657 598502997 983424346 211923161 561760933 382532935 388861388 805596764 968052190 70864459 306363424 683548801 672239816 583721827 276947200 170203443 400539880 183924005 757256452 499316402 426001050 235844037 412892248 460180297 546255897 973533633 973098820 655796725 171626145 657672779 950644188 898063152 988581528 905089258 471410797 781123321 693525082 284481077 269667355 316506429 787714107 625648286 92670380 748271469 42595223 18239580 
727590167 815671733 942088795 875326246 637182676 149739908 537210232 743337281 25949620 138065887 300850559 887081927 117769084 750188856 655217346 790025434 383313186 813658055 690570713 991054727 251487141 457370255 530477964 295899119 211527009 846503897 214059453 399093214 466972250 514059015 821304696 244811109 689824624 286600682 132098656 330855159 666162237 256702154 672659430 804229751 514339790 73669595 976783921 293144660 334424244 95757010 442363886 696787340 34174298 589977285 634792356 274034792 39940945 666280138 933000839 385205406 262979603 114111809 596554133 17867863 148635831 680261439 841968938 274035483 527041326 75702288 76675358 
552876419 113036455 30321429 671978678 170703947 700330878 541250952 340884498 25693399 138760977 942098716 792638074 318203498 27855707 340684056 149089629 198996337 79845667 610122171 469587795 854869871 245477868 432538838 173144994 373030080 842649774 243542875 92735051 768732538 643112715 90604003 545673038 941441229 162180104 773931398 113653892 395515411 567703951 181961757 457870220 43847598 445140965 535188073 372286636 540211005 246886243 547431972 924987360 91551359 202974293 545451841 614577429 378118212 233655187 714326611 563599123 871625658 383787176 432866671 193458108 101324352 840825795 266630952 674636512 715511485 691698153 834038236 
206816949 666982090 748435751 826657387 910110416 135863912 434371548 223385626 685310360 621844772 1283668 707513590 666783228 331803476 390644145 458595189 674257962 688855935 804624037 475871749 91105418 798764066 934298062 711202094 921833121 961834033 321194089 367529627 355827968 196323301 357565069 930969539 192697348 164486641 658018910 957431133 115094453 34845933 963287340 124136195 480128118 611749526 586870603 658821539 639679147 776836252 711866238 293803600 169978003 345644619 931061698 250413413 567845135 25029521 140505755 991301994 2549513 620951460 862379820 975739328 345231472 431388117 739964669 471795996 560219084 495697085 34486886 
201902183 420245327 267276419 581488577 798117889 260584724 196188180 683662399 437846532 938779972 133875683 572409183 134321519 193012774 573112667 158584657 938283530 848574400 578353254 19521509 433911919 375298505 225001837 965611062 528296624 49062667 399579516 692883713 494706232 779347423 626972448 822750176 738294817 918452562 435716417 279102535 255200196 949759478 894073288 936113711 267981685 323069092 90444207 377904551 58774408 941268041 829324861 596544591 1942074 353842110 37484207 735770456 325707185 319721549 958459969 80667339 130180806 6581569 589699949 110587661 17634219 555065225 441070434 688848412 789337520 206815398 201612449 
671668133 930161531 11935863 983355175 351401761 929437197 91967778 446397367 705644228 9414049 297129509 147105386 940478976 293903053 80387673 25751989 130073928 148700476 689174737 525687106 552203981 333648964 291809031 481569933 868339530 738341104 735502227 861902221 572159045 950244991 443780668 154891091 364551787 562534560 376982889 654641788 553234850 370724613 334849062 825598698 94096853 797460440 272988387 191698041 31304656 561619843 299358343 2410026 38277777 17106539 972480530 16483065 56148045 584294870 41045614 571506387 441941727 301875076 517858352 840837969 50828501 652918635 856197290 516750332 812762565 609141565 313086045 
589637680 260551514 289366795 753319237 548315647 745557063 338563608 800775306 389633533 818864082 681591089 869394377 482609992 594606189 859583407 880294996 281417424 920546443 439162710 853188306 489087324 552521963 706236275 41043782 374760136 784144355 303523165 639509457 854597116 92624000 835052024 620676799 278932577 119150731 700389017 409395309 331506915 504878728 245438685 617897407 912341390 998735491 409676253 29641695 524399031 82861254 499334684 950461101 902383139 368016754 26475518 171101504 886726832 325612140 888785997 138292619 23079367 605414716 835530792 872433968 91701402 371937941 165370986 39071142 357496676 250975259 76601509 
121811544 79852592 588164164 937003663 736063929 229879905 355533173 268605690 379721939 256640480 357658324 316788350 252803598 64903021 544611556 387343760 74200031 247271216 412971289 229221871 847733561 733844321 451833375 630669761 906820801 831609918 504801481 900861227 940050314 7905492 360631905 739105926 826055192 268430491 71544828 369912270 37289770 560322981 694098259 692644066 60429222 634853376 362715475 870682493 694595957 245086707 299084635 409981978 591016614 304625594 694095542 509153424 519758905 827895144 87480217 146211609 749074047 503120673 287474806 930691379 910822785 207906269 891265299 536724131 627782917 301225947 514232805 
340505790 72313043 36156690 992273633 759693346 21130588 265821994 76389351 812401961 576250113 73751009 784872446 932272577 705298253 213881543 11098802 881655911 927232152 52397847 298842510 390566245 242581017 447728298 243376189 917821007 364753668 322345482 581776095 889656442 891990849 334071197 824890898 217276536 471892787 132324985 710443368 847272670 554445013 836551250 899787395 657072734 161000657 609441413 104385696 280838460 32853881 825642539 96093864 724819355 607098964 29075759 812332073 318081092 794330994 312879775 137493696 94747474 798531289 429289189 321198100 14122275 452045814 280422832 449062141 687474799 995244638 784861636 
529747113 40467261 989062600 958715439 851486065 593749014 890533289 438178898 821616322 228023361 738979021 461960904 504493747 788922815 624206047 841868937 123468678 236016744 133981467 788123827 729702629 868965110 748291236 512541995 818468800 118113672 592365782 504166726 805173855 458472636 931025902 139304962 467834201 383994962 875741357 592869768 912720873 841746289 269131002 852232967 298324444 501244197 215358851 316287029 704925993 199924450 316450695 579827184 451442446 120521423 516364444 313639377 11544327 592320653 371727799 272561854 101426483 630919216 589922092 701084795 767402276 298736719 903558663 575261261 423600004 6811539 338984278 
740503420 224089958 440622562 69697898 765611128 671545443 335795431 729180248 568545758 503582199 104797011 580233819 530968193 446020290 498745029 645600874 282407590 491892166 953712195 99293060 881525403 610172437 550631516 271279494 445799795 627800416 491927109 500791831 499306620 228996845 932414731 297751497 324570649 866859049 409407246 395404316 180060880 748381132 84363402 578762679 198443019 191640328 981135365 75941306 671174080 509497193 778962008 100428028 134623764 369238066 704203222 980426915 193514525 885025520 268544148 731886042 814976594 827874269 973622796 169705153 452215865 219664957 753981165 310422863 784661683 626539368 843517273 
999875370 100568556 826799656 876568337 945833177 208771723 617478412 265588749 330799405 64816001 103468581 141248128 914745191 213654037 431274855 246746826 127449565 630694001 591519962 480359351 291293937 976523612 110731802 486939382 378121256 884409426 95518780 302838768 571438167 702537110 409900222 644590913 126010409 924739648 325079515 536062981 90507245 865558417 338873816 973063641 745795615 559180591 140631089 210161998 685139625 833392061 368477242 87748958 125123668 686997842 663555997 693495955 598194778 833459018 680301056 351051346 214253753 221574347 889216912 496353148 978438782 572273027 929112854 228281768 558006447 156123945 423427912 
605813838 257247175 468282899 384389558 719320497 987438577 102917357 880483034 613730120 710189555 150011903 89912357 208170296 287172010 446626073 27604727 578559622 87721290 202209316 697715233 788967643 932949612 912779308 790678239 968580702 418808619 273174267 875768757 381094070 756266981 538479228 863364169 473890087 147248209 730148660 534784328 458956036 123189912 637341831 51215850 656028275 577089097 493517790 765193483 179250426 246479847 318370850 523998011 830996514 269492040 26291917 924507103 543939754 593912124 593644084 295502897 96478325 472957392 666369175 728678752 61641231 864434409 31726700 97228026 246302030 998378258 181002728 
532423299 801548054 271461009 380954016 831447832 296130060 606524946 227449526 438943125 710145354 815720568 23028895 852569706 779992353 512627675 280342342 859723579 754661363 156983281 5017984 136068468 488654776 979646521 19959868 495510519 435804972 482874443 42843713 534744021 346758944 622744835 181904186 879785217 867587813 171611795 103410593 101612707 168518444 258074575 173845085 571366666 279085752 578977495 465029673 744501991 244404550 634366647 193192205 808295532 9520648 618320503 382415770 520240744 636362534 291738561 686085376 234132632 146654569 323891913 306683924 120549799 393691087 355683580 771382925 399099823 104731169 737786978 
647572161 135082034 823995391 22641057 752537261 312760899 638780856 668598693 77195776 921042361 806791092 564746464 858469667 659983025 768326725 650321577 278226393 359787671 892091273 218810141 993575946 497839060 164726694 756176541 115342850 523838561 654482750 329425628 804465084 344507307 367531513 563786338 324660255 376638250 859842769 326393596 30260983 864131514 358873546 575851569 245494122 849961811 130273315 111495243 993457885 109597682 741547509 224484753 541399127 877124457 901600248 187876965 447778182 173071674 657417531 578308232 902570111 356950421 76198421 143534830 715532004 940787480 414390108 379366991 104576238 677792172 25133215 
