91 79
9463884 3005796 8386717 2298920 3321301 4595420 6976628 5292828 2079412 3092713 5564560 5701969 1122316 5801394 4227619 8375698 2721778 9591167 6245069 6822187 659270 2876790 159520 7494000 1259241 8619587 7690092 4006883 9566061 2113620 7722516 1035901 2130408 4024588 7502952 8036793 759779 1575330 7613062 344047 1622762 8670862 9893789 2485125 232748 1668013 2153340 7432260 97934 3903858 8378307 6063634 8790505 9895948 4820919 2182727 898752 5227881 9466598 8820495 6147212 4882220 891976 8682922 1537593 5041330 4035031 3628699 7364873 8432023 2184019 5302689 4839083 2241979 8539071 8458820 810924 6812851 6798797 
7958047 8015766 988153 2257163 6719121 9770176 6746168 7045434 4736371 7797172 3776169 3122545 1566786 4742103 4916426 1452738 2122970 5197523 4175643 3452837 4726049 3966635 2023545 4834445 4720691 3959186 8730077 5936326 7079616 423306 6193570 52360 7413106 4404183 8167518 5443922 1359333 1278788 7565990 211260 9892761 6398814 1225127 1548850 4809269 6823711 3509864 4941730 7461663 9767786 6023472 7814317 8272796 6323645 7643499 3848650 4326480 7842855 2103840 8953817 6388184 7735746 3755112 5524589 647969 3793317 3312348 6541760 4173693 5995150 5848807 6948854 6208768 9247132 4540967 947057 1384609 4176795 4051442 
7884704 3091432 6166670 1699887 6567546 6627463 1380230 1684749 9098244 7481334 3335213 3574055 131598 6415183 3878925 1907360 6919125 5809903 5376245 1978574 5851452 8557991 9290002 2465156 3297967 2363259 1575317 7084881 8841406 5875196 700254 7700234 4388446 8387982 9599237 8096706 8951043 1967332 5255289 1937522 3540998 3721699 8111296 3278218 5045576 2634801 4575025 2083029 988303 6845271 6011114 5540685 7394924 3893423 415185 1528759 2873722 6327537 7556579 7808991 7821279 6827032 897315 6099577 2198329 4179155 2615258 9128092 4129521 7848584 2732629 2525305 3265324 1764715 8107546 6267929 353274 9500649 2159616 
6401644 6782244 6330207 4392332 2483072 1185354 3992820 805378 9075474 3385926 3869365 6821724 5632003 1120451 2362469 9924684 8350527 375552 6229654 1328028 9145692 4445300 1189222 2609427 638304 8928819 8243471 1764296 2304546 1052634 486664 6104783 6728513 4250789 8136167 3818559 9424716 9612361 6391175 3533554 2608365 7416919 8252908 8797542 5634479 6307791 2466111 359360 3638586 9544617 9339702 4024268 3939906 4027599 5501810 471507 1728421 812070 830141 2570925 8216518 3767305 9597817 9912380 1217496 9567058 8675554 3061978 7932274 7958323 1489336 130950 9071784 8878384 5041933 2033583 1807175 9775974 2058356 
7350225 6684981 8403612 7491113 9383406 9820903 1483928 7955811 1268256 7797429 3329831 2010510 6447723 5419399 4967537 7935769 4476887 4247827 3688836 6952081 77142 238814 6898990 5004388 3408464 3602684 2888329 19862 5307680 5243535 9773015 6095299 4557159 3332827 6232162 4882175 5152935 5827553 4482937 4200583 9698080 366073 1155390 2536515 4959660 6569313 5557337 784796 6242998 4036433 2957723 2801586 8570390 6792389 5988444 5683178 8225338 6751346 5575218 2435976 5647925 5989476 1031210 927760 2536074 5841506 3410311 2268037 5738281 2387995 1229620 636098 1827185 3088577 2094384 4953857 6861302 197061 6403924 
9649411 2884504 1578095 4098599 1590930 3735114 816770 755625 6062955 686285 6480144 3804893 6478467 8117737 2959031 8837066 8146422 9600014 3710723 7311447 9537928 153807 1522500 5522410 7650579 5052006 1997536 8306439 4921612 2492010 1714702 8373355 7082323 6719057 7027462 1237267 9227105 8680978 4931387 2769610 1629079 6293316 1328451 137662 1551666 6443621 4482783 9285401 5339491 6026889 7078336 9659472 7867439 2436017 6166331 5548085 5125375 6152156 9747331 8583408 2959441 9121881 5946735 5606269 2625751 5203132 1924214 9378224 7439255 6181350 1528531 7746576 1445710 840163 2142168 9481862 4939075 735709 7110781 
9594254 3130291 9165346 4135861 6020637 2667619 1610722 2942338 7311063 5511984 2215715 7083408 4026403 1035023 5542267 1023592 4024066 8825028 2164301 8683079 3319729 1610344 6316195 6868783 3445598 6883519 5337859 1350027 7125448 4494650 5642362 183786 9035153 8337325 3950981 5321140 3552114 1434322 9982247 2466521 8299187 4392888 1123661 5195615 9013866 3109911 1977585 2304997 5678404 4406230 8381128 6562912 655460 7449790 1986567 4195393 9326653 1652870 5531361 4045729 7952073 9387557 1238458 1567982 7880921 4209116 9084190 55019 1032781 6857205 7731180 4679041 6969403 2269380 6870441 6562077 2570515 761170 8826920 
8527374 2623997 2629678 6507384 9598341 2100939 1955557 1404757 9389645 1609275 9491646 2333304 274365 5249722 2324385 257723 8666535 4487430 6029231 4375254 5656712 2325482 8822017 2512008 8155097 6228141 1657810 4408572 2514350 988397 8410261 3155321 3031856 3285671 2946818 955455 5794527 4308926 1465929 8699349 7527420 3429993 9924790 9919103 1978361 5423144 3304040 7889851 649835 6657029 2241398 2016435 8950153 7441331 8973096 3974589 5171022 3892624 3798740 9178554 202956 5138834 6666078 2880436 847555 5178789 954629 9876304 6696926 2972420 1611376 8205254 4661627 565276 1469091 3083367 3037 8054706 6474435 
7190911 9588662 3368855 8233750 9653585 3284140 3893194 8347476 19111 8475140 6566280 2434599 3618373 188938 630197 9980013 2513434 7702537 7279864 2471554 1535384 214160 6614903 5633039 6788725 9428263 6999974 6569905 4739252 6299872 5241126 7623442 9306473 7822469 1696081 1102925 165248 8077800 1315507 3240669 2945075 5174529 6585696 9600268 4199134 911276 3817666 7401505 200657 1818360 5250606 2915583 4663881 9765019 6268532 4132348 2481162 1572207 8730045 9346331 276789 1862824 7160654 9808730 4720325 1896143 7430789 158767 1127091 4095634 3426003 3554961 6321742 7572299 4998581 8456007 5472876 9345739 3645036 
2595779 122604 710842 9504040 9240943 4063829 3834556 9046724 7405469 1250333 7608287 8611384 8487354 3483734 3054770 596658 3089047 4871902 8513144 9706622 377049 9965291 9512517 5956288 4050124 3870435 1861745 8634811 9753683 8088569 5293409 668468 2532589 3162202 5797392 2223980 4414697 523412 6723848 5350666 8572516 4100338 2988772 4974359 8917410 647586 8015641 9642201 164715 8190090 7759184 1654324 6275371 526810 1889489 8817556 590109 5131465 896915 5423599 3818531 8770455 4655723 2716265 4770065 8263326 4667785 7506194 7532980 7703404 2157095 8388830 1834760 4885407 8150776 8227832 5441067 501562 5896021 
8175458 1239710 2844110 8800462 4456853 1427348 3104189 1846728 2855588 2011565 4816691 2685481 3055 7765803 8423425 8813774 907547 8681401 7002920 8117668 8759690 6338175 5678468 9228139 9335820 6741431 6154213 1398362 362239 7734569 6016724 3422453 4386076 4865693 5852473 5035334 3876008 7893120 1666055 1166236 2938967 4206689 9009047 4062200 6890838 689581 699522 4616880 7550538 9085545 2237778 9852934 8106203 6955199 8786828 5922252 6688259 6394625 9207701 4137419 7537942 6879398 3353835 1354771 3401471 8939816 7043929 6587126 4740831 6048593 364705 5533489 8927610 8772966 4914780 5649124 1830615 5995397 6463401 
1385984 5760454 7423552 9352951 4299714 2002685 3200923 9218433 8282392 7982176 8147406 8162822 5686350 6738284 3770360 3485022 1107655 2205732 6060775 8703967 3158224 3240068 2723021 3885927 6020300 2428518 5732843 5788682 7881473 4845131 171943 2373570 1039947 2121051 3213381 2286726 8310320 4322294 9112912 9721395 3624320 3726726 5803282 8622837 6001530 7109723 6489211 2323279 9876674 4946916 4019470 2653115 894881 1178187 8142585 1141631 7768991 125957 2007861 2403934 718341 4608668 3092203 1929215 5291678 2107149 275290 927733 2375263 1151910 9073439 405660 5007917 4390926 5183957 3090166 1326895 9052205 3310234 
872214 3422561 8156444 6331832 9381398 1090985 2530933 7755409 1635080 8344139 1056172 7177200 8970846 2252461 8597922 8762956 1764195 3748707 1043760 8578725 7359189 8819102 7318714 6616089 6805066 2921675 8839486 4430063 3000622 3021972 6912266 9826073 9803008 8022706 6703420 8204359 6189696 6585018 3657440 29799 3434205 9137261 9245757 3573534 7739884 684025 3230597 7952987 8683499 2917492 5160214 3800624 8600048 8804183 2336272 8109791 8528244 1279858 1342916 8967429 1026185 8921586 8938675 8542592 8083250 4364387 3240739 7724832 5077766 4050061 7685835 8865330 4054937 281986 8066199 6567654 4851088 7770962 6909724 
8107828 7456935 7717495 8352638 962624 5863441 272600 4538872 7790877 6617579 1910838 1507780 8226960 8399362 5225614 5391570 677006 5024538 3081846 7648053 1288125 4245876 7214281 3187288 1283720 9474185 3204419 7049584 5551075 5261627 7683784 5126220 1722285 8379006 898029 2136115 8324637 5846733 5073775 6198305 3526829 2888968 3609584 7491701 2090018 8077367 1112173 9358679 7604567 3929728 9724014 5091283 3252428 6571335 228316 3575086 4123753 3607197 5435274 5673143 4696118 8719326 507605 1911595 1654913 9785928 8337090 2864163 4674874 9754740 3405865 9529303 8356416 1575551 63852 2861599 8384595 5317815 4013709 
4003570 5405368 707933 4337100 688300 5947576 5625672 4984146 246548 7685328 172261 6595390 9611552 8973923 9941580 7134362 4017877 4525105 1656323 2027141 5351201 6088403 863868 2949440 4655118 2858723 9195043 7948350 5460613 8062502 1500279 4957485 4401042 4355860 6714119 2228357 2679852 660810 6987697 86695 6245365 2024172 2409899 6723905 2991913 4037006 8108979 276963 662841 9433740 4020500 1810129 250769 6236344 4626971 574920 2753486 5045890 9020674 1587905 7958278 9322739 4809050 8538645 4364490 7023370 3785596 2909055 5729499 852831 4573916 4655566 8879902 6797837 6166062 4199366 5542702 7877830 2821617 
8033304 3373715 2522575 540633 4706788 4146363 8239844 2404255 3272696 8699975 4896042 6887666 4936567 1743528 4557407 3683592 5887778 6927601 7493005 6512975 4861416 180122 4754827 3186850 5304270 9094454 5777043 3965578 5202510 3311728 5553130 45788 1987173 1173012 9629655 784896 3218863 2894629 759620 7154006 1260821 9788734 7427759 1648256 2849271 6669685 7504905 2945543 9627693 8625176 5521707 9622958 4392058 4213911 5646475 2406463 2538347 6620440 6734618 3143176 2436231 8062504 2683437 8521294 8037416 8568109 2039154 4624030 1207962 65573 6217470 8981394 5032354 4571098 3234482 3193300 1962900 4235651 187193 
8309110 6151243 3366847 4073402 5268904 7630222 2817938 4232674 4876717 9098966 3030050 9058975 8937939 438691 3187639 6477569 1676997 4705682 6736477 6352348 5818403 402185 273589 1729805 5127281 4077241 824686 4500057 992011 8815290 7456319 2929631 3626013 6385907 4399017 9293953 4170445 3953969 2642424 4821488 3064740 316946 9895492 1065175 1745887 3395095 5131767 8739345 406341 2247648 3880037 1461883 3895816 7240505 5476938 6016783 9617724 9844908 1816581 5792306 1755532 4824384 4801427 7841700 8377457 2292831 9818754 915854 5083075 3412326 9055181 5622862 7149129 6684112 8084958 6687357 6869911 5361747 8242402 
4388020 1074549 7191785 2466159 2807562 5938871 7489220 1151401 7657562 5676402 7485271 8587790 3012919 3710190 1289460 682223 7206694 7726409 2915852 4606215 4337554 4104203 4553776 1187213 6647257 612319 3384282 438251 5193173 4699408 2988215 9158265 9753507 6554826 1237137 419553 4849349 1275846 5577770 5314862 4282486 3252961 8085141 8588183 160242 7014180 3087475 1643745 982641 1058356 3905793 9161380 8316872 4590171 8792815 4160908 7551119 9357966 2975503 6107144 1438862 2786476 8780232 9242367 9122549 6392033 7588761 2742664 2039146 9368432 6837791 4278671 3957000 3152816 609748 1878488 3062055 6401094 1685263 
4257300 3422678 4701367 3495516 2566433 5236221 6476172 4005714 3036009 517497 2374426 4467429 5310957 537114 4184064 6728926 4170910 2841939 6284454 4942994 2262602 9661512 4333658 5294355 4604018 9143357 6545561 5172784 8090958 2908636 7832292 698388 6465818 2761644 9292659 8033013 6673528 6811531 2861041 286871 3152837 1186858 5343315 8822379 272925 7767464 7456591 1857794 9547522 4676295 6386985 4715023 8168225 6217061 5385248 6747978 4711397 4206123 1833205 5298554 9733423 1862204 5540538 4992518 9067394 9410459 4738229 8609757 9415144 354010 3247282 5264175 9715066 7460758 6966831 8220593 2010267 8888933 6360883 
9184043 1885140 3465638 5158051 1640323 4317248 7491601 5668747 5575478 9599172 7833983 4237501 9493443 2086773 6986810 7347317 4665073 1308637 67378 2504480 8803491 9738256 1553767 2190621 1707952 8942875 885982 3316490 6255980 7482757 3581838 2362451 4635111 2007247 2250529 210961 5379119 171163 6233028 5747087 9980394 8020413 1632861 1118886 139602 3738491 6615703 1285580 8174646 9278055 2652047 2026558 5938799 3257150 5383891 429484 516308 894417 7532156 6491717 7947429 3166901 6771108 6516591 7808872 392888 3063963 8360939 2217376 5552400 9958898 2462686 1651457 4388230 2393234 3753649 2873287 7035430 2242351 
7009551 4322992 1392089 9520924 2396352 5885727 315234 2884414 5384410 2788371 684933 4748850 1155932 2295645 5365980 8804604 6314322 9015736 3352808 7483310 3589099 4495065 231847 9133750 7552548 6340865 1373762 4348757 5337637 425547 5765719 4221572 1621855 7335404 5794476 5990885 3776779 5863280 7965737 6443366 501602 8518721 8056422 3897313 5715796 6524733 4870332 1167319 4774026 4643519 1474421 9816755 3026680 2907127 8388367 3589995 7596648 857746 134544 9069033 5017302 8790729 6772980 6652388 4581612 5520379 4299264 4963199 2272736 9878766 5191504 9941101 4493796 6492272 1144649 2381801 6654282 3824493 7266142 
5333551 2663347 966838 8232325 9836067 3645794 877799 9996257 797965 5015209 9873548 7819885 6995638 5648417 8431856 6397565 6068605 4326113 2111358 5573502 7628712 8968410 6203045 1289589 7616055 9963575 2354092 7885693 8991178 3517269 4944081 4778526 5935458 9973127 3426740 9601610 1373139 1541523 9765342 4416962 6663226 2737578 9164876 4373283 6188060 5680041 2013833 558378 1329552 4477802 7905752 853982 5395218 6996937 4880518 1977833 967231 5620896 1405468 696894 1403250 144919 9044497 9088380 3969576 6919423 785747 404891 9044220 1461751 3446509 4253851 9555265 4680346 3933471 7498350 4408304 8574336 9614997 
8914961 4739640 165832 1203895 8013609 2147389 7833621 8110689 4814338 5488722 2768965 9673049 2316857 9918030 3909523 6664784 2766820 3145067 9145421 3077912 5123747 3897409 522735 5035556 5319354 5901455 8662596 8453170 4757797 9049501 4975831 6526078 5862658 9582562 3496351 5053615 3021513 5150963 5638661 2446891 720692 8198866 7326062 6463490 2595217 9525615 6213689 3645764 721910 7665171 4730052 8766162 2029904 4534758 8182728 2558147 1614244 7337499 6493293 9238989 4227048 7954057 664920 6743500 4680598 669777 7944056 1860429 770056 8668578 9448968 4846603 9018792 7934488 6846399 6361365 2772424 5431067 9979034 
4873894 7859920 7925519 9157638 3449183 9064280 1327064 5996213 5177041 6067621 5033744 857023 1516199 5484906 4659705 5818738 411575 643640 1074180 4370173 9741794 6680652 9869708 8046067 2133786 4809374 2915116 7355557 8044741 6501720 6171690 9759815 8393933 5844939 8476752 1081270 6320394 7473494 5621358 8034032 3135761 1139482 6859779 1818271 5076006 7306581 2739062 9353886 2273703 681761 9958858 1993243 9926537 2713457 3324302 3758667 244302 1981932 1096 6569361 2186003 2761881 9195998 1030367 2808899 8803352 7253712 7200137 3491461 237752 3238506 8550466 3322985 2164991 837383 5282759 2900812 3513503 9925129 
2166990 9259154 3958983 1044483 8014922 7082214 8345762 1972451 4144933 8256018 1867526 2763021 8091834 3296425 4419348 9674867 7913092 4059378 1030619 9755329 3676128 984883 6905311 881979 6683256 1101741 7310359 7232389 9829333 987625 2903846 8930475 4692487 7023776 7152612 6306457 9900100 5820293 3265431 327646 3526310 3195359 8098761 1143952 1682950 1619372 9125397 7434642 5503514 4461698 9001500 8652780 9831887 9766834 5768466 3720098 7593067 3683966 8572607 468513 3142967 1719476 9067404 4537505 2527845 8715919 276901 9864088 7649017 708290 3229320 7242575 6604591 6182759 532835 1528038 8385423 4399127 2956396 
7623784 4029164 4175655 4765092 3574273 4104311 5952660 7469928 3492409 8452005 4635295 4704032 8261767 1044685 9468444 8524314 9668187 4168141 2318212 751808 4514942 3440960 8090498 233375 2070800 5898689 3011999 8029173 672912 1405287 3388746 4554120 455352 1344100 3681279 6392886 2722609 6519166 3236031 6266650 7046201 6762910 567257 1881094 7856637 9628083 660535 9917928 683447 4010704 4161723 7730544 9302474 1141934 2147359 6878668 1596915 3047780 8450928 7654554 9778890 6616122 4859948 1316746 6575176 9247905 1006628 6747045 7267695 5814979 737444 5338264 8652136 361046 6323578 2966410 438845 3062450 2567154 
6837121 6628949 4319937 9524898 8583000 7259281 7461035 908970 3362507 434853 8132510 5371491 9923870 2662751 507236 6489159 941061 2771366 9845807 939832 5643427 4265439 4621915 2024057 7869531 420460 5626856 6109665 5869353 6094156 6224534 4459213 9837252 2368137 1785184 4493254 5073016 9192875 4074014 601899 3600390 3301301 6092957 9024779 593683 2252614 2401396 5068563 1511648 2418303 6544807 2067188 578069 9023567 7365616 8436477 5433709 783284 7484946 4194959 4280872 4570918 9055203 9004018 7281456 9894587 8969900 14019 3344288 1816799 7696715 1144319 6219513 5307918 8850885 2991422 353552 1033782 7589542 
3454280 8480896 9210916 4523003 9909959 3923406 2886726 5355817 7602987 5128198 6496460 1700671 2317205 2042154 7952302 9794693 2348560 4448252 9388967 5501113 8135007 4943831 9127310 3909226 9414774 1018808 7512881 4103139 633870 7507311 7244185 5705481 6666502 1876825 6898384 7844881 1313488 6324948 6697837 6734714 639855 7256531 5955278 5621978 1822147 4305464 1206206 5553091 7751403 7291146 1849344 1805417 8420690 1609416 6230078 7647579 5723054 6004662 6348687 4913977 1238166 8366332 4113769 7664062 211721 1589194 2132350 6207173 7076486 4719214 9416144 6948517 7929189 3250950 590253 8920582 328168 4219599 2556666 
5749815 3799333 419434 5759882 8267668 1443586 2541664 4110239 8817012 7139332 9209180 8853996 1445608 9363947 2797595 7267125 5751057 7069767 7745178 6521640 4548944 1364554 6354254 1764469 451172 5632716 5152170 7222271 5730927 1328898 8847999 4110587 9216900 9566629 367959 7660507 9567647 599857 3220090 4209839 9896683 9000912 1789691 9285518 1802556 2846434 565262 9541732 2272361 9126146 1369548 1558852 1169586 5613962 9080818 2717213 1233372 6065027 7458286 9016629 2193948 6614183 4145060 8554779 5597371 159864 7478696 632325 4058555 5706297 1900850 2124434 219078 9714622 7446320 7111207 2305742 3932152 9787228 
3217617 1218795 6684911 3056129 628730 8615999 6532924 265435 7114497 4781720 2949427 3620335 7279001 5863943 1707676 9092264 6580204 2107275 9754350 6470056 7484907 4114682 2016780 1982409 8675633 4553049 5860560 4542746 536385 954339 5809968 7364291 9116351 5422962 5251330 8740854 8161439 7827350 9299529 23603 1863811 7015467 8142483 7242853 5355573 7176263 1874470 5758631 9049321 7525937 7988849 9500313 4720846 3699885 6864400 9394747 363086 6810485 159035 4326034 7380404 1982717 5801590 5358866 8196983 4900486 5712752 2497907 9409115 1536639 3477239 2652062 2210723 5093976 9914049 5747105 5734517 7357350 6567104 
3837831 2850250 2825210 7689583 360681 9996576 7975297 741011 4788318 8887524 3778203 6916460 802254 7352097 7576404 9796429 5831229 1206033 9819638 5536114 9303177 7964126 2344162 6263332 2751363 9335171 8871289 4204857 8793483 9077001 8393534 2518708 8266243 170607 1959420 2290902 2018280 8982313 4627501 1874196 8460378 4439026 7773622 9820002 7462473 5698853 6754829 3940540 5181876 1035846 9657338 3638695 4307433 1924402 3357542 5981277 3650593 638385 8963992 5545422 168791 454238 1361013 807453 4949380 4078950 7888326 5286336 1558666 5962839 7772281 3220950 9708406 6358405 5472242 3832463 431315 7290675 1026794 
987395 6055550 3826199 6763630 6780516 1774827 9762005 4814408 4698090 5547553 1992711 5778317 4969028 4267582 3216306 2712615 5762965 5120611 1625879 6190173 7161253 3232772 5865419 6327709 5279233 1714385 2351084 6630837 6264826 9643083 1085127 1730651 3939643 6256652 2878075 9369837 6137063 9062820 6124946 7938068 7174798 2729676 2971473 3804145 7855632 7029486 5503473 7736276 9488688 6228402 8731683 9542454 6690635 851939 9071914 2927617 2333963 2883831 6048895 6093328 1107081 3417564 1530588 1674455 4868474 2516349 8194836 7474076 1879462 3790240 1276894 9764876 9143139 123193 304713 2835202 8431546 1051129 5595397 
5792185 3997892 8151408 4428039 8971587 3637100 6947393 534876 9217627 2877783 8898411 5339219 7521822 8858701 5366617 5290198 6336036 748814 2567024 6330648 3274389 868451 5699142 6965291 6920340 4445040 4227063 2984055 7480331 983086 4815269 453624 9367290 2200593 2996507 6876595 7769586 6950943 518487 8316869 687772 8752192 9679889 8898203 6979506 1781944 1089003 7968935 9300970 440105 5483637 4308271 5792017 3602134 896733 8203296 2754052 7672638 1269396 6846901 9919509 2435061 1486717 1108638 5133644 8001047 3154801 6535657 2237843 4045792 305928 1008378 1304103 7009509 1015704 8691211 8949166 6917223 7817666 
1884821 2214106 1833074 7945201 9985224 8606073 1361423 8345029 2293289 4581140 4404650 4715380 667306 1031053 2333849 9813711 5825751 1033225 6093106 2097700 729108 3765610 9778036 6821565 1224661 7471979 4007857 5403641 1193340 4024715 8512719 8696269 4497910 299034 7273500 1498311 8601031 8898792 6528198 8642847 5164598 8018619 3827818 9739188 5782016 792493 1590960 1505487 3275268 3842470 9820937 9235991 6688157 370240 7686650 6393935 5176042 5537448 3542657 4442709 4953353 4151366 5104407 4866721 8349896 6478912 4913913 9610100 9088877 948822 4578756 3491434 102486 733991 9514769 3620437 767123 3604221 5482289 
5621994 9849630 4498935 178467 9638015 3961513 8908682 8907114 8256641 4337038 6169301 5250423 4769672 3638574 3569259 2607390 7281566 1987433 1830758 9114319 8418346 91375 3644192 9781262 5284010 3046937 7724913 8075690 10688 8191441 9195201 5868162 3649740 8894810 5144372 335628 6762818 1101340 7245703 3373280 695301 4720303 3685217 77572 1644774 911065 4839849 8751524 5807082 6615531 7005534 6173526 6528976 4447783 1927482 5785141 5402554 2901950 6154307 2027714 1488555 9330365 7983208 1483409 7929833 2920195 50765 9536672 7541859 669690 6253812 1805358 7890184 4854496 735681 498054 517960 6041718 4144065 
1494988 3861265 8377418 7545912 7154660 3327220 2735917 6273156 2376434 8191763 5094752 6690812 9008174 4996818 6865165 9188795 6475809 4265475 6833466 5837135 569631 344144 5899855 1421582 2597929 5094944 7900095 2748454 182815 1676389 6162347 3916812 1732525 159045 8069693 9788097 8706118 2366730 7613562 7984366 7570841 4066420 6119873 1628275 2720255 3620115 3857192 503473 3740492 795404 6626793 6368609 7174960 6622956 7495996 9582382 8276431 6943355 6760763 6642926 5213503 7740505 489045 226753 6023157 3501509 2115292 9349953 6970291 2478042 3974785 9026369 4864515 3389373 7632435 3036753 7041980 8388984 5072424 
259871 2035978 6993274 2072766 7893107 9221732 4633009 3634426 9743732 3719530 7048628 6640550 3288065 4382843 3901733 6994679 1388561 2544232 121665 3833823 8820839 1613007 8193955 9589572 2924303 118426 5563988 6575014 6815928 8820505 7549248 1474312 8922196 3069670 1269501 4635056 9749202 3340983 9758983 4322120 1748677 1688470 5411122 9004597 7514559 832402 6154514 6411954 4063645 6058490 138940 4916885 9308000 6772499 7505531 9557476 4742285 5435828 4421013 4398942 8654963 7057665 6993547 8266042 9478849 3312979 2315984 7850813 8012584 6040687 4539941 8617383 3331559 9999936 6735978 57421 8244699 5424734 1676959 
51515 836322 667922 1070759 2057373 7975371 8784718 8461050 1490776 6467338 7180029 3395032 9417597 4909765 997604 7574801 388304 9437035 7028502 3738549 2634581 4985511 8755957 7278312 338757 293268 128443 3016996 1410463 505534 6281113 2985279 1943188 3648016 2726695 8374454 302876 7676485 9806931 8721984 3676502 7623423 2904677 3198520 7700050 614585 774837 6468677 7133419 5525813 5583252 5413408 3369197 8112676 1928243 2060497 6819722 1957612 251719 316350 2115627 6509217 2535030 914848 1550164 6868131 3111744 2885379 3308477 4388850 9737713 6206715 5337232 516635 2762613 6144954 3228091 6950117 4843785 
8917486 4422926 801699 2099053 9009568 6102012 450242 1478494 2458233 9500579 3466886 2045728 5621387 9906335 3004112 8313651 3677990 7218346 4869805 4922811 2538798 4641852 4409387 9180308 5909180 7778285 9787909 7596995 7132229 60806 1798362 2806500 6958935 7093024 2714430 8029483 1762969 6851644 4133318 3217871 6743841 403333 4931886 4095093 9969109 2648325 614137 3393457 567856 5531801 1412469 2403187 6947558 9030685 1333679 9501176 9769031 4344258 2280201 1480483 7953023 6653657 753511 5305663 7201483 3092206 7375618 3768125 4580426 8203108 3498756 3014569 8352384 8033402 3143716 8561492 2348014 2728800 7650609 
9961702 350770 4400646 4891209 4205477 8551780 9908702 5930505 7703196 7388458 8908968 4639704 1347159 7596011 7518122 7785173 5602882 6126783 9171253 7425813 1288621 475625 1277483 138446 5740403 6808883 4895226 4442510 1333543 3880365 6680600 6179817 8709082 8058471 53334 9844227 393466 9034851 3273875 9816941 1280842 1385911 4060731 6402379 1156629 6394210 2942401 4184119 664011 9215905 9117429 1880254 1426880 7834416 4394573 7741300 8791371 7778709 5005186 1760974 8949573 3509792 8570130 1618043 1331765 2347117 4586095 5449155 8389289 3964956 3220956 7251630 3806600 9124481 6490154 9950140 240738 266293 608853 
6671217 5109780 3218645 6320417 4338128 4544199 2168671 5717780 4169038 1331718 6342664 5687511 2085413 9550992 5859402 3943110 7205961 988915 7003464 9038478 6360596 4858819 6217067 285638 1728107 6112929 6791920 6807982 477749 4270884 3122318 4391059 360034 1459778 4190366 4208609 464221 5952228 8488253 6856997 7040179 4019610 2560250 4323213 6833257 2911182 6586329 4210496 5395138 6988382 156216 4846975 3759919 8851375 7633717 347902 8186477 2921164 4931884 3995058 9225803 1794722 185264 2682464 7836782 4072193 7652991 1644197 352835 6109013 3291601 3118680 3127119 3158502 4217967 3485906 3912659 2634816 966568 
3129365 2608605 8912041 7048481 7409012 4136263 6698476 2867198 4113898 4158025 382704 5566028 1564530 6565308 770275 2800614 3423935 6866926 6922595 8586066 1002436 1898544 4197626 9232505 9641161 2343176 2413909 8413262 7271141 4968565 1534838 4662248 4756968 3824272 7659402 4009383 3263207 6509741 8336868 1258314 3044151 1407276 9832467 9594191 8096912 3592747 811250 7474845 6819522 7508615 4101470 8545820 9161298 1872290 5895644 4954302 6325053 1061312 8412642 5783925 5492148 508737 7324255 6256563 1103662 5296787 3795983 1267391 9684102 7164528 9745877 1238757 7476613 6299571 8180920 6302712 8728087 5302668 9716451 
4500386 3487831 3227480 2873940 4406939 664971 9513860 1724474 7532734 1584329 2324987 3452103 5603567 3527168 8605741 5837485 1426449 2522485 8315407 7347970 5666712 723448 1111461 7843478 2617982 8011197 2309597 322978 7274914 3519915 7675026 2439512 2921275 2407991 9402484 3361851 7748922 8863310 1623383 8191586 5372707 6947618 3612850 3372668 9312380 4568527 3928707 9582518 1579930 8041240 4745186 3710478 3561342 5627004 9006171 5058076 7269574 8748266 6134699 9532912 7678842 2871070 6655817 7367920 7804646 1819234 501203 8037292 8924122 9381127 8951730 7827985 543946 5233626 5024583 7508825 1300882 9635621 2267280 
1466117 898717 5512610 9735514 834879 919132 568531 6971269 4683505 1234546 1491340 4124727 1381681 5412586 442555 7052886 5378284 6656480 9122464 9942136 3614986 3403855 7264570 6536366 6560928 7000629 5345285 3689083 292649 163693 2419325 7184466 432074 2881164 7065247 788165 2903650 3241509 6181555 5664387 2440532 9332930 8376714 4064064 4463828 1249656 8973165 6934560 9507319 3838176 5169904 8801623 2986556 6331369 6046047 7699724 644946 7934154 9201279 166357 8345192 6548066 7881686 5687558 2460265 4467477 7194806 1929062 5582367 9002633 8454105 7884894 5101316 9192471 1891842 8249033 4853536 620035 3636645 
5883879 1948596 3976555 2703869 137337 5714428 1528433 1518363 6357131 3457857 1073996 7946506 2688004 7304744 3203419 1040345 5943205 8381894 6658120 9692282 1064975 9260637 4141902 798834 4893852 445834 5359838 3760745 7078135 9096710 7985313 5735180 8077710 3869616 3085687 4110493 8176327 8845853 5635236 8704917 9617268 4912834 4506330 2818212 610701 6423742 5421694 1474285 9602358 1830788 813933 9369759 8056515 6989128 4974775 3906242 2546836 9025919 8068275 9651303 2404683 5112761 9829471 9698078 8240949 4929014 9983259 7682175 6555251 2113805 7397488 2740899 8257200 3459454 5899170 1391640 8131440 7027565 9741317 
4726840 5167840 4113707 960856 4743897 627240 3974790 1482528 1438954 1147825 7196101 4313379 5063020 67613 6181332 5074303 6606610 6824016 2125156 1097468 3742712 9837720 1244784 4830531 8615541 9717915 2256690 72462 5930707 8052734 6870226 5273724 7507574 8682609 541589 7034817 2660847 7404513 4915773 2548688 4844146 2849215 4613887 5452024 4842795 7082329 8195557 5743629 630326 5514799 9343233 7510231 42491 7065870 1353951 9156997 7665828 2497358 6236291 2362170 2676507 823904 9226786 9866035 164938 983856 8062287 9148447 5911920 4106773 910388 1628020 3558043 5142202 8072135 2292188 5490180 3401906 309886 
6165796 2330116 8538405 8191067 7977765 754700 2874404 4453097 3814176 9231157 6001737 9667733 6863262 4072176 1923867 1800923 2634264 1388811 5654184 217243 6180224 5256675 9932920 6507916 7554132 194861 7793113 7332029 225579 4718131 8010269 4257619 2530469 2724296 9857351 5128001 3791272 9539592 6016637 6924463 1002803 8318733 8310170 162349 8557488 8879735 9667066 3351868 3779527 6093352 6257565 3576914 1032917 4426627 9082402 4160849 4926364 984293 5553582 7887833 2327745 647727 214818 3158456 9168750 3619267 5680296 4644702 3199911 1397745 5848863 2036002 3372646 2833091 4170438 6440690 6353210 9002868 8262222 
7901161 4572333 7185395 643673 3244252 4732020 7280814 3534044 5148027 5347489 6675693 5841337 679561 336137 6467840 457000 5681788 9462701 9847750 609617 2213828 2541889 6494655 3452223 8601623 2132768 9124714 8437258 6103809 1627411 7059252 9709675 185056 5016164 4689619 2765701 4685191 4566436 9597594 2133699 5797671 3506711 180678 560542 3690321 3672157 3674470 5002393 8465590 9178112 1559929 9301113 5102115 221341 7901213 4317750 9106194 7904880 5134920 2885098 631755 603623 1534340 9910377 8439050 2253180 9604587 2558940 7701727 1129941 8092416 6720553 4907288 8993492 1108414 2948661 8244838 6988212 6131792 
4719853 342533 3918401 7945136 9772513 4183263 7847029 9301554 2105127 4282339 9540706 5756237 1211197 3387197 793145 7839604 4972977 5503587 7742102 9025833 4964502 7355354 2247062 8791627 9815712 339096 9099223 9718561 3669370 3961990 6615260 3157716 8676859 9181234 3209801 7914821 9886571 5458275 7108014 8571497 143993 2585391 1236190 5764490 8230872 4899885 5432334 2207509 9294205 3502304 4356462 9625092 7015543 4629233 4599754 3246395 8278169 6139427 2864040 1095884 2755715 1081776 7005737 9156910 4468754 1292186 2383461 500532 9504908 2279572 3235332 5587670 8697217 1899151 627409 7487329 9728278 9310196 7929379 
3076913 1848276 3538242 2284982 5589506 5909810 1584173 4839925 2490176 1664331 5681434 7151372 5981049 4732 7508811 4324841 7170165 665952 4204181 7996735 529576 2854074 8942831 5524419 3671683 3427754 7874225 4828396 3857470 8673538 5679986 4517136 3404729 6849820 2990364 4754286 5287102 8192967 4418500 9996785 4992995 8953553 4474 3034650 2595564 6686911 5766307 6159196 2250944 9927636 9895224 8720913 8431159 2549468 3244358 2499671 1179303 5089878 5278768 3010428 6880717 3352642 2677011 5465456 7949045 5015916 4003554 9658979 9246849 1103961 1609015 1564567 9401000 4978746 8335318 3127746 4398447 9919612 8824953 
9572067 7573988 8428627 5102371 6049133 3439172 3703919 6716966 4778594 154813 627227 9247546 2285562 2830383 7693146 2562047 2025997 7600383 3272796 3185456 931476 1009110 2940630 8550888 7189279 1143831 4964515 7284898 5647844 8398759 6593815 4286995 2012224 614275 5866398 4563072 2157822 5784181 8210418 8763014 6171630 734566 1448602 5619400 9720279 6116785 1003648 2826490 4865243 2531070 9971219 4645597 814725 2285627 2582803 6311716 8317717 958612 8721475 4842031 5027566 6629956 9745417 4336440 3259254 5100123 5376621 1501091 4992204 6283462 5521213 4841159 2556121 2027797 3807319 5345082 3062001 422183 4835744 
4353599 6928348 7505734 4235904 50316 4930026 2306680 888523 1920970 6689865 2617840 1529494 6431456 7854861 8335456 7202765 247633 356416 9021766 7513402 9144829 9019918 7849852 9124250 5086546 2950569 6652232 2485202 8604275 9042924 9988779 7631137 8556662 3999598 1082127 2776211 8450003 1255980 6903199 5452517 6227055 5334366 680991 6669950 6506029 9168169 7139054 3650497 5889952 3922896 4023373 9514021 5497733 2880754 1620432 1253724 2511592 6809659 2408467 2906585 2116197 9831016 2791591 9830258 9760194 4964548 9322010 187760 1671890 4707750 1693728 134629 5622510 8111166 1801760 5669276 4715313 2431527 5505939 
2201622 3027149 8867871 5497178 898209 7443226 37118 658077 6246432 1092160 9078357 4173366 167074 2675215 5035528 3734374 9670752 9779602 508944 3709185 9393878 6251519 7071218 2313330 5072978 6220826 253321 7961774 8921373 6868532 6814991 737302 7186211 9201735 4515568 4125196 4345349 3301617 9132772 2903203 3639353 646803 8941801 5230688 5330269 1347011 4061769 4107933 2977544 3773930 2680181 120213 7323242 9279051 3809275 8044383 4401486 2900468 3273566 6391552 7433741 7690032 1974879 1011364 4179873 8026320 9057007 683976 7032224 9149397 1218302 6719677 9409032 8739947 1267422 108331 2687653 4980787 1967971 
9283898 1278674 9007567 1396114 8276537 3552873 9671519 1798060 5593158 3671207 7477604 6682227 9325252 5732993 2287894 8894718 9046848 7041962 2450929 5199551 1225891 2761986 9071660 2130416 4061909 4555202 705468 6967415 7508435 6860231 7148140 4565575 4597987 6493420 456429 7816141 3482903 9293865 5486958 4463201 3394637 1738470 611556 4114711 1833248 9547488 6346830 8165147 8146547 4513843 1751439 8259906 5528177 7209975 8047417 6371419 8631194 222766 641058 3320166 3552349 9718203 3110731 491387 784148 4988157 238569 7796995 9379912 9182967 6699338 6539934 7332524 7419776 2930966 4145119 6078953 3125240 4504986 
6350969 7689992 7911799 7883394 207484 6551526 538953 4293635 5327039 8281368 1290666 5333624 4473379 352196 9981505 521517 1922125 492154 8915980 1848345 9534026 611890 1899953 7872886 4863455 9716592 4514723 4739992 1619993 398896 315144 8625656 7217622 8863378 6817069 2178133 921787 7245063 9753857 8131700 3773367 8317891 7203636 7742297 451525 4609888 7015497 8420423 5517246 3923976 7085797 8948514 904649 8848266 2114824 3623445 8508574 2582404 5129509 3673619 8542141 9053576 8478524 2442800 9082415 530433 9310642 531566 2081558 6526486 4650034 9044510 2393661 8060469 6829129 6941712 2785412 1034389 2571201 
9366899 5837828 6568007 3428960 3799480 3518784 1037537 3540771 9156179 194255 4771693 6854817 9421155 1728383 2469557 9858964 1117832 3452636 4615870 4512306 2500653 1808293 7571608 9986395 5691505 2386396 7946078 5344969 5820706 7400259 1249151 162012 6355 6455021 7729193 9384719 9573694 5232732 535593 7636378 5768635 3040161 128755 1113080 7910142 3467196 4345116 939262 1510787 2588714 2425467 3235064 7492278 7700071 9896563 4029258 3147692 5502922 3960241 6393984 6670303 4986817 9143456 6721141 3947669 5223502 2922318 8548821 2835460 1687237 4652654 2162174 4731209 6092680 4307687 1132365 6249369 9098700 8597724 
5174253 5786 6063454 2375585 3392813 7187871 7001387 6448121 9410083 4548727 3047011 6365464 8339736 989939 8656478 5756364 55709 2327560 3374348 3741674 3811973 2418726 5113202 4677350 8125231 3999166 5537025 3196607 4103788 8411890 3911194 1507685 8177526 8095873 3721117 5992932 7735928 6652214 2571699 7472067 9991996 9175785 4389847 4443647 7555054 6786126 3273297 5910965 7204508 1866811 6122345 6604579 8811813 6916035 5217907 9898110 3671580 4544340 2282873 8605641 1092710 9568474 2981866 3707078 8105792 5871411 4718250 8459043 8376309 641114 6333169 9039467 553466 8404023 4504472 1931616 6957068 4414184 1512933 
2250185 8477174 4955333 7646865 1452248 8521850 7041361 4973294 592925 3285182 3380901 5569199 4624422 1620332 472607 7411313 1114570 101491 7539309 7385162 4144215 3235788 4967428 2778643 2203638 6769693 2417542 5295814 3450287 322265 4798796 3077534 4522239 6595826 6243735 5323172 3989680 7572142 5997026 4314238 8935507 1211430 8983256 7332337 7604439 4341801 735723 6371203 4378347 5237753 7623481 1403116 3089844 6650693 493014 7833017 2157878 7023851 61034 4933778 7805461 1230052 5677316 763979 4202959 3494415 5013146 2029796 9669206 5777279 4399147 4000417 1401844 1641892 1832784 7833114 9514362 1308221 1296567 
9539475 7216020 853109 3486360 216983 4100077 9912580 5418392 2113652 2389016 9760808 9984326 3565148 9900960 1300385 2493690 7015304 3257393 4806960 3505452 6392423 9275258 1817489 141352 5464336 2531498 2760840 4109911 6966286 7081101 9455003 6087826 2916541 7471433 5588641 1757059 1961286 8588169 9777503 7502858 9350350 9871368 4719505 1535982 5259743 6503862 3720878 1614308 8265509 3874473 8781408 5568952 2275212 3211443 3579000 7643877 4906705 1110149 6615802 8147329 2648616 2057990 9353925 9106540 7236487 7162090 5802011 6411883 3586086 7049304 1401214 1691027 7476980 5450387 4779928 9010421 193000 9246794 5513283 
9495883 1498115 6175933 9727213 8442157 853876 6485077 6455011 3074150 2316582 4208606 9164442 3997872 5663329 7366872 1418048 6191414 4172545 9802501 3236597 3604513 6386210 1088312 7651963 6645604 9746840 608344 5232480 8567169 5037776 2113205 9004092 8618915 8033179 9380892 8152300 5560562 6318621 5597782 5268852 8352786 9781907 1541079 5778820 5104687 2621689 8472867 3756122 5560608 767532 4156564 5372652 1780323 2310618 2631185 944722 538214 8856135 9531335 3167618 9715671 1530447 9525221 2397252 2422538 7335273 3821618 9445798 3909636 7433808 9948222 3684052 3176344 8008392 5330906 8603605 4002079 3212411 9872885 
1152351 8725290 5194207 7697299 5108431 5411867 3901591 5240740 5929395 956368 7695556 7122620 4360619 5638259 2448569 9885431 6764821 540426 1315264 6835773 5260336 8114104 9571218 7564182 4795761 3965427 5190617 4142693 2789622 2312234 2594459 5755953 6620667 7363076 390209 8026356 8819750 2058689 6377152 1250581 1102296 9342440 5524284 3441074 9828638 2910510 3533083 5750796 5760757 8001526 7392766 318141 5822941 4698980 5413710 3528022 7663999 4128739 6580657 6012461 2381848 1401090 9278824 5301989 3814992 536010 2820296 5987779 7329596 5092235 637949 84515 5748111 9339014 1252670 4900909 5970446 3727333 2924723 
4184336 2537258 5501094 7414041 4472533 3255550 9564529 6945804 6201554 4793957 4150908 9263933 7831576 8691362 3103958 8210190 4841567 2068129 3327483 51631 5422217 3178437 7533495 1975540 3227020 9133876 9932519 5613808 7353702 2205038 9676151 5728276 1030297 7761302 3998499 2913116 136990 3498348 5684512 4559847 8358612 6293244 91742 7736720 9067756 5802858 4012076 4797737 1240001 7866752 6165895 1637226 27061 9491228 4507175 5021971 9757639 5436379 164564 2648321 1743 7867016 2169739 4327299 4806856 1358697 2158908 1407145 5438953 8879391 762343 1588516 6029935 425135 2797663 9885315 6711897 7086294 357713 
6794180 1593371 4603468 8561370 4836537 3992054 302773 1136727 1383871 6919077 1441810 957822 3304282 9571559 6211055 2962353 9672303 7279388 6460358 2261942 1600854 1203785 2284145 3567011 8546220 5295110 1130487 8020968 6504356 2166159 7724190 3400426 4346276 4497200 7403918 3847851 2523250 6916132 1130756 7553973 676052 4452933 1844911 6811108 4285362 6469737 1636900 2872341 1001600 6238780 2550929 1403269 7320678 6186225 3906956 5496579 1192470 6055139 8059844 8516262 7033465 6323853 3502014 6201854 4383527 8474900 4954124 8799560 2863101 5129646 842128 1554936 9277669 9949881 1131973 3431814 8925490 2424859 7077050 
3917252 8383153 2405276 4008175 1291920 9506002 7205327 869335 1889000 8914332 5792775 2231067 7438707 3554019 1011930 577674 4160500 7230950 4402070 5019229 7377314 5663818 4861917 4794667 1057469 5263825 8181609 4384679 6728249 2844078 8104930 8888506 463426 9208858 3325998 9509909 9874171 4387680 75365 10140 4282426 8679998 1327017 1788276 1778642 8737146 6844147 294002 7419701 6584353 4622849 5955721 580204 6287428 4894145 9418654 9633168 896921 1504767 2629995 6449515 5483028 521123 6111967 8412126 388703 8450843 1699693 560207 2929479 3354020 5023921 4734391 8743322 3410826 8721777 9064493 7289005 6451211 
1721494 140482 4488813 1499838 6270737 638327 9594300 4122515 1394613 1320755 4624397 9916663 8129318 7053271 1767758 2026151 1613483 4071512 1864550 6623425 7314796 5179413 8202752 8920685 3317093 733314 1821531 4968375 3196040 4490249 1894768 900086 8478845 420886 8911099 2555458 388332 3379124 5456347 6664413 2252520 7999448 5462062 1402382 6126805 6537810 154792 4012078 5021562 3242928 6635143 4073948 433965 9370951 8588278 1266478 5903496 3691795 5737592 7127692 6217592 7340330 8742613 7800168 4125773 9940424 7132566 2472395 5390517 3698264 2425995 4525615 983057 2642125 5273653 3782661 8492663 2602487 5396787 
6104044 426528 1607687 4382715 6016409 1604609 5618990 1070159 1689457 1368534 3683400 5925396 9121692 2347228 8432967 4510704 355968 3269272 7499725 4946803 2980791 5681397 4336932 5048235 7110578 7716460 42882 9938617 9155118 4782558 6255632 5319613 402076 4420401 4212148 9642503 4051207 7238924 9651941 1863064 3894751 477381 3614492 3820187 8526576 6202649 3841223 7607876 4376686 6341759 681898 3587165 2581541 6016914 171739 1781172 2265353 1015269 8586473 6053082 5470078 7490171 9179757 2564121 3267798 4264270 5616683 1378528 9107961 71676 672097 8846497 9664838 4001594 3814681 7226142 6301631 7876026 6829969 
8385899 3890459 8457140 2664890 291959 6312465 7292542 7537405 5512072 3235542 1151610 5888522 501753 9165680 4615362 4375535 8535159 6240868 2164171 2354219 7490948 1057068 6724334 8119007 7507259 7346440 8408499 1098176 7905373 1165727 6414695 6862932 4893040 3774256 5009487 2856280 34956 9826966 211389 8599833 44262 2443388 7603589 5565027 4731406 8649534 7516926 5675860 7027335 7917034 2401999 5820320 7226399 4359392 9226882 7854142 6135725 9105065 6342017 8261737 8182664 7016223 5515102 1078870 8518860 4685194 7853063 5755838 5000161 9357848 1551678 425877 4076853 5474741 2284648 3235412 833755 8651567 1611466 
276590 3122768 16510 3556472 3834153 7496567 7091591 3570458 53599 2663490 6357682 811738 6025204 6530564 5381090 4106234 1485522 2551128 6263375 2520285 8181066 9618680 846616 6497031 3073612 8925429 2946659 662957 7417247 7604207 2282740 9399176 1819590 6300891 9571909 5883216 8060850 5615900 8360911 1026738 3065999 6637021 9104223 1454436 3929802 2751666 1516547 5607694 9692603 5141308 9055075 2122750 6534329 195350 9377932 168741 1081454 9229804 3676290 9225043 1794535 2376997 4604357 7854018 4802648 908406 370922 5423559 5022890 3900377 2699505 4912590 5926060 3753320 8352312 9092582 8701587 9343681 4069772 
900502 8619426 4564025 7094207 9801519 9268708 2383445 4747008 3988410 9866627 2936968 3907370 755126 1534886 6189057 8358327 7953690 8456117 6800864 9286748 2883474 2280700 9147938 5643704 4929175 730619 2218343 5682785 3673260 3933766 1613680 266527 2575929 3470106 8752843 5947725 4551943 8489547 2481371 6560702 6278261 7769607 2732738 4453594 9704310 561705 6218840 5897097 8426737 9759218 5064696 2128831 8433495 432782 2077013 2850111 6610427 4575163 6961218 7447047 8594373 1331010 7196237 9872698 1043738 6652198 8326123 382092 1460995 9741996 669284 9541777 9712830 615201 2539540 5822869 9374151 4572689 6483456 
9181212 9390738 44925 6676289 5198453 3195912 5415945 9754843 5291463 9296717 2549143 8607138 1176057 6024387 987220 1821217 5979305 9096668 1494242 3599309 8028425 3883300 2198003 4351240 6486383 1871882 9956312 3137170 4087820 7223467 1442483 5740447 329416 2170242 6683546 7247589 1116174 1220601 9786360 113391 9392048 52931 4719182 8619497 4532212 3283084 2356171 5267695 2147973 2304573 4412340 3941982 7357396 4323255 9275876 5048135 169812 553649 1432992 5837770 455417 7368929 3538298 8166272 2458568 4142920 390371 9063379 8435768 9765195 9493233 7505478 9195047 5352932 2864861 5990556 2768249 5639232 5184196 
8795205 3649394 3987712 935492 707583 9974393 943607 7091498 2492309 1728066 9878121 44047 1911080 3018007 8601359 387937 1696337 4180375 9867568 6853274 3154449 266427 512596 8426401 5954462 5522362 7567246 3879412 2562603 298166 7952188 9159418 2195609 5880444 2219284 4166831 4333945 7781490 1007191 7477907 9703436 2333155 8467579 7673359 1642846 9070460 7582341 7578192 6083439 4108990 437287 2110771 7343 7613341 8510991 1351349 904527 2409927 820224 5778392 6756252 149669 6993228 6571873 2110645 1135330 4941513 2971885 6583160 3340755 1902700 9771214 3469871 1530804 2359443 452549 7965314 4016379 3011964 
1115713 9025652 3864422 9616423 6960678 9136473 3634460 6534992 3148837 1991964 9434534 7106870 1712822 4868202 2384893 7737681 9107683 2245901 9355336 134238 2063718 6476024 2407358 8985807 2375674 3432441 5375951 2187424 188234 3176202 5170869 6194970 8003870 5368588 8163631 6550190 514115 3847503 461321 966101 5423488 3568554 1684021 6072249 6027888 1452913 3566311 4653134 9591889 3650575 4183824 5576864 9676718 9889094 5829046 2462510 540109 5659873 9551111 9859277 4815660 7566885 8259789 6547000 3853783 5067878 3485910 8744477 3462412 6768696 9902207 8150854 1014751 9728168 4962632 4507610 9863198 2962469 4745105 
4862198 6801459 8783411 17551 4035132 78082 8078908 5524922 6915824 349325 5408315 4102183 758258 9138928 6656666 7139576 247966 585134 8116446 1518748 1862476 1536625 4213378 7028754 5729003 5300269 8962445 5395909 6630426 3515303 2597140 4281865 214266 8344629 799005 8718800 1554404 9582303 4379139 2878050 1891794 10638 6339189 9513695 3277584 104901 9957236 5764083 2026833 8140589 3938909 400622 8710540 3947997 9309142 6759370 386299 5006717 389778 5293085 5932814 2406224 7192053 6625620 9422663 3015568 7896973 9965650 525847 3703459 3703417 5282505 9290962 3747141 5441987 7388519 9220498 8059792 1869770 
3721354 5048037 1005286 1385458 1309751 1493798 4360487 2325910 1510862 4628258 6190619 4559214 4267229 2827380 6761702 1577269 9637754 6347144 6700862 7588121 3766820 1589490 2033117 9411270 320685 977630 7350521 8947857 2433810 9040297 7910916 4240073 6544754 8004090 1236168 8828258 7684102 8206324 5491154 8715870 3867824 3256934 350363 7205510 9872981 894741 7960093 4844628 927019 8095643 7925144 1770616 5198880 3795908 8801995 7966513 9488078 3264834 2536785 9654841 2171065 5586319 7818309 7771433 2703259 2992117 6446773 6368859 5600292 7362760 7378156 1386959 8107825 9153080 2675294 6054904 1677813 6142162 2528248 
5044476 7885056 8575915 8456806 2119525 2234622 198200 5450868 5446344 8963880 8805387 6580955 5116253 3936229 8524104 5866190 1072757 3453286 7218699 471849 1209798 5638422 8063791 743813 4311703 7277956 9219459 6005502 1259079 8427769 2198574 1312057 3030889 4824167 3680344 5549929 8860578 8065824 4294498 7689524 5661516 1597000 3630080 7827429 9739208 2396693 6263109 4782787 8744663 100875 6845764 6448075 6984312 9103199 2128165 7716357 8811345 9521728 2892090 51190 7784550 6867898 1057429 1891656 1086943 7414593 3621273 6899192 7834036 5104428 5911176 3326752 2500659 4129142 8302698 2656089 8302712 643115 8697956 
3802263 619077 1306542 8286976 6374069 572949 7326006 4780311 505656 3526376 2800327 304520 3469407 7774967 4823046 7696486 5693240 1953667 8384311 5290190 4711206 5657133 7866612 2490302 409569 4984436 4591268 3724208 5029507 7517002 8343393 3183639 5155322 7918334 7937770 5724939 5409730 7352160 7708424 5348390 5228501 3657029 2275576 5623683 3880255 2742546 8902672 9260667 7099748 7021021 2810401 3880393 1830875 5024198 6259455 7992210 6698267 2264159 1656707 2596744 3185100 6825927 2033179 7449933 1156981 465268 5047404 3268630 3401404 1800589 1653281 1856159 6572711 245009 709180 9309778 2913258 7628961 5427422 
7569006 3900346 5037113 8078910 6123267 7330899 7515119 4468251 1954502 9390875 2445497 9198116 800000 6223419 9184592 1170777 8184246 9041218 7785704 2172204 290188 2146441 7001157 460398 9323001 7219417 1560793 1567204 5348556 8810943 7594883 7990719 8917266 8489770 7343958 1471555 6934530 1886897 5755689 2502766 2899657 5538558 8774044 21863 9399956 7069099 6807763 787879 264124 5878599 2570847 3067011 3022295 208268 8268887 8270198 9476956 8007596 3545458 2384484 8029945 6363619 7990684 3837525 3189212 4602650 2689377 3246109 3551063 8979517 7459669 3511353 4721960 2059244 7237165 468854 9227062 9584020 2205904 
1192673 4017821 6111250 9061950 9894227 1556523 8819763 6886115 9456345 9057910 3656369 940850 8340410 3907713 5555506 5282058 4447708 9564915 2602526 3620632 4706296 3702996 2410836 3473129 2456450 8837073 2835036 7717820 2858727 7412401 1123189 9219868 5032257 2128181 1037516 8016723 4603294 9247395 4372714 6510439 780273 9141532 3925869 6339630 2898591 4694495 9907356 5005470 6719312 2499690 775979 9260030 4966868 8438668 9555315 7654960 9725147 7931878 8441080 5073429 6820454 4674027 3497584 3334841 5303227 6620253 1089999 4750132 6338625 5849477 9450635 5223373 5966836 560441 7535725 695240 6408089 7250752 3544429 
6485768 5283232 7581566 7530975 4771781 1468487 693452 889392 2729217 2898516 390872 314933 7519291 2704852 1312704 9118270 4826414 3567722 6103421 7656418 1985689 2891771 9519637 5944268 4519347 8368923 2057488 2926659 7459642 451056 6473021 7817470 5591349 9842014 7662835 7459010 7332366 7762269 8764796 5208718 7598768 7209174 7006375 2605246 7211344 9399831 4869947 8489140 7081228 5636662 9846324 529916 5743216 1013715 4005366 25593 6734446 8917283 2778862 9536922 4718757 3063375 6839143 7227217 2202812 4909523 4069599 5325146 3752445 7534734 825600 7470921 7345396 7321123 328404 8744315 9943748 9944386 4977089 
7827450 5230151 5471543 6462359 2062629 9226555 9202134 2877126 531965 211201 8502702 8076756 8379419 2161156 9241294 5515022 601546 7036491 6134549 751129 8928716 5098054 9055981 404974 2800452 2196435 8048352 2855031 5057728 9553813 774 7725347 1067099 3432226 4322394 6928926 2964624 6048595 3485549 5430964 3570150 5857075 8660576 7324111 1855941 1240479 1156591 3213673 3300602 5062047 3081075 1314266 4428362 7215863 7927484 6555821 7161484 5501356 5257816 3359027 8715248 6646928 7802444 8473904 1833179 8940998 1759537 3086543 7695061 2751080 3984937 3409994 5382795 7402922 8270299 9832188 7952707 4607793 300651 
3893791 2509390 9155006 7323392 4797148 8908003 8993853 6932699 9333477 8781603 263036 9537054 5970331 7115386 6448673 2243972 4629382 5485906 6540796 3197730 3706603 1986786 3604972 3515372 6838634 7346592 3476924 7197468 7044827 5153829 6057413 8045249 395067 5607207 1648115 6689516 6089154 5633000 5304533 8640868 4648572 1238437 9767986 4755500 5970171 3241002 5631847 1546527 4564686 4016170 367323 1465939 2499666 2070803 7667141 9540690 246435 3779493 9961789 9728595 8029896 8255436 5627499 1717899 7671380 3157866 8876680 5521505 7167500 5818564 538627 5794857 1449356 206393 3446490 6267476 8679461 4638773 8032593 
8746084 4113301 8454738 6110303 861574 9116832 347206 7257147 4349857 1454592 2134875 3170806 8659070 5896184 1678284 1628277 2813883 8024403 2285066 6525594 3791061 5278394 5515205 3207337 7537188 5427818 4238392 3239711 1496306 8380368 2803792 6678333 554174 5248882 6518534 8862698 314875 6149892 9994863 3172974 7781230 3459802 8086309 768728 5246587 7148388 5893642 8865093 8195972 5325338 4128141 4499947 4707165 7730992 887839 6619904 3276042 4111678 4369626 9754860 6167827 5157064 1454189 5726348 4654327 7593177 231005 6874328 2198377 3265783 1563725 2457243 4248756 8790320 5687083 309365 3178001 5951568 5015931 
4047663 4713907 3387825 4799604 5062054 4783795 5640640 6357688 4400980 4062372 8408363 8131854 1025307 6920228 451830 6836118 4010176 4621015 833029 697393 8730403 6250430 3395303 6257374 9403722 9104747 625826 1678813 8195269 3301258 2416363 4555082 7552420 744565 7414180 9949686 6806021 555603 2279742 9491719 7838927 8558919 5985257 2270778 557566 6396591 8556827 7795010 3851219 4225958 8862624 5784005 5449922 4886605 4249879 3865953 2516577 7715636 8776693 366084 3223123 1417352 853422 580827 9477999 8373241 5136862 9961518 1026738 2558000 1217844 9948874 9161330 636264 9620945 5920080 8480366 3843425 7010855 
4405357 1011102 7610566 8321186 292954 1182033 6524357 4372336 2172225 9143968 6653538 3779099 6277356 580329 6528321 9075125 6535452 9699744 4616749 5462570 976322 7361768 4121838 6053077 1971515 7546638 134881 6108266 6464152 8798602 6022012 9781984 1050798 8513930 4178148 4995163 4056832 3721496 4300346 9563643 5793764 4027919 3846630 9645143 400249 1618109 3149101 8783586 5025847 2390445 7694610 9206239 2992614 8108393 7107739 2929576 2295744 4998858 8343102 2545534 7463783 360749 9075659 9696231 8304708 6836377 595077 7123470 7749090 799717 5454056 6208822 3666556 9946121 1235606 4504786 1991427 6364995 7955713 
9586451 8928220 5374360 5393398 8868113 503917 4446341 5529140 1783200 5273965 9113707 7429203 6861971 9480798 1759187 4055753 8217846 8883728 6298119 5704106 612482 4936358 6104017 1323914 4559787 3907928 805242 5258533 4755704 3474072 9921053 5511170 7704994 3565374 1182387 8773721 4414737 6027911 1240842 2743110 3671385 7646883 3169122 7480639 2408427 718345 300746 67484 2318829 9193144 8145121 1452670 3444978 2638633 6990012 4460930 1018032 6592801 3432232 2320363 5902708 47354 2466170 3047965 2765952 3702497 792490 4888983 6460989 7220433 3017282 3159160 9824895 9241277 5978683 8475110 9608033 2405672 2141861 
4501474 8403770 6959664 1678683 9173878 8377559 5813248 9206683 8428215 3751850 2603288 8101048 6935097 3015181 3863054 1784350 8206427 6162782 2357475 8747145 1192783 1709585 6677075 5877736 9037736 6700385 7183524 2934080 6900486 1576607 9960730 8049997 6513555 8827016 112405 3892400 2099855 4732282 958862 6210283 3054645 1341367 1399990 6943636 9289839 1950746 9919254 3260945 8031841 8640170 9347335 2406807 8564678 798035 4216565 7670746 8108947 3849208 4642107 6024809 1666773 6941779 5011216 3719873 7988113 7371186 6719484 634431 5243654 9915670 1726875 5921753 9597428 2137396 2831136 8300125 7784526 1492982 5463284 
8033968 7995746 2878179 7730623 7435523 5042356 7607890 5226008 6534643 7545324 9676532 3680570 8856674 7258229 5158816 5187395 7428567 6653476 3507581 3944966 1535074 1402358 619785 3678165 4921195 2035375 3921169 8471795 3112344 3010333 1724401 6606638 4418339 9376262 9837403 3436735 5666532 5648713 9655426 4918720 5150914 3080494 4671847 8650554 3960950 2569864 3933750 3845094 2920757 7725957 2023958 1696418 2652875 9559285 6756059 2680555 5239143 8773578 1596267 414647 7094865 6854987 9815282 1459895 455049 7887203 3956592 8203191 1577902 4326770 7321541 1074402 8089557 963434 100595 5278765 7217612 3208618 5052758 
8273193 9686262 1040764 7653285 3591653 217513 1247806 3592274 3982608 1865596 2142680 2386834 4994140 2171717 9325488 5397581 8947327 1574942 7704186 9281229 4759507 4405671 2211001 1050978 3121922 957898 7901044 280115 8528790 7886852 6519176 5603092 4642742 8137519 5046140 4605528 554128 1676210 3041201 3081410 7706682 4778754 4725146 4644829 9624478 7194414 2829916 3124276 643349 2871155 168772 8868952 1656116 5215820 2817104 1781238 1022135 8487397 3035740 5757750 4920120 9718128 353007 2027141 4284480 968398 7510852 4329044 2646878 5268226 8496071 431790 8614993 1448333 9197336 5769455 6694997 8882049 5118998 
5893278 157317 9627084 3264104 2050237 6710690 5156588 4462657 6810813 9200854 7753602 1201735 336987 7952467 978734 8965672 5317909 5195268 376689 4213737 7141258 7490637 5563640 1856949 2366152 4444811 2444431 1728460 4784336 8388593 6037259 8242173 1301130 5605851 4435977 6511973 247192 1325873 9187460 4389444 2701216 6558558 3810171 2649766 7407928 5712889 9602095 4725994 6713824 2808514 5518615 8742734 6402840 1150204 8951000 5365708 3128538 9655077 9682606 2804048 3141372 3766975 7610480 5833896 3653121 1382329 3628488 9303472 6539498 534293 4751816 9340443 7982393 4440995 100937 9912424 5399597 7043722 1253545 
4574395 2957505 4097884 2465688 7140234 6594749 8494221 2166119 6990919 634235 6385391 7475001 9113000 6671253 2804845 709502 8398270 3911166 4880282 9590874 9630312 3967466 5416392 2817653 1969875 6697315 6686288 5135676 4632778 634572 3325596 2868291 9166790 9668693 6214281 4765093 5470443 1835413 2514418 2950598 349537 8900396 5106482 4594034 4844922 4381001 1267489 5024906 6164553 1622549 8284284 2205191 4570135 6657633 385248 8127694 2771199 4973667 4103551 6357599 3361708 3438177 6897321 5645757 6332708 907802 136419 8914319 3558537 7909969 8275763 4358283 4243094 5394448 3150807 8918997 5306021 1633079 640446 
8305295 1311503 6918883 601350 8756543 3043008 5995685 7314316 811167 4417581 2402743 6668181 6581297 5144794 4296037 1536658 5363226 165489 8865783 9431671 558194 2639203 273983 6579217 7492168 4182422 7679610 670469 5819585 321238 9352353 7714642 5077926 7785323 8272248 6470713 1917568 5099692 2902896 2819555 8468645 1516337 3542075 8705126 8893009 5951058 7795457 603416 5103946 3212587 8842792 7955674 2950079 7602572 664622 9901346 4990331 6339458 2146773 3143880 1217970 3990261 666497 7787888 6863281 4658365 3434789 150100 239981 8472258 836095 2065566 1506880 8581856 2374568 389287 9450916 3627668 2164892 
