54 61
89 68 41 22 2 18 27 43 27 27 20 77 91 48 76 65 99 30 14 25 55 94 67 33 62 98 91 44 12 71 48 79 0 42 19 92 64 40 36 28 65 88 4 34 5 82 34 88 23 77 90 90 55 43 32 49 30 33 57 85 62 
9 20 14 95 47 85 85 48 33 87 23 27 85 11 88 24 12 36 91 42 60 75 15 84 82 93 85 48 47 77 18 54 79 60 5 57 72 85 33 39 65 67 53 59 92 88 28 17 38 50 38 53 33 12 23 51 39 60 54 54 99 
40 96 53 31 28 73 81 68 60 34 79 60 69 82 91 78 24 66 74 65 90 14 74 92 74 19 61 67 92 87 4 9 97 59 21 3 15 99 53 85 27 39 58 93 52 87 10 98 62 59 3 45 11 38 45 10 90 13 98 54 61 
17 36 20 58 40 71 78 71 20 66 26 0 5 7 21 74 88 2 69 21 47 84 38 2 17 90 4 44 95 0 13 61 49 14 54 25 0 6 0 58 34 99 69 13 71 83 55 17 74 51 71 90 79 5 57 29 3 30 13 41 87 
45 83 43 43 76 10 42 23 22 14 55 59 90 29 48 46 59 30 47 65 1 3 93 66 35 94 61 89 44 40 28 93 25 48 78 56 11 73 42 10 11 43 98 61 66 67 85 58 51 79 16 61 44 15 28 91 7 37 53 22 73 
80 24 51 39 45 68 52 27 89 30 47 57 27 54 71 38 50 54 17 52 81 4 1 51 57 16 7 74 34 46 79 63 80 13 67 85 3 69 17 91 24 25 23 20 25 62 22 24 97 68 73 63 94 51 70 47 26 89 99 87 24 
90 46 2 51 63 53 21 22 24 39 20 59 26 20 6 52 1 81 66 8 41 85 97 21 26 88 50 30 76 76 72 23 56 16 86 34 66 89 8 76 22 25 32 54 64 75 16 96 96 4 7 47 1 20 64 84 83 27 42 32 72 
58 20 89 69 20 5 9 44 85 14 80 50 10 69 80 33 50 15 25 48 74 85 77 4 56 86 21 71 78 90 55 91 40 57 94 99 75 70 83 37 75 15 67 68 80 91 70 18 7 87 14 40 76 70 81 77 94 55 9 26 22 
9 2 42 39 35 53 37 47 15 13 91 20 58 58 61 76 48 20 38 31 51 15 57 31 68 6 64 9 76 25 31 60 55 40 97 12 76 53 61 69 50 34 93 10 23 18 35 43 95 71 55 41 45 30 41 21 19 32 86 41 66 
78 52 2 71 88 36 51 33 68 6 56 90 24 3 38 20 86 39 54 71 99 60 79 43 61 0 18 92 6 62 98 36 67 31 84 88 53 80 57 17 57 4 89 80 81 31 25 10 66 55 4 85 30 93 52 4 16 98 62 89 54 
50 93 93 26 70 67 50 68 2 29 53 48 56 42 29 63 15 51 64 35 48 6 86 48 87 11 10 62 25 67 29 57 71 14 13 42 11 66 17 74 15 66 90 57 67 9 94 22 88 8 14 39 37 94 91 25 70 86 35 94 18 
24 75 81 50 9 26 42 86 4 32 46 15 18 32 51 2 23 21 13 20 86 0 45 38 96 23 11 44 28 43 91 55 11 91 60 55 50 7 5 48 31 62 65 73 91 70 93 23 0 63 29 73 73 65 59 59 55 9 76 54 46 
41 64 53 86 62 42 59 49 89 37 3 79 50 1 28 0 93 98 40 25 21 1 35 65 58 40 2 94 93 79 99 13 98 37 10 32 50 49 89 9 11 0 39 1 68 38 43 36 84 59 85 17 57 22 73 97 51 17 32 68 80 
66 45 64 19 6 11 44 92 40 63 82 95 20 50 68 26 39 26 33 9 44 10 98 34 85 86 24 18 16 78 56 70 93 11 72 99 71 46 34 3 99 2 19 76 90 92 50 38 2 4 33 37 28 19 71 63 22 7 17 17 60 
3 42 89 27 41 8 40 39 66 33 64 43 50 14 20 48 16 50 70 85 99 5 74 73 12 11 38 8 58 75 78 91 97 28 20 96 44 73 61 25 53 6 47 70 61 6 78 3 91 84 55 32 66 16 87 42 71 13 24 60 51 
60 30 58 19 70 7 49 23 66 62 50 81 21 0 88 70 45 64 78 32 5 78 41 4 35 95 58 32 20 15 95 10 59 73 76 94 4 19 90 98 73 59 81 73 91 28 3 40 3 44 28 57 92 11 14 90 3 13 14 65 34 
90 84 3 65 98 69 57 48 25 71 67 43 33 64 55 8 44 5 7 37 10 51 43 26 52 39 15 66 16 67 93 12 60 37 37 52 6 62 34 86 62 56 50 3 1 66 21 14 56 13 73 71 66 22 88 18 61 62 62 4 96 
35 74 15 88 65 36 23 35 85 54 40 59 35 4 4 5 3 48 51 19 4 9 77 82 56 87 62 8 50 69 28 2 59 8 9 56 86 39 96 91 46 9 41 29 6 55 87 98 3 35 54 77 18 92 13 50 31 47 64 1 75 
35 72 22 9 32 72 13 12 35 70 57 43 57 68 99 34 64 46 17 52 53 58 30 86 9 61 33 66 91 80 48 55 59 59 16 59 16 57 67 78 0 30 80 62 90 36 30 36 49 30 1 40 29 24 70 62 17 96 71 64 24 
30 26 60 93 45 5 49 55 22 49 34 56 17 1 82 10 52 72 8 14 59 99 96 62 12 76 50 14 83 54 80 36 41 29 90 7 75 94 68 33 96 9 11 80 76 62 18 55 76 40 43 81 48 89 9 39 56 81 78 11 54 
15 58 45 31 51 17 1 26 44 64 54 22 14 34 21 30 75 98 45 6 86 47 28 33 77 91 0 52 30 77 7 74 6 31 77 89 15 6 18 38 68 73 85 53 62 18 92 7 66 56 84 41 48 13 17 51 86 59 8 53 11 
67 91 91 91 23 51 15 59 51 45 17 13 46 50 93 10 79 4 47 78 20 53 6 18 70 28 41 37 90 15 9 32 28 76 14 68 74 71 98 79 51 58 35 51 76 26 1 69 26 40 27 95 58 52 44 48 97 49 67 74 77 
9 8 92 42 81 21 21 8 38 86 82 20 44 72 7 78 57 19 58 32 73 51 91 2 74 29 54 75 65 27 5 69 82 83 66 77 51 5 38 35 77 24 11 51 10 13 47 37 95 53 93 23 16 64 51 17 20 72 47 7 42 
1 45 9 35 96 99 24 92 48 71 50 77 92 53 44 67 83 54 9 87 31 50 15 57 79 52 86 45 8 40 92 21 70 26 87 54 18 79 82 11 22 83 57 91 45 0 12 52 14 99 79 1 87 55 7 30 51 98 25 70 85 
77 78 72 22 27 93 11 66 50 64 4 22 93 71 45 20 0 99 23 27 77 87 98 12 41 83 80 88 19 29 7 12 29 87 2 26 83 21 86 93 41 94 31 54 68 97 88 49 13 54 82 70 49 73 27 40 82 77 37 89 11 
43 8 50 37 35 87 64 89 74 19 59 87 44 77 87 22 71 46 30 73 36 51 71 30 33 76 6 53 96 65 15 90 52 41 4 11 87 63 50 37 89 5 35 53 9 61 93 28 27 53 2 6 13 92 7 88 18 44 74 98 75 
83 33 78 62 44 86 13 27 20 50 17 3 1 1 60 83 77 15 29 68 49 28 23 60 59 24 57 8 77 78 54 55 58 1 10 41 65 62 73 46 10 11 63 76 67 4 19 96 8 55 61 13 25 44 0 29 68 92 49 77 85 
53 83 21 29 2 51 86 5 75 46 6 29 40 53 23 81 50 1 79 31 80 40 93 31 83 28 29 25 44 22 63 42 13 87 54 41 10 37 73 21 50 30 97 23 44 97 34 63 42 43 72 6 95 7 14 16 31 1 19 49 45 
51 21 85 9 43 29 14 98 94 90 97 4 61 42 6 87 8 39 90 45 87 30 10 48 77 77 9 78 22 43 23 68 62 17 53 29 67 4 92 85 86 19 68 43 7 39 11 95 56 97 67 54 20 33 48 77 53 95 55 23 72 
34 41 72 28 0 17 40 68 3 82 45 38 6 35 22 1 33 82 10 7 64 47 81 79 30 8 16 49 2 91 32 22 38 93 66 7 85 44 81 63 80 8 16 9 90 99 84 46 22 42 94 93 38 44 58 21 99 29 13 59 46 
49 92 35 42 5 27 81 66 70 49 40 29 29 25 96 0 4 88 39 58 76 93 4 14 59 31 67 69 47 75 80 33 73 40 70 69 43 17 12 57 40 88 47 41 81 72 27 30 17 17 58 51 76 89 11 48 71 79 67 37 99 
38 0 10 40 51 64 16 21 71 25 60 25 51 6 85 21 27 53 63 74 59 34 15 17 32 83 83 49 37 12 21 22 3 90 86 59 50 74 66 39 97 9 19 54 81 25 55 94 37 11 76 40 48 51 49 28 23 40 54 47 73 
48 74 37 58 73 73 28 51 19 32 22 63 31 4 18 49 63 0 90 60 93 67 22 26 14 19 55 42 38 82 38 10 74 1 51 81 72 13 3 21 79 8 68 12 88 78 23 57 56 69 62 79 89 73 0 2 47 62 43 44 76 
43 77 14 9 59 15 46 77 9 93 80 38 90 3 77 6 9 60 45 69 20 68 80 63 7 80 99 67 10 68 19 79 45 46 45 56 12 94 8 87 12 92 10 8 80 92 88 44 28 88 2 57 3 23 26 39 56 53 58 77 21 
29 78 39 24 54 16 47 43 18 16 85 45 79 0 57 52 82 3 84 0 49 62 86 70 59 85 23 78 98 59 23 97 6 94 76 16 4 92 87 12 23 74 89 80 42 49 51 23 15 43 27 87 20 85 36 39 44 74 46 45 96 
0 31 51 49 14 26 96 58 66 51 72 59 82 62 32 97 52 52 95 82 92 27 99 14 50 84 91 0 91 63 32 16 92 16 1 3 25 54 67 37 69 7 10 53 34 91 84 14 79 4 45 61 11 46 82 86 86 48 86 51 96 
99 58 56 52 42 40 75 85 56 45 39 81 59 41 70 25 39 37 26 77 11 24 27 70 12 79 97 50 95 24 8 9 55 78 71 9 45 63 76 12 52 59 74 10 86 58 31 49 22 70 14 1 79 55 94 16 7 1 44 69 38 
98 30 32 87 61 33 1 28 11 64 94 55 17 32 29 23 23 10 44 39 77 0 44 20 29 43 20 48 77 79 90 89 69 13 80 48 24 15 16 9 92 88 15 26 84 71 89 6 45 81 15 42 10 73 29 28 73 71 87 59 80 
34 54 18 94 89 29 66 42 60 50 47 93 1 6 25 41 4 84 70 60 28 37 81 48 94 7 26 72 77 15 53 76 62 72 94 7 75 30 30 16 34 0 37 76 10 65 27 79 44 15 69 11 85 76 67 70 57 57 22 13 81 
49 74 29 60 23 59 85 88 78 88 31 69 63 87 3 82 61 50 10 28 9 49 32 65 96 31 72 81 86 2 34 4 13 44 51 62 84 11 50 36 57 83 5 89 63 92 19 61 27 55 84 82 70 52 87 6 70 22 46 99 88 
80 0 70 95 70 6 56 41 99 99 1 89 82 56 33 42 50 71 28 25 27 9 52 89 61 98 25 89 54 92 16 8 34 80 38 19 59 36 99 52 47 2 84 81 1 49 48 82 78 32 89 46 82 39 88 26 23 28 10 69 83 
35 65 37 59 41 65 86 29 6 72 54 21 84 90 80 42 58 52 78 17 99 56 74 98 65 15 96 1 82 47 13 64 82 44 5 44 50 33 56 63 68 91 96 15 83 53 3 41 80 32 29 89 21 87 27 7 39 95 27 32 95 
95 92 63 49 25 47 50 74 95 58 47 55 4 91 5 61 76 43 79 95 3 10 1 77 32 96 38 24 93 91 59 33 6 20 60 64 24 53 88 77 24 14 1 74 50 78 27 90 56 58 49 65 59 17 28 86 11 59 69 35 56 
25 84 25 30 70 2 20 31 23 32 68 21 81 86 19 71 56 9 17 37 98 71 81 29 57 10 52 98 93 73 68 65 52 50 15 26 65 4 41 55 83 10 9 20 51 35 45 8 40 72 31 30 81 6 6 66 48 25 87 52 19 
78 95 18 19 35 95 24 6 13 24 30 38 18 68 54 22 60 11 2 18 4 50 15 68 39 61 45 10 93 38 24 9 31 76 67 33 26 20 42 26 56 8 71 67 38 29 71 27 1 36 5 76 49 29 44 73 65 82 49 33 2 
51 40 97 79 13 19 72 66 16 28 18 9 93 6 18 84 67 17 53 52 36 88 95 90 89 19 54 42 0 91 52 90 44 20 77 27 34 14 71 11 58 98 23 25 41 92 5 34 17 75 3 86 52 58 55 36 66 59 29 80 74 
99 23 8 94 6 40 63 40 5 75 10 61 98 1 32 15 52 4 87 47 64 22 19 61 19 68 40 35 40 98 96 72 3 55 76 19 51 32 68 41 31 18 55 23 82 18 78 82 26 1 81 53 71 56 65 58 79 41 82 63 87 
48 32 33 85 58 67 66 2 8 27 84 45 33 79 55 76 93 76 37 72 35 28 17 47 28 76 85 4 35 29 37 39 95 46 58 81 89 78 19 78 76 8 17 66 21 96 70 81 9 65 26 19 7 58 44 58 99 16 73 11 81 
35 52 26 68 85 14 96 75 32 83 75 55 44 54 63 91 2 2 71 17 48 62 89 31 86 31 34 53 17 42 65 63 98 4 56 10 59 22 84 79 81 60 19 10 51 34 73 55 11 1 17 10 74 93 99 48 56 18 91 59 76 
3 31 45 53 57 54 20 20 17 91 76 95 85 39 79 13 18 86 24 23 93 79 33 62 50 96 72 98 44 32 79 64 79 25 90 6 24 87 0 86 85 78 12 44 94 79 93 49 16 64 6 76 23 26 25 14 60 93 67 64 24 
76 65 9 54 4 69 81 85 0 33 7 34 9 88 39 8 48 84 11 75 14 23 73 57 42 73 40 96 15 99 47 47 6 59 74 12 5 62 7 18 40 18 16 70 5 42 41 78 8 84 22 28 17 17 12 72 93 3 5 21 8 
49 51 10 61 48 48 15 20 18 84 75 95 99 24 70 91 7 47 33 22 38 57 16 49 28 65 55 77 67 30 34 56 88 22 8 0 9 83 51 97 60 14 32 33 6 62 46 90 29 26 59 15 73 75 78 47 5 61 13 16 83 
2 74 77 46 35 66 98 54 94 71 84 74 0 30 3 0 62 1 45 98 59 25 16 61 79 8 27 35 18 2 53 57 99 12 74 18 64 77 40 46 74 50 2 48 5 70 87 58 94 43 51 95 17 8 66 56 29 21 45 26 60 
41 94 84 37 31 29 70 98 69 66 51 28 83 42 68 93 43 42 65 21 53 95 14 88 88 91 52 98 98 50 45 31 36 82 60 37 35 53 75 96 11 90 32 32 63 54 39 61 18 43 46 3 81 55 68 81 67 83 30 75 3 
