30 12
112931644 648848491 596426026 835217943 78267019 325483986 744336959 266755540 450527970 666826321 953514239 135091601 
425906626 447319893 275466125 91503636 35886805 481322454 34544525 943156899 636080069 662554976 965633986 948336323 
792138673 261629519 949239192 179547740 108391376 97939036 141778606 611801461 701677327 873066299 970849702 620828476 
740599496 814666861 232724706 153374171 807134487 350509487 689700860 480107495 283167065 173622860 577328558 989129574 
705788475 888927300 279594309 660607224 394376342 306014241 817183134 363636107 294976804 775178410 995254570 425105015 
56624008 760565832 804613514 968950413 183491361 927599100 177817813 897437232 526595748 876230777 636349054 778118076 
383874777 151619734 136293101 986014720 922530436 322095901 615356223 429902867 793319490 333176486 205969770 377515793 
160637556 893232903 934707657 887265909 278582727 814588482 734280 154320831 870035883 606829689 790499158 520779231 
436277166 29809704 738949398 289973371 325863199 845252842 400431624 326942673 758710499 675794152 245399513 584433677 
480985142 626079596 185160273 243637167 365932142 975453210 732306852 139069602 958970120 814982178 784473767 404904782 
244202085 544145443 778519683 849348376 287307899 505489357 936711796 84248581 998709443 900787836 683660353 282797456 
640033038 478583880 679581338 351212925 426339816 231058247 388901139 238861488 913399424 493513425 521623977 512843426 
940949196 245741522 832434786 469717213 958991449 414382923 128905266 414672747 622623185 323934990 763912922 891868645 
230933321 50502994 347594789 829166114 19971315 258293697 25493294 322997461 996339043 44475871 183666212 414560950 
527780265 348218167 672694974 748762523 546417426 476672447 872102878 187281792 154049139 188746359 416724263 260784756 
995561818 693009144 934815362 262677086 791705894 218671529 363891676 54764436 592086406 16955687 836239358 834525943 
411411573 533906603 503104732 925267206 692092521 679458610 936875337 707952256 791582770 98956990 616328991 91484615 
658545629 953728472 298838026 78022082 430657528 634475812 816552414 519829984 821514072 861471360 172700063 234903788 
494071535 910719355 61368179 783957026 725088774 481076006 693692260 272278017 932468069 864752228 707913461 627935383 
967854843 272464522 421123963 144187693 915303903 625159434 650235405 545493191 198823228 744459751 1439994 470791432 
83235672 340610889 698352091 996373904 738050692 553031063 393781344 399789519 315742411 869933236 1981444 223638046 
337460808 657054755 483657902 331946028 300402806 131824520 39897132 881302689 622422868 458133583 276598653 80675262 
552575692 444284308 333476980 509085732 411577313 52729594 827609028 994014874 406281265 533418908 825122738 309348711 
574880130 421466793 604951784 817377582 211193262 69769497 989336592 762588046 860038266 496506735 376157613 619323671 
806412004 185937702 126778931 383179596 531964992 452331972 141959532 455827133 891267264 873482621 142296329 137128215 
505213323 303740493 599419276 658707914 810309528 604217766 931355086 194437535 173684829 397064980 905177078 613168492 
69591929 517721895 171820133 820439397 973283291 13274449 37806496 175310163 136767867 9386307 834062571 552720469 
15488786 383010974 485512985 451737097 554368794 214403722 582573792 253534542 104402281 864669981 983417777 476395889 
749248295 611332697 908303355 357811234 176559164 493488315 550936325 802541880 863628222 325995714 243088923 205861967 
901063432 435755102 961953341 94049394 289954977 386885904 639416759 787279848 453216686 823119096 360831615 780486379 
