24 60
8415186 8458706 7458098 659643 6707344 3942562 3183588 3362080 4086099 9637070 1724418 3614015 7044337 3267349 4732327 6781391 4412431 4877721 3081301 4446347 2126618 1139431 1835571 5758819 8505857 5604738 3852319 7541256 9438456 6846075 6039591 6471977 7226025 3685626 8380427 3354487 6201106 5019606 1630999 8661460 3799789 5746011 2267498 714306 8365504 3180057 688263 1439300 6040578 6826055 4460141 8276947 8172145 4052693 6728003 7181336 8599983 8940931 9782449 8082583 
2634510 825850 1470967 9745733 7152070 5405602 673455 8479628 3445670 4840726 2333219 5398121 8134714 6297144 8405172 3157136 9107533 4499358 6980987 5955777 2320376 8738716 9166964 535503 6720428 4037425 940060 5808163 7475675 5777727 3354123 1676441 5774413 9301047 6165538 4649561 6685675 2109632 45903 2761430 5796388 5441410 7044081 3455992 5093615 4776515 1457135 6988394 1977446 5988710 8248423 6935752 1237965 2670304 528185 9367669 3412073 8807613 4679890 6588508 
5511448 6942008 4237679 2517228 3836938 5375363 9748952 9899857 7301236 1727078 370379 9660742 9916218 995628 5842240 5668558 6979093 1735950 2186978 2047450 794304 7248631 5319478 8389819 2328235 7084545 4437154 625223 4788872 119885 9759489 2838816 6916916 46341 7993058 393995 987726 5834071 701967 9173033 4091743 9681540 3684036 674107 2017411 8515675 9478691 3797328 1373968 3038930 8141380 8391350 9504244 1981526 4192869 7259652 551053 548046 424110 5245286 
5154570 9637002 2265403 603975 8942435 377446 4448655 1555604 7632797 8014981 6932185 9867225 2850872 9836957 7600704 683859 9120114 673428 4491049 7840948 3950933 4109611 9635628 425788 574283 6208985 1314080 9550752 9445898 9287116 3042924 7820678 546796 2584078 2609518 6984588 9843758 6042004 4965391 3797457 8808687 3820524 4026627 5906664 8991247 1150479 5409583 1352737 7834818 27127 5103954 1422143 2367304 3410830 2054977 5247475 209688 8477213 1152263 6483229 
4544121 1728708 2681318 1347415 7660411 3924679 3785303 9479688 7088830 1821141 9108828 9958547 1623876 1717944 7680268 3073130 1088201 1825835 1698587 9399316 2434677 1227679 6482302 9140544 1947849 2015327 5446124 1227148 2786571 8067985 9025282 1462912 1504728 9306040 6330212 2694349 378590 4325664 5506247 9718881 5790196 5293849 5731064 9852316 2449283 5442657 3193769 4079228 2499356 7160135 1363591 4690124 5055976 5237755 6632779 981706 7319511 3626780 3378343 8241134 
4701857 3563156 7512683 741103 6394005 6402055 995757 7323424 6441401 83501 2306354 6327559 7523907 535241 7173251 117885 7853845 5924302 2394434 3574896 8319166 4883524 1383625 4929104 8586085 7767372 4980025 8180685 8532836 8161663 9527665 5078475 8900404 7237481 9796920 7777763 6357014 4985543 9713630 4718378 1606610 436479 623247 1179707 3493424 2006288 2206162 1411563 5566653 3290914 692125 636793 8144055 9536900 5010937 9939491 5866572 73526 9964793 1717123 
6718766 6708638 3134587 9472315 4171782 9410619 2005579 9550117 6464412 5599407 6724459 8441759 2312536 5667747 2334911 2330296 3744558 6358597 7375542 4421675 294501 9931336 3065557 1019862 4154137 9374936 567041 8286701 677877 9385576 8491806 9080085 4261801 7982178 5026153 5851672 9081702 7835125 2526994 1838817 2909861 7948143 8332219 3209671 3024701 1965511 2822021 8043718 6295446 7105414 9589140 4430992 8413342 8959774 2387635 5681120 8565414 7513473 2541193 4600348 
2675627 1863931 7774713 607367 1719626 9033586 9246763 4870749 7657539 5253967 8990469 3852034 9413760 2753462 42535 254946 9431867 1638471 6421129 746037 5449240 3171848 2803662 4315207 3502085 9862435 3057624 6393525 4637889 3890515 433207 9106221 1919643 8806342 6660482 7056279 639075 5260143 6186002 652600 6825547 5800812 2923006 5506762 7732915 9148946 5143452 1745171 9382261 9645850 5444527 6832765 3993727 7562377 9695879 3811282 1037693 9330009 6327195 137087 
4601371 2373229 6438202 8484609 644194 4384402 5301829 3019462 7820249 5404203 5817223 2468186 9044227 6901729 9878851 8241754 4265079 522468 8531858 6567233 8690781 3968651 9607181 7610477 9698285 4478375 300137 2862664 289242 7126665 3202954 8354842 5849738 1799711 8171244 9055377 7140075 2074934 722286 8311276 5092908 6988686 1788069 7124388 4650132 5228824 1321253 2154517 2587134 8663253 8348865 3590965 1477144 7414880 2219001 1973499 2899830 5150256 1248973 4561175 
3033057 4413287 4454998 2240658 9073077 4550902 1633540 6042052 7483787 2100514 4810012 4460807 9317633 7699689 7444880 592015 9319230 7904864 3756671 1231113 8892369 9215660 3874444 5750936 5806450 378880 2237956 8312163 9355679 2026188 3493096 7768303 6664166 3679430 1478042 8821528 6405611 6664371 2910687 7807952 6508720 5084720 5919618 5726994 5121138 4572383 453242 4959852 5668840 6177775 8509508 4331131 5061315 7857774 858451 3081790 7151886 3372652 8595871 6160875 
4980504 1097288 720336 7907572 2488497 3013242 7454751 4382647 8294744 6184199 6540044 2321841 7467179 2856095 3866468 1158033 3996449 2178020 5505775 8410769 30920 640806 6491951 1676933 8416350 8280824 5756412 9157714 1624075 4162906 5392354 3806845 1401123 7189763 855117 3133527 7473295 6415565 2330946 56807 8242214 4892173 2510691 8633267 5963596 1962012 1488533 6418063 9374911 4452247 6513159 2515543 8763719 4140077 1410513 2820122 3970282 6599138 8242906 2891509 
529527 7711625 6458199 3256782 3097731 3507633 3833865 3682412 9191092 9438985 7895447 1535120 9029176 9678262 4779774 1741793 6717890 3740215 1314974 4125461 4740729 5722653 357873 5387703 8780904 981194 3508436 1459732 4517006 6189093 9451543 2230852 3074583 4027104 8268589 3543805 6185017 234560 3147970 297793 7801280 4614247 3334996 3156204 1080596 3486690 1436598 6529303 8110628 6419214 3207797 1952529 1983138 2063577 4945120 5787240 5784046 2191138 7158925 1292295 
254289 8675664 2519413 638859 7760719 5846599 6113928 4046206 357567 6836588 9656163 95810 2111234 111568 70220 1892079 5967039 9130847 5186039 4658013 9332436 1790005 3606193 7878187 3800125 1717502 6496294 8609438 559530 2143914 7357437 2801075 9697092 535335 3153051 9918881 3546735 1193639 5805423 6227381 8018268 1342047 9667878 7814519 2713304 7606976 6847447 8881731 3596019 3333042 971496 568631 1505043 4158985 5548159 1935508 1646955 2610706 5233191 4764046 
9584609 3937386 5498997 8619139 8993457 2823756 1496551 7261102 756643 6184481 3636863 9366717 1514867 2806662 1190080 218941 6479299 8719893 55039 5662340 4657653 6480362 7314790 8161103 1658702 496474 3380299 1166160 4238377 1484263 5515141 2634140 2547078 5542833 8672549 1082939 2161364 9135082 2778998 8832148 8492797 2325646 1868077 6002673 7033023 407643 8954465 9243056 7469415 8777396 442169 2825641 8762951 3742883 4796325 9169536 3894575 5350977 7817179 2667363 
4890215 4422571 3890547 8093550 8827352 177945 2854317 9473111 3910198 4605405 6873715 6012608 5144543 1886087 1299931 1689808 3814614 2805372 1375796 1058586 3194721 3830340 4063252 3593227 4704424 1224135 9048603 2736187 6841589 3588114 2587794 6259710 4510790 5064030 4816524 597865 5575751 6489731 1624615 857681 2134547 6681372 5857840 3013995 1356166 2140583 5184657 4472161 4005151 4678169 6265291 4990865 1533991 2328080 2426719 9139263 6129994 9974873 4660399 894364 
8468771 5056236 9794537 122086 5437580 4703433 9809932 4627969 3575333 8613836 8416092 9571951 3633870 4369015 8753490 7020315 9133761 966025 8940644 6079566 9065960 5611546 6740380 4866910 3077059 7807455 7098485 1985619 1990205 4921720 2043395 2602928 6247951 4497224 9763826 8399218 5980466 9988883 5698603 6007339 952178 7211745 1698402 1489485 8528415 6837940 7389784 799162 8654578 5429593 5116290 9261063 5637189 9378233 3939721 9694676 4027031 413118 3568919 4649244 
4747853 4801964 1215726 4451024 7434038 8886347 6663904 5873648 3458228 8545721 543854 6484312 2008604 3114402 6560658 1760847 5254035 2073255 4407299 3317203 8036425 3662528 1405403 1069729 4617567 471449 6420355 3435198 5741107 5403697 8825372 740129 1734835 4555789 3853737 8767918 5434155 5576317 7340430 7061762 6331772 140633 8110597 3775047 3433433 6559034 1214737 126598 5252084 8889315 1238934 1116335 626535 9218611 9796633 109001 3036138 7959911 7028748 2940132 
8578399 4313029 3934185 2545559 8889617 7107428 1243064 2686725 1370069 9391958 6061960 3776711 1373271 6637748 7449532 6473562 2376223 8614150 1515255 7574476 2869888 2254820 7685969 6614473 6077418 4229718 7543021 4190697 2841919 6977983 1198447 5311705 2929317 4525216 5591027 1474878 8029240 8682097 2232073 2825518 4107961 2269206 8560240 9787110 554880 4138631 212851 7634954 1225476 7504184 8756217 3068864 4502931 2022743 8624351 6340008 4704743 6954002 5412246 9353875 
2213621 2503405 6893212 5189658 4876313 5143819 1316387 2164828 5326963 6529939 1092134 9799652 2360445 8573057 7614612 1315802 9389917 8671925 6906575 8418601 7244269 6962951 8715289 4888795 6217141 6617859 3279909 5252347 932216 4576355 2629701 7990472 4128209 9872849 9485106 2858981 5253230 4569202 7271544 6341504 5369554 726093 5187844 5985418 6665278 9079441 1357140 6213274 5022189 7111779 1907064 4001511 7282459 5050172 3277894 9775592 4372940 6487081 6345445 1851782 
7273268 5189479 5957865 2853004 9307320 193956 6463350 448047 2772298 9874751 9402457 167430 449429 7432131 1557925 4558262 7861085 8591461 1992621 2552719 4579323 6064364 9390899 7192846 6315784 2869869 4917381 8079524 6695484 8126641 6326172 5516189 6082988 9816639 5264330 9742243 5601508 7941875 4678292 4753643 6786273 2220686 2216022 832609 3110698 5696140 1188914 8735111 2703182 8244623 9078338 1393852 7292173 9145032 2344544 5239298 5164230 5002310 6262790 1191422 
2884640 2898106 1167152 3499913 3900737 973655 8400510 449062 7349951 5638579 5238366 4092065 9812684 8045654 7954740 354522 8379801 8647632 4767211 5345630 8829238 4462621 2007016 9929400 5577037 1758355 6728291 3364431 8517803 2679966 155671 4398138 6882313 9844117 6568469 6700001 3563447 6616701 7802171 13281 7329505 3071268 8449008 2532032 6401959 8465671 1226804 8848042 3986814 7237396 3889352 6102292 5828550 2335344 8241156 9406334 3342800 7671157 6909195 1968107 
3810758 3559758 677186 8724252 8054661 2232970 3647092 2125704 3449797 9232928 1768970 7596156 3866182 2773550 3323990 4563801 9361786 7521231 2956122 6005388 1875328 7671472 9775716 823385 5498797 670438 1868255 5082860 1469873 1422640 41148 7476460 9120318 3271408 1387927 8382608 3232330 6432560 2292219 4209847 7196761 3152605 4148016 3359311 2674722 3411547 2434216 7573662 5146378 5446969 8848699 1486727 3730414 2945358 9341489 5347149 4550603 9765881 6448632 2253977 
6702875 5621903 7596858 4388194 6873473 3692138 1647916 6673180 1167341 9530520 1560542 3385127 4277889 3968418 4934934 4767363 688115 5905961 4623719 2383729 7658545 8076402 975864 4627745 9149499 4139888 5819071 9217240 4254585 4189573 4704923 8942443 1357431 9938773 8894298 9921922 5708896 3601802 9063091 3132361 4071573 4712916 8648386 9036040 8284910 236749 2575357 8504340 1935791 1828510 3776738 7161706 3794397 7739744 2752423 4137461 7746914 2159775 94377 4784428 
358284 3649423 9484115 6314314 5511072 6542334 8779140 904312 8523906 6780882 9091515 7651614 6103204 8600713 6813532 5591409 3100742 5549519 4477178 2024639 3154770 7360075 9554782 4455837 7675330 4729172 2735831 3441349 1132336 1029223 5708789 5012170 438346 9388262 6928768 8262143 162950 463092 8033473 4370063 2732200 4394793 838896 985237 7006859 9909004 9018411 6757200 7176452 4621 8527132 3128526 6002711 7170869 2814727 850446 6053095 7739889 5831277 7790833 
