16 36
1286 5109 2980 3262 5288 7619 3908 4071 8959 5714 1571 4654 4067 2366 66 4350 7718 6328 1872 271 8600 2575 1495 6903 576 942 8158 6373 3879 6953 101 542 361 9609 6309 4530 
6077 6160 5779 1841 8376 8033 7614 1624 6838 925 6052 3692 1202 5380 7534 9416 4449 5562 2914 1677 3601 8933 3041 2337 4245 2126 965 4924 6439 7015 5448 2514 5215 5920 7337 915 
6073 5852 7012 1572 3734 4186 5567 6886 2059 1111 2990 4592 2422 6635 6423 9889 7738 8001 9071 7886 5612 6433 1778 6882 7193 7330 2550 9161 4913 9161 5027 161 541 4744 120 2876 
4715 9699 7933 5729 913 6870 5783 2437 5260 9728 9602 8196 8297 6944 1101 8657 1825 6354 729 8520 2653 4622 5703 4676 1015 8804 5869 1459 1309 2202 7457 6895 4027 5312 8496 3049 
7303 1045 173 2821 9401 7905 6633 2198 1069 7988 1905 4422 1746 4624 2322 511 9801 5705 7886 1709 2414 5665 2527 4989 2387 8255 3388 6075 9797 3539 1964 741 8625 7407 4253 1974 
2333 2471 2107 5136 9813 6162 4022 6402 3621 8974 551 7906 1408 9300 7534 6923 9513 2506 2406 457 6496 9635 3867 4570 4977 5189 8012 7529 5058 7709 7548 7880 4116 4819 5331 5658 
1321 3343 8141 314 7543 9664 7906 8825 8779 9660 888 5688 8652 6071 9540 1954 9764 3819 4390 4484 964 8846 6947 955 4678 5438 7361 1713 5545 7560 5990 6706 6187 8169 1630 1105 
7802 9118 9868 2390 6166 9350 4349 7034 802 396 5405 7763 3925 9310 7513 2942 8194 4888 830 8254 3189 5868 4022 6397 7669 1036 6307 5932 2286 1146 3220 9771 8877 9251 4204 1641 
5541 9123 6307 7681 3774 4036 4318 1619 7839 3702 8471 7653 3064 6591 9160 7868 4691 2864 929 1127 3130 6266 5733 5205 5629 8799 8172 7636 2200 3611 1827 748 5515 4376 5654 5838 
5839 3991 9124 5537 1970 5143 4348 2409 1174 721 5589 69 6425 5199 8114 5245 4159 6118 924 9600 4573 628 2681 5849 3982 6925 6671 5 9484 5804 6083 1782 9327 5793 4384 7812 
6653 5671 2363 1713 1879 674 2432 5587 2816 2462 7976 9157 4546 3479 5047 7225 4649 4196 31 6950 7448 7701 8528 4807 3920 6113 4308 7977 6254 127 6387 6754 2186 7131 829 8596 
6777 7155 3577 6117 1254 2859 2600 9906 8923 1965 7499 1299 308 7501 1204 4610 3514 9465 1746 329 3786 5002 5348 1691 1846 537 2899 1612 8842 7961 7762 1743 1635 9597 4857 1599 
9974 3956 6124 1475 3880 8898 4080 9588 9707 3262 3615 3088 3709 3143 3150 5049 526 6380 6559 5620 1743 431 7145 6791 5709 1759 9672 441 4921 7070 7902 2720 48 7539 6543 5705 
5902 2247 3527 3122 2739 2955 9605 1750 9045 1121 8110 1445 4131 6882 4620 2433 8630 1446 2655 3078 1325 5814 40 1768 4843 3782 1403 3273 7636 2778 8690 4664 5886 7822 9686 2092 
1676 1545 5768 7232 2855 3732 8783 29 5131 1980 9143 1571 3394 6134 7600 6998 6427 527 2935 6483 4266 926 3616 9916 3603 4513 4915 59 9397 2990 357 4435 5873 8159 5215 7483 
4880 5311 800 6238 7435 7163 6176 8809 9737 6988 4341 7150 9296 3139 9204 2264 6835 7049 7816 789 8314 6950 7804 7935 8888 6901 2503 1027 4578 5285 8823 627 4431 1802 3000 8060 
