40 60
720247659 461149256 231967205 500927186 761271414 794305865 558716955 632024991 726003836 914446347 329866532 624462620 800859692 207307625 897690071 186662792 793594718 250740843 791362077 633005280 728416421 979874001 252635002 170165725 446622264 469596401 469108754 371600195 871659394 256956548 317290760 525248716 7260422 47807400 724681461 480877138 723093328 436218700 33753260 10675716 2229576 707460727 437403542 913802051 537183888 170796548 828596170 356668072 685127154 164040311 578164943 251803873 786329998 542545916 200653486 109539585 434716731 101209570 495400432 974321677 
733464507 740183830 545099313 187341410 224743439 283021970 80628799 377054361 501415843 631870776 842631335 106563380 765011675 46715954 425836043 702274660 67623354 452171303 621012566 393638675 105020508 389051928 365936654 281603510 638394321 822614577 147920647 118127573 697526995 149944250 655827188 87251137 973279867 190804704 86875662 128100755 635049769 194697821 376422518 799500538 722926507 165167614 495165577 463257686 89764609 518466340 56510759 185383635 227384937 935801503 609504018 10095052 384455917 223222178 686402315 963780924 263219368 572276729 139666908 708277585 
223697744 249933088 599156573 389444562 998284938 382522939 499033509 62095363 40649590 43240911 632846789 769607713 777209357 460521752 141291807 746739379 685995126 526637981 565868702 498014499 548731492 550693690 639110521 670563878 871694307 6452972 853575231 159948462 476115410 216151523 287276748 813214621 572084909 205126221 108641235 393026744 649829965 661784818 623440929 989943599 566408032 288891571 499153930 140032540 808291742 737522878 271797086 832515737 133913957 7803078 862438916 241402850 126157135 238303795 755433781 776743558 278234511 541921859 323439553 881341484 
822740123 112792156 996044181 218249897 622655431 730134853 692987511 612074445 996446111 9936258 693426511 270045373 643227852 677405035 701866951 726050931 570096207 592653602 270322473 980162758 90213973 869695687 75221044 962232259 835538529 208541523 455104419 495035916 164496794 135796482 707758395 818784746 198874871 40263046 238434794 227514511 509018840 738898160 754344343 447762853 976747070 123998712 559083392 952929423 62560966 490517570 450093045 86606633 173586521 757440207 285734849 631544251 749824922 834273075 940192294 416033543 822423134 226627410 49346553 266502791 
126931000 143270284 313778320 305121926 163448836 419172650 543152306 778345006 702045083 794548719 364770430 97463 852684083 849439384 837308677 723198694 179901630 396077745 323880445 506070817 381023609 994226231 942658118 956404922 63433180 726670667 778458407 752611248 346060797 493192422 177167540 440834062 534882406 960854775 24870453 121248117 940354217 364888274 955264133 2765257 335985020 366601472 212797193 494242320 459857015 254931722 874636521 295921544 633372093 947182906 748464099 6172811 200442022 78731554 606833187 445198177 304523665 461169038 968226766 899268079 
86182121 549610553 393768905 526666692 939617046 571891175 509941920 504511901 233180549 967661059 118700959 600209050 135029750 90250214 394687928 796667304 639214760 237193266 503433627 786982052 540878744 54884350 710980558 448224162 401636080 691681819 65948459 574800395 897126364 183712762 33066005 134195091 519073806 69321598 252610067 393769527 412448919 273719703 146651630 854599323 962290887 712328982 796774452 654565912 366888546 57511801 662289259 427087997 647228763 43597908 336753245 387108831 483717716 174459958 869580809 813139454 607442090 157143996 216551604 448752096 
536100721 199744437 717964536 80774255 202899761 919771408 286169120 958525817 41819180 887977494 367247905 358732092 471429406 223769676 707875127 899876167 980281789 518529724 106143521 87667529 655693133 207457723 996923371 303966520 319442497 350268515 518860524 93210910 425636649 448023442 166064525 641584632 614981660 247310879 191638657 826821072 11951670 410937514 708841308 686438137 87368136 617544073 901362828 953530973 134238981 840597153 830486671 940480941 545689903 530286310 953660007 12460641 404696174 861040082 651511444 506217119 278115436 768954039 591969618 137559227 
346999636 573228825 997326041 816068737 886473870 193734051 212983000 147251979 697789386 24542041 267479889 183069160 933692517 485172717 253126123 515401452 830167900 596595860 726515049 848833557 218387525 815860181 894114496 362004209 389076931 721291128 290448779 431937391 314789707 63329 568920225 368876553 158964503 454630972 805109926 452185963 555343175 283514822 48260306 198216970 605081873 464571222 603709156 372683250 8998367 100957544 603361190 469760058 111024021 849390833 425055225 173006248 952502214 326928561 163989965 410295018 570666053 688316380 825484030 454027425 
988148612 70264529 836645034 213833086 168086623 41288029 260168956 889077266 123701780 115250692 547846025 460263000 25643110 834169584 883297108 478098667 965321831 145580608 349766200 869514302 441077467 151451055 56054871 499178092 219461356 939536180 898131749 323716077 933882396 305467003 964138109 359540766 532538191 873758798 61222713 636787229 532306092 392239726 355129565 583706101 565528079 986028906 891382281 715188108 304190530 728519588 376276444 436931336 785402867 214914866 844743388 960328352 695683315 609207613 978294590 124543964 657646096 143536159 907382654 541126403 
918159310 610946415 448898079 770796796 578176753 487213394 976723202 860122484 565589513 593557459 552115624 564089720 717901309 804592003 919688173 427823578 8547606 262818715 683764211 403540199 292820276 118446612 766745277 345879496 501808299 610333236 210680981 853231245 907507184 960110995 399758515 771868626 929068005 323277530 278393447 686638329 638971006 997057312 900256124 439367343 204288439 983860462 281732860 493296599 440460357 438945710 408994961 481574462 245106718 864053678 455186556 46710685 107044385 961717593 52606567 483829438 460125447 162017602 21793168 729840825 
593823212 702742525 38488046 615008968 409819482 306249467 695292066 892494810 992052752 175579811 68130105 227262977 759575356 344506457 465271106 907609555 49106785 460241027 43444090 767524686 870850213 629478065 757632463 350613978 761875195 740389961 324614426 697827262 215336541 670364758 544835578 992143137 310393241 313415156 817011214 712252881 470484271 156249751 706347441 320139581 636390838 736996807 266415876 135850292 384161474 696783059 468803126 714236198 530189905 788990374 744378202 288520603 974170095 174343539 29604294 665399134 615880154 229959613 974953576 904152648 
543088863 918091956 173936641 211628907 216041347 246032506 28452522 349125907 232015418 459839116 122519173 73530491 91272008 527982891 505516656 317378442 340658727 280078680 120099074 399287253 334527513 137001522 873219330 456299726 846217686 436419697 738406543 29871443 260550495 784990257 737037565 610938537 924172377 615553489 761528337 475010770 443052862 820511085 5175427 6485202 903995264 128914926 757652629 968474401 646251151 125499421 356289728 345536486 751490922 765752239 779246540 162700076 394245688 130754878 139273571 365522667 398417962 378580015 867082696 418410400 
459070058 414185101 54321893 35660080 297087584 76535265 220969009 489934603 937758530 765372551 279895836 152336792 721392256 100877467 517576473 64164227 751604834 360586350 309324601 138285063 28764178 471437497 823822817 962661786 128870370 488403757 141175446 422723914 302063229 680493183 147528264 568727386 850374988 444841292 353235953 692428660 74429150 940161624 694253244 36336217 380686384 397379762 636184173 593494571 934262854 589531055 114583518 415650619 618714322 350159368 446150506 521254978 523614578 151117819 591206695 789844689 787757942 550758667 515607926 884387246 
620792150 978533330 858283847 765113817 776821717 923046339 95416092 142164208 548643194 516508719 671656446 785739171 386090993 735126148 266971660 734009297 223470780 803226865 939055802 534992660 584242215 318099534 756154420 856003200 305073300 759711544 851365129 242483871 838516854 179949018 287760459 821886624 829127348 745871868 174334081 480677713 302720797 903963901 358787410 667154322 461210075 851965549 78374948 847404848 674112245 198920878 608642342 852030688 14942199 167126053 68759882 392246381 363350291 68946618 717867133 196700880 800934467 513418613 821567608 981792052 
913462847 289658945 193201729 539813273 831426553 147663054 578105138 745721105 16852755 938033257 192216607 822263965 454173396 679073339 831580049 498157623 729230412 10024521 215563721 320066737 222226544 678120347 148108802 438860770 808204127 396468384 26045403 718093493 363993039 932659389 27578795 737970868 801708276 234985507 726051722 373635274 261266546 63452369 369484668 129572205 309788726 167397292 504264699 570670512 218397753 231034948 417941021 941163376 969448612 671358303 82974824 310940854 250712645 416432785 388576902 540478048 28587571 780502115 443203293 991795574 
4254407 977423194 479842365 837566177 70757835 608707353 115000436 537029392 468373643 559780293 481359185 552879509 877752314 742105819 537953237 812146184 882743079 62851457 258470738 402093911 307765652 579378096 989593524 287690177 690199019 659034409 716600857 876930117 909433692 304684194 662515288 876218797 676379668 539900395 8718150 147688112 698983023 282863124 990611437 367213478 456123094 271794609 557936280 706506430 761011835 65932679 379682266 876690574 675476810 197908817 577874666 60047111 159468019 178523426 641294792 802880080 957413269 343449048 913273992 600729781 
512836688 893866776 776621059 137012839 961890349 431386081 310527305 624296634 474153836 324873174 378063355 240148908 115278154 114822416 611684872 454181547 453800512 744850128 978831313 457826398 266685819 767696018 972150262 786136383 528300012 234692626 215911930 106765873 863793008 513689073 217246104 616066713 645002610 731509150 930440060 859221047 871356835 485987719 841178113 183206382 786428951 531486205 151391435 972699087 577302014 259107966 380225025 747303201 424543225 863888032 557719498 885961853 226504008 160228842 735662183 601483231 106919556 747600107 572308804 809362040 
649710772 582644103 913617435 109304435 772949960 411532129 313000558 439845596 473654192 815880042 379282329 242642469 418641710 892962538 4133290 662705337 143211668 973082358 967714329 968257781 880047903 780644871 602083532 254235757 449541408 176916852 89615140 471777112 115542227 195383112 550865964 78942974 297137598 800473997 978711185 674100828 685552117 38034444 634427311 229628868 898110090 917395497 807861060 58447500 204025024 924968819 555191557 814683878 482510107 232303686 196725183 706099240 206491076 407714475 415930058 115636601 873989779 90993265 764554625 553384822 
709069249 43079996 624449507 57247472 720755835 835440563 753303555 6991856 147212850 49934167 171899678 906175825 595302024 849850851 371938839 691697027 540363000 229497552 936111613 927144434 961654896 836773729 404973421 709696056 647240336 650536622 526626768 48108479 387897719 85041699 592517480 292747471 502616568 481828295 234681699 547993635 472462270 433562231 392347985 32229067 232477228 306244551 852008067 675079610 347106955 562985109 324742985 474745241 599770867 573447638 670112684 702795212 852434129 581886409 439287095 806218524 252685903 366371729 105863574 325225363 
161580369 497735622 16998687 199585232 990066145 129589311 907122517 590763970 551887028 883198138 436453219 46782258 953437276 395706487 55211975 564686773 125287860 804458676 597756559 256859431 795923361 603839047 537543636 557260467 90544350 368410203 679022895 522823984 410036713 258232913 395560420 480087562 751377806 233724296 889455806 485388832 686933301 766918670 12345839 214625709 68878786 838979237 56520078 849105239 972399018 291297724 63331202 450478573 226400655 979661427 423879109 544588221 976120128 629978874 83820498 766853742 604190384 379529744 488641205 185072445 
66490085 9263424 9103782 651098924 790802411 1501730 86130721 2313147 574654522 143895830 750199731 589702063 795682503 193946054 954731743 121330679 285646156 364596253 533452583 976010462 101629187 44239867 54138435 95032587 753454903 911961817 661885798 837073992 535893912 442558429 618403839 504572323 656214800 224361553 533491979 701763988 669031806 787974335 601951834 375937247 103214725 228809386 116187124 420696651 368196983 269424014 22191300 474557783 309085035 925955755 712120065 400350718 925550369 206570237 750288378 134722094 431443398 587765318 85239759 238457768 
239356766 564428158 570028094 314443387 551673686 881735710 763447962 963158467 681456399 152828752 765459572 475977970 412936309 279689114 198313607 108165315 982920148 386323274 708431075 267311631 210912200 935154869 592037117 347307458 680620477 243802998 892382199 220719562 34312466 904916029 341257777 849465300 436061964 19198977 161865503 371368819 432995569 916459662 325274329 799679095 373259276 777603307 363971325 83505816 114808003 573385310 359026411 381844003 307010347 261986663 808099360 353791217 792620583 166574922 590216215 132779790 431249838 514801358 864173315 511528236 
116853029 740290061 753796622 190114772 659700792 263233048 118292207 808426449 352504317 9397457 439566392 230558429 107080139 260967300 252046477 252985866 955489987 375586847 954158589 221323928 792137744 411200237 380742745 515685932 773268595 669101347 870543442 706528038 319937376 375914754 326584265 523241485 269108602 397712426 113626746 675248244 778476293 815869537 585322917 689012403 847806929 626519535 890299988 815435478 498672997 107757533 260772842 210459759 604560605 283484328 977382321 191203178 992874885 405981619 34038849 782137591 297787731 937881285 836124469 62401791 
107385487 73838117 497815068 152121698 888310400 899281041 534119433 205290001 79475123 12245075 418141780 719802238 475701411 798813707 425615173 494507773 643932785 270234778 428373521 353378230 808178302 410883187 33587298 7214471 685983258 560287252 14463116 58113712 957167621 582804373 363196282 47650429 487163683 361880561 734022928 856980947 64095549 901002666 906153210 704560721 538757664 541926707 652064877 971101144 864795626 869746563 847252232 553849523 910071699 152664573 3558136 791786781 817192805 929554219 914293150 36633975 119490145 97362048 812013839 275734492 
403583518 123701601 611871706 728820469 373963531 775454537 711904547 429591788 163615935 155557440 185623899 702145544 603851440 594264947 497599064 250134188 263478575 965869302 297857161 473588080 678089332 52743178 955410877 955720311 955292219 319767870 289675704 688360651 13144370 775839383 335804773 261865486 614363616 912235405 880775282 244728113 991546289 741906940 361476434 534080673 540336414 159204741 807672551 955304988 602302626 379176385 418246574 218542723 453680415 822245546 769207046 858642792 27374994 367820204 29663249 122360381 203593632 959774598 311484760 819662144 
217192490 876226308 559450548 623308174 430445968 234066342 286606921 422335281 582074009 548024947 554780315 550975151 650305228 932781311 19454157 638304506 255166161 205371718 635677318 439539539 1138427 71264193 165273692 986226530 853097444 54906148 476749382 552364584 648631729 862078186 852420524 906406394 259228639 170845926 16161587 113857865 279190703 716012349 202781649 302710031 604437815 878075506 898611141 900540575 280058536 427730774 350558096 40680437 953529197 425583192 971132919 667641311 39199989 254683718 905766806 163282818 850151788 385031053 498818727 510600283 
367681936 169056769 976424521 157252905 306012228 422632698 648900689 325936627 867766400 738973878 933661287 816928328 78675408 574957887 978952108 21788528 581040670 523022661 580092850 935264944 476907731 101210182 309016487 171333371 403764607 485700391 665013753 142483823 387420288 360559356 401618284 478219300 960553158 228758657 998869441 918024799 194500582 996334212 404692488 51402658 161692531 970474941 45254689 402606437 881733960 257553908 344927903 669703328 827567592 740216704 391251330 204860201 189617798 748674718 385331026 602185520 245415064 367956039 391210200 278847156 
961321095 100679356 893936162 969186069 108843210 924630529 384591529 950795112 254523612 499726987 263729034 670988749 848017953 523583526 765370561 468359016 187872709 136825608 896503444 225267052 278914881 387605323 248684300 109991699 975220543 706238665 533354612 961549376 299281620 604083195 354675120 838437806 757251656 257536570 528480294 15283914 658399721 54332095 879835399 517884779 146880656 94088640 250881209 130790712 521385299 844238696 636694431 569841136 944670648 835173214 712218948 804461798 170361198 850784927 272679772 447718731 483536159 176219361 986402471 622751272 
979175162 127338799 675228770 427759037 131316051 879019221 563371099 221507464 383285497 908258282 276733851 749773272 834372660 762116868 719782553 224790961 184156380 589896977 749535921 356941157 434075539 382178823 573968244 606244731 700209585 303859400 518773612 104328373 118634283 973049162 266152934 523373391 617199107 746057348 247371449 753895789 441580600 358293165 751688112 300543527 780106937 719187998 778871503 786624874 80333841 832373384 671433042 435135719 898895279 863601366 402423543 587292930 642395178 520761575 287910510 367450544 257630626 154936220 850587934 5098342 
242273795 822077265 130881405 777403498 482264949 742953420 229334115 229316680 290769134 649012188 283535795 15457025 418646231 878700558 635270018 908589919 3586446 311160284 250994570 442782818 180096044 605510207 623673697 722782104 159451133 583923818 419279317 643887085 708746609 120467312 741693626 658064132 931059597 383436219 392454016 224425464 896303858 218339553 657886800 660728003 910867918 295032148 314801328 737876851 799100414 443305731 982150825 93098237 16904581 392200406 975710525 69252105 283601716 457774182 501370518 554976401 188698916 536834980 238696040 655857214 
929285104 242091950 795547021 361776789 133527244 914216349 236879820 533109709 434785825 812455553 647521975 625972484 755716176 848958697 561977338 212990686 34661971 562880358 553930769 333284173 840155012 873195215 703093019 750982126 864829144 335397873 541214943 446273765 111430155 36786962 621194427 891528540 551055545 232764878 794498263 409288000 847661313 507982039 227712795 890100640 587097085 163985891 419242361 894754726 641984482 380941167 208602540 751327107 666035935 700113278 449585129 103334766 58349538 239472766 54124556 729193421 712458491 289316567 334150989 206735988 
411041144 807918736 961572446 335899761 441531041 785653701 486834259 432679040 878476017 30508463 261019664 216885143 390132080 206342026 836698830 208624940 257357673 418902769 756171216 120782101 722534347 836348347 747591116 850377999 974868729 903898689 353129538 35488808 332059505 393422153 249037868 442190666 455919054 209784291 178028157 112318637 104029318 326381604 692096587 960879098 921680889 583533590 822211226 294360762 69319669 936371768 805294893 80603743 727287218 790024327 958997669 870072946 401800668 601361647 456054752 631396210 790018692 173619423 142823141 174036604 
153010986 99762567 243440628 624513592 717222581 876482818 172436891 643747497 375674713 40963388 514484276 425001608 449115707 121487737 800690010 171520587 937027100 970271615 837609262 355625207 893133927 956204330 143216634 299731923 866044367 52341176 683480321 231920909 358659244 228224200 744452461 870568555 356560615 105235412 264221192 783814379 827776115 721152977 76700743 486290435 240349211 106688541 314121778 610666256 5597329 608174446 126856056 762233909 174773193 818944721 475107731 788376615 291002628 35728757 612756237 491654265 893805744 306265454 965822025 558171059 
814157326 447909018 398515153 188910723 617368672 833736715 301644328 973601148 131316969 38532354 999531607 743374619 984126535 274585725 658460746 486557074 404719436 990884053 903290329 620743694 826796253 58107646 715664793 487699719 37901134 242150698 958821625 143894305 764278897 754841583 687964164 664877874 732872084 744093738 202526117 129141649 216384189 340138465 695885994 697942893 865199550 925769032 312976524 303713791 867339583 908227381 216455460 419039929 124829443 286249666 920487730 94752040 137776352 38727307 489815633 109876919 9898470 583414977 797166628 513512474 
779903237 785251802 664137916 300761841 683357272 824224614 616072711 818070209 469256187 953771157 327237710 330682271 53557281 374264720 845283930 376063335 803209240 431566925 788113047 23510412 836032402 668985781 495056631 588796170 709736986 215701947 92953632 92922236 337106983 768083515 296220403 655305285 292727905 321368068 391221581 134640822 629102576 330204110 517535739 882589482 102202832 136354905 363431024 387173070 109594003 752400010 157791013 331051675 496726991 705524518 820528519 375073793 382819511 506601275 805384657 419200914 813769633 892178818 375163475 427765478 
293235096 744005512 214202971 347774245 601898069 721089063 727806996 86449752 331089970 329346190 703467777 320341419 9631382 981148203 457316463 990588480 62942218 679986746 913542907 991319743 597475117 406781560 383134195 569905592 130697825 670463455 73105048 805697019 188522210 854706423 125387405 971925140 788761742 237689859 471560186 239141878 336210140 842823235 672308585 561750048 788461555 899673894 133154398 439168537 27516762 344121478 457566400 541912276 437490888 184339140 980380383 529642739 6124673 289072012 128413369 140477810 209800507 797262293 10640857 928974406 
542815017 250483769 716191827 689973387 746090140 393361379 706352166 749204926 918562516 354995614 423903806 198910596 894758907 7348994 688185163 470964713 212739705 891907413 99444841 705984865 114272319 236095855 856055852 57567824 406011664 889696543 507865193 330321932 659675537 105882037 876061836 643458887 47600422 715008631 662478098 611757935 414871975 434613657 185532827 742662190 690431372 871469476 968668770 354412251 885128296 604468242 12919006 359276265 640427587 282505236 103883736 699453339 667137266 324289237 646838350 422962141 71833355 842190821 372181964 679155009 
868217489 902538607 11053947 185267065 361342363 992828911 195886321 269707743 366472621 223150388 128554137 993409503 545517961 614633787 213813677 725155242 658939260 443180725 484296829 439693773 669663742 232169494 920358238 377146922 445350643 867967581 173195779 322619632 668717126 32214396 444950321 950118367 451137774 217303361 92197337 937866546 629772338 69591671 554748087 782700221 69848816 431530799 202747857 345083120 316178111 594762988 426583724 4101271 113258652 977612245 882889869 152273684 901430503 741881309 549540024 133872160 817412435 345566710 410256728 597954232 
568952486 200402049 785833647 476028861 30281271 15203057 40651804 889822711 866855407 571292719 522643064 134316588 970271512 953385732 450175940 358420474 170001508 99671055 190136076 705593420 705406688 578242490 177405137 643304221 75470281 805517134 739868327 781901089 280040168 707482603 613633684 409375459 84004029 942256992 552233745 339343448 509348553 492679436 702302135 340309096 920595653 442377066 547479401 549121432 717442359 425434272 45396306 108188091 97299103 773411604 505201859 859649371 103872928 512043627 110921087 515658629 284702040 451517194 729787171 635949900 
449414541 809762492 678361304 255137460 6260863 237666664 476158412 704370134 5173063 369585146 765016151 304895380 67864490 810079999 172385209 151279422 17775065 749817087 76856810 759623221 400934781 715518960 559577509 492052110 526140505 746767314 701776943 320516781 614576636 66553696 525939708 745491523 555630530 140518912 530687947 155356230 136917771 664506636 834635420 153317969 767223979 876529456 262388754 601203230 231906757 876115472 544210113 432124021 158476686 390514987 974983537 214419802 666786360 59004613 287226667 13595136 562025877 250272011 827324045 21483253 
